NOMEDEP;DE;DISTR;MUN;TIPOESC;COD_ESC;NOMESC;DS_PAIS;Nº ALUNOS
ESTADUAL - OUTROS;ADAMANTINA;ADAMANTINA;ADAMANTINA;11;31082;EUDECIO LUIZ VICENTE PROF ETEC;Japão;1
ESTADUAL - OUTROS;ADAMANTINA;ADAMANTINA;ADAMANTINA;11;31100;HERVAL BELLUSCI ENGENHEIRO ETEC;Paraguai;2
ESTADUAL - OUTROS;ADAMANTINA;OSVALDO CRUZ;OSVALDO CRUZ;11;915865;AMIM JUNDI ETEC;Japão;1
ESTADUAL - OUTROS;AMERICANA;AMERICANA;AMERICANA;11;45962;POLIVALENTE DE AMERICANA ETEC;Bolívia;3
ESTADUAL - OUTROS;AMERICANA;AMERICANA;AMERICANA;11;45962;POLIVALENTE DE AMERICANA ETEC;China;1
ESTADUAL - OUTROS;AMERICANA;AMERICANA;AMERICANA;11;45962;POLIVALENTE DE AMERICANA ETEC;Haiti;1
ESTADUAL - OUTROS;AMERICANA;AMERICANA;AMERICANA;11;45962;POLIVALENTE DE AMERICANA ETEC;Japão;1
ESTADUAL - OUTROS;AMERICANA;AMERICANA;AMERICANA;11;45962;POLIVALENTE DE AMERICANA ETEC;Peru;2
ESTADUAL - OUTROS;AMERICANA;SANTA BARBARA D'OESTE;SANTA BARBARA D'OESTE;11;925950;JOSE DAGNONI DR PROF ETEC;Haiti;1
ESTADUAL - OUTROS;AMERICANA;SANTA BARBARA D'OESTE;SANTA BARBARA D'OESTE;11;925950;JOSE DAGNONI DR PROF ETEC;Marrocos;1
ESTADUAL - OUTROS;ANDRADINA;ILHA SOLTEIRA;ILHA SOLTEIRA;11;920548;ILHA SOLTEIRA ETEC DE;Peru;1
ESTADUAL - OUTROS;APIAI;APIAI;APIAI;11;564916;ETEC DE APIAI;Espanha;1
ESTADUAL - OUTROS;ARACATUBA;ARACATUBA;ARACATUBA;11;345623;ARACATUBA ETEC DE;Colômbia;1
ESTADUAL - OUTROS;ARARAQUARA;ARARAQUARA;ARARAQUARA;11;21842;ANNA DE OLIVEIRA FERRAZ PROFA ETEC;Angola;1
ESTADUAL - OUTROS;ARARAQUARA;ARARAQUARA;ARARAQUARA;11;21842;ANNA DE OLIVEIRA FERRAZ PROFA ETEC;Japão;1
ESTADUAL - OUTROS;ARARAQUARA;ARARAQUARA;ARARAQUARA;11;21842;ANNA DE OLIVEIRA FERRAZ PROFA ETEC;Venezuela;1
ESTADUAL - OUTROS;ARARAQUARA;MATAO;MATAO;11;907042;SYLVIO DE MATTOS CARVALHO PROF DR ETEC;Japão;1
ESTADUAL - OUTROS;BARRETOS;BARRETOS;BARRETOS;11;22248;RAPHAEL BRANDAO CEL ETEC;Camarões;2
ESTADUAL - OUTROS;BARRETOS;OLIMPIA;OLIMPIA;11;440115;ETEC PROFESSOR JOSE CARLOS SENO JUNIOR;Estados Unidos da América;1
ESTADUAL - OUTROS;BAURU;BAURU;BAURU;11;290695;RODRIGUES DE ABREU ETEC;Angola;2
ESTADUAL - OUTROS;BAURU;BAURU;BAURU;11;290695;RODRIGUES DE ABREU ETEC;Japão;2
ESTADUAL - OUTROS;BAURU;BAURU;BAURU;11;290695;RODRIGUES DE ABREU ETEC;Nigéria;2
ESTADUAL - OUTROS;BAURU;BAURU;BAURU;11;290695;RODRIGUES DE ABREU ETEC;Paraguai;2
ESTADUAL - OUTROS;BAURU;BAURU;BAURU;26;922948;COL TEC INDUSTRIAL PROF ISAAC PORTAL ROLDAN UNESP;Itália;2
ESTADUAL - OUTROS;BAURU;BAURU;BAURU;26;922948;COL TEC INDUSTRIAL PROF ISAAC PORTAL ROLDAN UNESP;Japão;2
ESTADUAL - OUTROS;BAURU;BAURU;BAURU;26;922948;COL TEC INDUSTRIAL PROF ISAAC PORTAL ROLDAN UNESP;Portugal;2
ESTADUAL - OUTROS;BOTUCATU;BOTUCATU;BOTUCATU;11;14722;DOMINGOS MINICUCCI FILHO DR ETEC;Bolívia;2
ESTADUAL - OUTROS;BOTUCATU;BOTUCATU;BOTUCATU;11;14722;DOMINGOS MINICUCCI FILHO DR ETEC;Paraguai;1
ESTADUAL - OUTROS;BOTUCATU;BOTUCATU;BOTUCATU;11;14722;DOMINGOS MINICUCCI FILHO DR ETEC;Venezuela;1
ESTADUAL - OUTROS;BRAGANCA PAULISTA;ATIBAIA;ATIBAIA;11;290634;CARMINE BIAGIO TUNDISI PROF ETEC;Japão;1
ESTADUAL - OUTROS;CAIEIRAS;FRANCISCO MORATO;FRANCISCO MORATO;11;440036;FRANCISCO MORATO ETEC DE;Bolívia;3
ESTADUAL - OUTROS;CAMPINAS LESTE;CAMPINAS LESTE;CAMPINAS;2;4060;CENTRO DE CONVIVENCIA INFANTIL INTEGRAL;Colômbia;2
ESTADUAL - OUTROS;CAMPINAS LESTE;CAMPINAS LESTE;CAMPINAS;2;4060;CENTRO DE CONVIVENCIA INFANTIL INTEGRAL;Moçambique;3
ESTADUAL - OUTROS;CAMPINAS LESTE;CAMPINAS LESTE;CAMPINAS;2;4060;CENTRO DE CONVIVENCIA INFANTIL INTEGRAL;Peru;2
ESTADUAL - OUTROS;CAMPINAS LESTE;CAMPINAS LESTE;CAMPINAS;2;4060;CENTRO DE CONVIVENCIA INFANTIL INTEGRAL;Venezuela;1
ESTADUAL - OUTROS;CAMPINAS LESTE;CAMPINAS LESTE;CAMPINAS;27;45949;CAMPINAS COLEGIO TECNICO DE  UNICAMP;Bolívia;1
ESTADUAL - OUTROS;CAMPINAS LESTE;CAMPINAS LESTE;CAMPINAS;27;45949;CAMPINAS COLEGIO TECNICO DE  UNICAMP;Dominicana, República;2
ESTADUAL - OUTROS;CAMPINAS LESTE;CAMPINAS LESTE;CAMPINAS;27;45949;CAMPINAS COLEGIO TECNICO DE  UNICAMP;França;1
ESTADUAL - OUTROS;CAMPINAS LESTE;CAMPINAS LESTE;CAMPINAS;27;45949;CAMPINAS COLEGIO TECNICO DE  UNICAMP;Japão;1
ESTADUAL - OUTROS;CAMPINAS LESTE;CAMPINAS OESTE;CAMPINAS;11;18363;BENTO QUIRINO ETEC;Angola;1
ESTADUAL - OUTROS;CAMPINAS LESTE;CAMPINAS OESTE;CAMPINAS;11;18363;BENTO QUIRINO ETEC;Estados Unidos da América;1
ESTADUAL - OUTROS;CAMPINAS LESTE;CAMPINAS OESTE;CAMPINAS;11;18363;BENTO QUIRINO ETEC;Haiti;2
ESTADUAL - OUTROS;CAMPINAS LESTE;CAMPINAS OESTE;CAMPINAS;11;18363;BENTO QUIRINO ETEC;Peru;1
ESTADUAL - OUTROS;CAMPINAS LESTE;CAMPINAS OESTE;CAMPINAS;11;18363;BENTO QUIRINO ETEC;Portugal;1
ESTADUAL - OUTROS;CAMPINAS LESTE;CAMPINAS OESTE;CAMPINAS;11;45937;ANTONIO PRADO CONSELHEIRO ETEC;Espanha;1
ESTADUAL - OUTROS;CAMPINAS LESTE;CAMPINAS OESTE;CAMPINAS;11;45937;ANTONIO PRADO CONSELHEIRO ETEC;Haiti;2
ESTADUAL - OUTROS;CAMPINAS LESTE;CAMPINAS OESTE;CAMPINAS;11;45937;ANTONIO PRADO CONSELHEIRO ETEC;Japão;3
ESTADUAL - OUTROS;CAMPINAS LESTE;CAMPINAS OESTE;CAMPINAS;11;45937;ANTONIO PRADO CONSELHEIRO ETEC;Reino Unido da Grã-Bretanha e Irlanda do Norte;1
ESTADUAL - OUTROS;CARAGUATATUBA;CARAGUATATUBA;CARAGUATATUBA;11;434607;CARAGUATATUBA ETEC DE;Estados Unidos da América;1
ESTADUAL - OUTROS;CARAGUATATUBA;CARAGUATATUBA;CARAGUATATUBA;11;434607;CARAGUATATUBA ETEC DE;Japão;2
ESTADUAL - OUTROS;CARAGUATATUBA;SAO SEBASTIAO;SAO SEBASTIAO;11;406302;SAO SEBASTIAO ETEC DE;Argentina;1
ESTADUAL - OUTROS;CARAPICUIBA;CARAPICUIBA;CARAPICUIBA;11;290737;CARAPICUIBA ETEC DE;Bolívia;3
ESTADUAL - OUTROS;CATANDUVA;NOVO HORIZONTE;NOVO HORIZONTE;11;434619;MARINES TEODORO DE FREITAS ALMEIDA PROFA ETEC;Japão;1
ESTADUAL - OUTROS;CATANDUVA;NOVO HORIZONTE;NOVO HORIZONTE;11;434619;MARINES TEODORO DE FREITAS ALMEIDA PROFA ETEC;Portugal;1
ESTADUAL - OUTROS;CENTRO;BOM RETIRO;SAO PAULO;11;910818;SAO PAULO ETEC DE;Argentina;4
ESTADUAL - OUTROS;CENTRO;BOM RETIRO;SAO PAULO;11;910818;SAO PAULO ETEC DE;Bolívia;5
ESTADUAL - OUTROS;CENTRO;BOM RETIRO;SAO PAULO;11;910818;SAO PAULO ETEC DE;Canadá;1
ESTADUAL - OUTROS;CENTRO;BOM RETIRO;SAO PAULO;11;910818;SAO PAULO ETEC DE;Coreia do Sul;3
ESTADUAL - OUTROS;CENTRO;BOM RETIRO;SAO PAULO;11;910818;SAO PAULO ETEC DE;Japão;3
ESTADUAL - OUTROS;CENTRO;BOM RETIRO;SAO PAULO;11;910818;SAO PAULO ETEC DE;Peru;1
ESTADUAL - OUTROS;CENTRO;BRAS;SAO PAULO;11;1594;CARLOS DE CAMPOS ETEC;Bolívia;5
ESTADUAL - OUTROS;CENTRO;BRAS;SAO PAULO;11;1594;CARLOS DE CAMPOS ETEC;Congo, República do;1
ESTADUAL - OUTROS;CENTRO;BRAS;SAO PAULO;11;1594;CARLOS DE CAMPOS ETEC;Haiti;2
ESTADUAL - OUTROS;CENTRO;BRAS;SAO PAULO;11;1594;CARLOS DE CAMPOS ETEC;Peru;1
ESTADUAL - OUTROS;CENTRO;CASA VERDE;SAO PAULO;11;486;ALBERT EINSTEIN ETEC;Angola;2
ESTADUAL - OUTROS;CENTRO;CASA VERDE;SAO PAULO;11;486;ALBERT EINSTEIN ETEC;Argentina;1
ESTADUAL - OUTROS;CENTRO;CASA VERDE;SAO PAULO;11;486;ALBERT EINSTEIN ETEC;Bolívia;6
ESTADUAL - OUTROS;CENTRO;CASA VERDE;SAO PAULO;11;486;ALBERT EINSTEIN ETEC;Espanha;1
ESTADUAL - OUTROS;CENTRO;CASA VERDE;SAO PAULO;11;486;ALBERT EINSTEIN ETEC;Japão;1
ESTADUAL - OUTROS;CENTRO;SANTA CECILIA;SAO PAULO;11;560112;SEBRAE ETEC;Bolívia;2
ESTADUAL - OUTROS;CENTRO;SANTANA;SAO PAULO;11;304815;PARQUE DA JUVENTUDE ETEC;Bolívia;3
ESTADUAL - OUTROS;CENTRO;SANTANA;SAO PAULO;11;304815;PARQUE DA JUVENTUDE ETEC;Espanha;2
ESTADUAL - OUTROS;CENTRO;SANTANA;SAO PAULO;11;304815;PARQUE DA JUVENTUDE ETEC;Japão;1
ESTADUAL - OUTROS;CENTRO;SANTANA;SAO PAULO;11;304815;PARQUE DA JUVENTUDE ETEC;Togo;2
ESTADUAL - OUTROS;CENTRO;SANTANA;SAO PAULO;11;393400;ARTES ETEC DE;Chile;1
ESTADUAL - OUTROS;CENTRO;SANTANA;SAO PAULO;11;393400;ARTES ETEC DE;Coreia do Sul;2
ESTADUAL - OUTROS;CENTRO;SANTANA;SAO PAULO;11;393400;ARTES ETEC DE;Peru;2
ESTADUAL - OUTROS;CENTRO;SANTANA;SAO PAULO;11;393400;ARTES ETEC DE;Portugal;1
ESTADUAL - OUTROS;CENTRO;VILA GUILHERME;SAO PAULO;11;954;HORACIO AUGUSTO DA SILVEIRA PROF ETEC;África do Sul;2
ESTADUAL - OUTROS;CENTRO;VILA GUILHERME;SAO PAULO;11;954;HORACIO AUGUSTO DA SILVEIRA PROF ETEC;Angola;2
ESTADUAL - OUTROS;CENTRO;VILA GUILHERME;SAO PAULO;11;954;HORACIO AUGUSTO DA SILVEIRA PROF ETEC;Bolívia;52
ESTADUAL - OUTROS;CENTRO;VILA GUILHERME;SAO PAULO;11;954;HORACIO AUGUSTO DA SILVEIRA PROF ETEC;Japão;1
ESTADUAL - OUTROS;CENTRO;VILA GUILHERME;SAO PAULO;11;954;HORACIO AUGUSTO DA SILVEIRA PROF ETEC;Peru;1
ESTADUAL - OUTROS;CENTRO;VILA GUILHERME;SAO PAULO;11;954;HORACIO AUGUSTO DA SILVEIRA PROF ETEC;Venezuela;2
ESTADUAL - OUTROS;CENTRO OESTE;BUTANTA;SAO PAULO;11;439186;CEPAM ETEC;Cuba;1
ESTADUAL - OUTROS;CENTRO OESTE;BUTANTA;SAO PAULO;11;439186;CEPAM ETEC;Peru;1
ESTADUAL - OUTROS;CENTRO OESTE;BUTANTA;SAO PAULO;28;46024;ESCOLA DE APLICACAO DA FACULDADE DE EDUCACAO DA USP;Estados Unidos da América;2
ESTADUAL - OUTROS;CENTRO OESTE;BUTANTA;SAO PAULO;28;337948;CENTRAL CRECHE PRE ESCOLA  COSEAS USP;Colômbia;1
ESTADUAL - OUTROS;CENTRO OESTE;BUTANTA;SAO PAULO;28;337948;CENTRAL CRECHE PRE ESCOLA  COSEAS USP;Nigéria;1
ESTADUAL - OUTROS;CENTRO OESTE;CAMPO BELO;SAO PAULO;11;457450;JORNALISTA ROBERTO MARINHO ESCOLA TECNICA ESTADUAL;Angola;2
ESTADUAL - OUTROS;CENTRO OESTE;RAPOSO TAVARES;SAO PAULO;11;438418;UIRAPURU ESCOLA TECNICA ESTADUAL;Bolívia;2
ESTADUAL - OUTROS;CENTRO OESTE;RAPOSO TAVARES;SAO PAULO;11;438418;UIRAPURU ESCOLA TECNICA ESTADUAL;Haiti;1
ESTADUAL - OUTROS;CENTRO OESTE;RAPOSO TAVARES;SAO PAULO;11;438418;UIRAPURU ESCOLA TECNICA ESTADUAL;Uruguai;2
ESTADUAL - OUTROS;CENTRO OESTE;VILA LEOPOLDINA;SAO PAULO;11;3608;BASILIDES DE GODOY PROF ETEC;Bolívia;2
ESTADUAL - OUTROS;CENTRO OESTE;VILA LEOPOLDINA;SAO PAULO;11;3608;BASILIDES DE GODOY PROF ETEC;Haiti;1
ESTADUAL - OUTROS;CENTRO OESTE;VILA LEOPOLDINA;SAO PAULO;11;3608;BASILIDES DE GODOY PROF ETEC;Paraguai;2
ESTADUAL - OUTROS;CENTRO SUL;BELA VISTA;SAO PAULO;11;299364;MARIA AUGUSTA SARAIVA DRA ETEC;Bolívia;6
ESTADUAL - OUTROS;CENTRO SUL;BELA VISTA;SAO PAULO;11;299364;MARIA AUGUSTA SARAIVA DRA ETEC;Peru;1
ESTADUAL - OUTROS;CENTRO SUL;BELA VISTA;SAO PAULO;11;299364;MARIA AUGUSTA SARAIVA DRA ETEC;Venezuela;1
ESTADUAL - OUTROS;CENTRO SUL;IPIRANGA;SAO PAULO;11;4352;GETULIO VARGAS ETEC;Bolívia;6
ESTADUAL - OUTROS;CENTRO SUL;IPIRANGA;SAO PAULO;11;4352;GETULIO VARGAS ETEC;Estados Unidos da América;1
ESTADUAL - OUTROS;CENTRO SUL;IPIRANGA;SAO PAULO;11;4352;GETULIO VARGAS ETEC;Finlândia;1
ESTADUAL - OUTROS;CENTRO SUL;IPIRANGA;SAO PAULO;11;4352;GETULIO VARGAS ETEC;Haiti;2
ESTADUAL - OUTROS;CENTRO SUL;IPIRANGA;SAO PAULO;11;4352;GETULIO VARGAS ETEC;Japão;2
ESTADUAL - OUTROS;CENTRO SUL;IPIRANGA;SAO PAULO;11;434632;ETEC DE HELIOPOLIS;Bolívia;1
ESTADUAL - OUTROS;CENTRO SUL;MOOCA;SAO PAULO;11;1636;CAMARGO ARANHA PROF ETEC;Bolívia;5
ESTADUAL - OUTROS;CENTRO SUL;MOOCA;SAO PAULO;11;1636;CAMARGO ARANHA PROF ETEC;Bulgária;1
ESTADUAL - OUTROS;CENTRO SUL;MOOCA;SAO PAULO;11;1636;CAMARGO ARANHA PROF ETEC;Colômbia;1
ESTADUAL - OUTROS;CENTRO SUL;MOOCA;SAO PAULO;11;1636;CAMARGO ARANHA PROF ETEC;Estados Unidos da América;1
ESTADUAL - OUTROS;CENTRO SUL;MOOCA;SAO PAULO;11;1636;CAMARGO ARANHA PROF ETEC;Filipinas;1
ESTADUAL - OUTROS;CENTRO SUL;MOOCA;SAO PAULO;11;1636;CAMARGO ARANHA PROF ETEC;Japão;1
ESTADUAL - OUTROS;CENTRO SUL;MOOCA;SAO PAULO;11;1636;CAMARGO ARANHA PROF ETEC;Nigéria;1
ESTADUAL - OUTROS;CENTRO SUL;MOOCA;SAO PAULO;11;1636;CAMARGO ARANHA PROF ETEC;Portugal;1
ESTADUAL - OUTROS;CENTRO SUL;VILA PRUDENTE;SAO PAULO;11;1946;JOSE ROCHA MENDES ETEC;Bolívia;3
ESTADUAL - OUTROS;CENTRO SUL;VILA PRUDENTE;SAO PAULO;11;1946;JOSE ROCHA MENDES ETEC;Burundi;1
ESTADUAL - OUTROS;CENTRO SUL;VILA PRUDENTE;SAO PAULO;11;1946;JOSE ROCHA MENDES ETEC;Japão;2
ESTADUAL - OUTROS;CENTRO SUL;VILA PRUDENTE;SAO PAULO;11;1946;JOSE ROCHA MENDES ETEC;Peru;2
ESTADUAL - OUTROS;DIADEMA;DIADEMA;DIADEMA;11;345891;JUSCELINO KUBITSCHEK DE OLIVEIRA ETEC;Estados Unidos da América;1
ESTADUAL - OUTROS;DIADEMA;DIADEMA;DIADEMA;11;345891;JUSCELINO KUBITSCHEK DE OLIVEIRA ETEC;Venezuela;1
ESTADUAL - OUTROS;FRANCA;FRANCA;FRANCA;11;22810;JULIO CARDOSO DR ETEC;Venezuela;3
ESTADUAL - OUTROS;GUARATINGUETA;CRUZEIRO;CRUZEIRO;11;12518;JOSE SANTANA DE CASTRO PROF ETEC;Japão;1
ESTADUAL - OUTROS;GUARATINGUETA;GUARATINGUETA;GUARATINGUETA;11;12658;ALFREDO DE BARROS SANTOS PROF ETEC;Equador;1
ESTADUAL - OUTROS;GUARATINGUETA;GUARATINGUETA;GUARATINGUETA;11;12658;ALFREDO DE BARROS SANTOS PROF ETEC;Japão;1
ESTADUAL - OUTROS;ITAPETININGA;ITAPETININGA;ITAPETININGA;11;478015;DARCY PEREIRA DE MORAES ETEC;Japão;1
ESTADUAL - OUTROS;ITAPETININGA;TATUI;TATUI;11;16724;SALLES GOMES ETEC;Itália;2
ESTADUAL - OUTROS;ITAPEVI;SANTANA DE PARNAIBA;SANTANA DE PARNAIBA;11;479585;BARTOLOMEU BUENO DA SILVA ANHANGUERA ETEC;Estados Unidos da América;1
ESTADUAL - OUTROS;ITAQUAQUECETUBA;ITAQUAQUECETUBA;ITAQUAQUECETUBA;11;446836;ITAQUAQUECETUBA ETEC DE;Bolívia;1
ESTADUAL - OUTROS;ITU;CERQUILHO;CERQUILHO;11;446749;CERQUILHO ETEC DE;Bolívia;2
ESTADUAL - OUTROS;ITU;ITU;ITU;11;15659;MARTINHO DI CIERO ETEC;Argentina;1
ESTADUAL - OUTROS;ITU;ITU;ITU;11;15659;MARTINHO DI CIERO ETEC;Portugal;1
ESTADUAL - OUTROS;ITU;TIETE;TIETE;11;446713;NELSON ALVES VIANNA DR ETEC;Japão;1
ESTADUAL - OUTROS;JABOTICABAL;MONTE ALTO;MONTE ALTO;11;462421;ALCIDES CESTARI ETEC;Haiti;1
ESTADUAL - OUTROS;JACAREI;JACAREI;JACAREI;11;13961;JOSE BENTO CONEGO ETEC;Japão;1
ESTADUAL - OUTROS;JAU;JAU;JAU;11;25641;JOAQUIM FERREIRA DO AMARAL ETEC;Guiné-Conacri;1
ESTADUAL - OUTROS;JAU;JAU;JAU;11;25641;JOAQUIM FERREIRA DO AMARAL ETEC;Japão;1
ESTADUAL - OUTROS;JOSE BONIFACIO;MIRASSOL;MIRASSOL;11;28721;MATHEUS LEITE DE ABREU PROF ETEC;Bolívia;1
ESTADUAL - OUTROS;JOSE BONIFACIO;MIRASSOL;MIRASSOL;11;28721;MATHEUS LEITE DE ABREU PROF ETEC;Japão;2
ESTADUAL - OUTROS;JUNDIAI;CAMPO LIMPO PAULISTA;CAMPO LIMPO PAULISTA;11;432726;CAMPO LIMPO PAULISTA ETEC DE;Japão;1
ESTADUAL - OUTROS;JUNDIAI;JUNDIAI;JUNDIAI;11;19847;BENEDITO STORANI ETEC;Estados Unidos da América;1
ESTADUAL - OUTROS;JUNDIAI;JUNDIAI;JUNDIAI;11;45986;VASCO ANTONIO VENCHIARUTTI ETEC;Chile;1
ESTADUAL - OUTROS;JUNDIAI;JUNDIAI;JUNDIAI;11;45986;VASCO ANTONIO VENCHIARUTTI ETEC;Portugal;1
ESTADUAL - OUTROS;LESTE 1;ITAQUERA;SAO PAULO;11;579798;ETEC ITAQUERA II;Bolívia;3
ESTADUAL - OUTROS;LESTE 1;ITAQUERA;SAO PAULO;11;579798;ETEC ITAQUERA II;Haiti;2
ESTADUAL - OUTROS;LESTE 1;ITAQUERA;SAO PAULO;11;579798;ETEC ITAQUERA II;Japão;1
ESTADUAL - OUTROS;LESTE 1;PENHA;SAO PAULO;11;2628;APRIGIO GONZAGA PROF ETEC;Bolívia;6
ESTADUAL - OUTROS;LESTE 1;PENHA;SAO PAULO;11;2628;APRIGIO GONZAGA PROF ETEC;Haiti;2
ESTADUAL - OUTROS;LESTE 1;PENHA;SAO PAULO;11;2628;APRIGIO GONZAGA PROF ETEC;Japão;3
ESTADUAL - OUTROS;LESTE 1;PENHA;SAO PAULO;11;2628;APRIGIO GONZAGA PROF ETEC;Peru;4
ESTADUAL - OUTROS;LESTE 1;PENHA;SAO PAULO;11;433858;TIQUATIRA ETEC;Angola;1
ESTADUAL - OUTROS;LESTE 1;PENHA;SAO PAULO;11;433858;TIQUATIRA ETEC;Bolívia;2
ESTADUAL - OUTROS;LESTE 1;PENHA;SAO PAULO;11;433858;TIQUATIRA ETEC;Colômbia;1
ESTADUAL - OUTROS;LESTE 1;PENHA;SAO PAULO;11;433858;TIQUATIRA ETEC;Haiti;1
ESTADUAL - OUTROS;LESTE 3;GUAIANASES;SAO PAULO;11;72552;GUAIANAZES ETEC;Bolívia;3
ESTADUAL - OUTROS;LESTE 3;GUAIANASES;SAO PAULO;11;72552;GUAIANAZES ETEC;Espanha;1
ESTADUAL - OUTROS;LESTE 3;GUAIANASES;SAO PAULO;11;72552;GUAIANAZES ETEC;Haiti;1
ESTADUAL - OUTROS;LESTE 3;GUAIANASES;SAO PAULO;11;72552;GUAIANAZES ETEC;Peru;1
ESTADUAL - OUTROS;LESTE 3;JOSE BONIFACIO;SAO PAULO;11;363315;ITAQUERA ETEC DE;Bolívia;2
ESTADUAL - OUTROS;LESTE 3;JOSE BONIFACIO;SAO PAULO;11;363315;ITAQUERA ETEC DE;Espanha;1
ESTADUAL - OUTROS;LESTE 3;JOSE BONIFACIO;SAO PAULO;11;363315;ITAQUERA ETEC DE;Haiti;1
ESTADUAL - OUTROS;LESTE 3;JOSE BONIFACIO;SAO PAULO;11;363315;ITAQUERA ETEC DE;Japão;1
ESTADUAL - OUTROS;LESTE 3;JOSE BONIFACIO;SAO PAULO;11;363315;ITAQUERA ETEC DE;Paraguai;1
ESTADUAL - OUTROS;LESTE 3;JOSE BONIFACIO;SAO PAULO;11;363315;ITAQUERA ETEC DE;Peru;1
ESTADUAL - OUTROS;LESTE 4;ARTUR ALVIM;SAO PAULO;11;405322;TEREZA APARECIDA CARDOSO NUNES DE OLIVEIRA ETEC;Haiti;1
ESTADUAL - OUTROS;LESTE 5;TATUAPE;SAO PAULO;11;2185;MARTIN LUTHER KING ETEC;Bolívia;7
ESTADUAL - OUTROS;LESTE 5;TATUAPE;SAO PAULO;11;2185;MARTIN LUTHER KING ETEC;Japão;1
ESTADUAL - OUTROS;LESTE 5;TATUAPE;SAO PAULO;11;2185;MARTIN LUTHER KING ETEC;Peru;2
ESTADUAL - OUTROS;LESTE 5;TATUAPE;SAO PAULO;11;439216;PARQUE BELEM ETEC;Argentina;1
ESTADUAL - OUTROS;LESTE 5;TATUAPE;SAO PAULO;11;439216;PARQUE BELEM ETEC;Bolívia;3
ESTADUAL - OUTROS;LESTE 5;VILA FORMOSA;SAO PAULO;11;433846;ADHEMAR BATISTA HEMERITAS PROF ETEC;Bolívia;2
ESTADUAL - OUTROS;LESTE 5;VILA FORMOSA;SAO PAULO;11;433846;ADHEMAR BATISTA HEMERITAS PROF ETEC;Itália;1
ESTADUAL - OUTROS;LESTE 5;VILA FORMOSA;SAO PAULO;11;433846;ADHEMAR BATISTA HEMERITAS PROF ETEC;Nigéria;2
ESTADUAL - OUTROS;LIMEIRA;LIMEIRA;LIMEIRA;27;45950;LIMEIRA COLEGIO TECNICO DE UNICAMP;Japão;2
ESTADUAL - OUTROS;LIMEIRA;LIMEIRA;LIMEIRA;27;45950;LIMEIRA COLEGIO TECNICO DE UNICAMP;Reino Unido da Grã-Bretanha e Irlanda do Norte;2
ESTADUAL - OUTROS;LIMEIRA;RIO CLARO;RIO CLARO;11;21817;ARMANDO BAYEUX DA SILVA PROF ETEC;Haiti;1
ESTADUAL - OUTROS;MARILIA;MARILIA;MARILIA;11;33583;ANTONIO DEVISATE ETEC;Japão;1
ESTADUAL - OUTROS;MAUA;MAUA;MAUA;11;287994;MAUA ETEC DE;Haiti;1
ESTADUAL - OUTROS;MAUA;RIBEIRAO PIRES;RIBEIRAO PIRES;11;290749;ETEC PROFESSORA MARIA CRISTINA MEDEIROS;Rússia;1
ESTADUAL - OUTROS;MIRACATU;IGUAPE;IGUAPE;11;34794;NARCISO DE MEDEIROS ENG AGRONOMO ETEC;Espanha;1
ESTADUAL - OUTROS;MIRACATU;IGUAPE;IGUAPE;11;34794;NARCISO DE MEDEIROS ENG AGRONOMO ETEC;Japão;1
ESTADUAL - OUTROS;MIRANTE DO PARANAPANEMA;TEODORO SAMPAIO;TEODORO SAMPAIO;11;299340;NAIR LUCCAS RIBEIRO ETEC;Japão;1
ESTADUAL - OUTROS;MIRANTE DO PARANAPANEMA;TEODORO SAMPAIO;TEODORO SAMPAIO;11;299340;NAIR LUCCAS RIBEIRO ETEC;Portugal;1
ESTADUAL - OUTROS;MOGI DAS CRUZES;MOGI DAS CRUZES;MOGI DAS CRUZES;11;6609;PRESIDENTE VARGAS ETEC;Andorra;1
ESTADUAL - OUTROS;MOGI DAS CRUZES;MOGI DAS CRUZES;MOGI DAS CRUZES;11;6609;PRESIDENTE VARGAS ETEC;China;1
ESTADUAL - OUTROS;MOGI DAS CRUZES;MOGI DAS CRUZES;MOGI DAS CRUZES;11;6609;PRESIDENTE VARGAS ETEC;Japão;5
ESTADUAL - OUTROS;MOGI MIRIM;AMPARO;AMPARO;11;17589;JOAO BELARMINO ETEC;Bolívia;1
ESTADUAL - OUTROS;MOGI MIRIM;AMPARO;AMPARO;11;17589;JOAO BELARMINO ETEC;Japão;1
ESTADUAL - OUTROS;MOGI MIRIM;MOGI GUACU;MOGI GUACU;11;433871;EURO ALBINO DE SOUZA ETEC;Espanha;1
ESTADUAL - OUTROS;MOGI MIRIM;MOGI MIRIM;MOGI MIRIM;11;20643;PEDRO FERREIRA ALVES ETEC;Angola;1
ESTADUAL - OUTROS;MOGI MIRIM;MOGI MIRIM;MOGI MIRIM;11;20643;PEDRO FERREIRA ALVES ETEC;Japão;1
ESTADUAL - OUTROS;NORTE 1;JARAGUA;SAO PAULO;11;438480;JARAGUA ESCOLA TECNICA ESTADUAL;Alemanha;2
ESTADUAL - OUTROS;NORTE 1;JARAGUA;SAO PAULO;11;438480;JARAGUA ESCOLA TECNICA ESTADUAL;Paraguai;1
ESTADUAL - OUTROS;NORTE 1;PERUS;SAO PAULO;11;439083;PAULISTANO ETEC;Bolívia;2
ESTADUAL - OUTROS;NORTE 1;PERUS;SAO PAULO;11;439447;GILDO MARCAL BEZERRA BRANDAO ETEC;Bolívia;1
ESTADUAL - OUTROS;NORTE 1;PERUS;SAO PAULO;11;439447;GILDO MARCAL BEZERRA BRANDAO ETEC;Chile;2
ESTADUAL - OUTROS;NORTE 1;PERUS;SAO PAULO;11;439447;GILDO MARCAL BEZERRA BRANDAO ETEC;Japão;1
ESTADUAL - OUTROS;NORTE 1;PERUS;SAO PAULO;11;439447;GILDO MARCAL BEZERRA BRANDAO ETEC;Nigéria;2
ESTADUAL - OUTROS;NORTE 1;PERUS;SAO PAULO;11;461532;DOROTI QUIOMI KANASHIRO TOYOHARA DRA PROF ETEC;Bolívia;1
ESTADUAL - OUTROS;OSASCO;OSASCO;OSASCO;11;295012;ANDRE BOGASIAN PROFESSOR ETEC;Bolívia;3
ESTADUAL - OUTROS;OSASCO;OSASCO;OSASCO;11;446105;ETEC DR CELSO GIGLIO;Portugal;1
ESTADUAL - OUTROS;OURINHOS;OURINHOS;OURINHOS;11;33935;JACINTO FERREIRA DE SA ETEC;Cuba;3
ESTADUAL - OUTROS;OURINHOS;OURINHOS;OURINHOS;11;33935;JACINTO FERREIRA DE SA ETEC;Japão;2
ESTADUAL - OUTROS;OURINHOS;SANTA CRUZ DO RIO PARDO;SANTA CRUZ DO RIO PARDO;11;34484;ORLANDO QUAGLIATO ETEC;Japão;2
ESTADUAL - OUTROS;OURINHOS;SANTA CRUZ DO RIO PARDO;SANTA CRUZ DO RIO PARDO;11;34484;ORLANDO QUAGLIATO ETEC;Paraguai;1
ESTADUAL - OUTROS;PINDAMONHANGABA;PINDAMONHANGABA;PINDAMONHANGABA;11;13419;JOAO GOMES DE ARAUJO ETEC;Japão;1
ESTADUAL - OUTROS;PINDAMONHANGABA;PINDAMONHANGABA;PINDAMONHANGABA;11;13419;JOAO GOMES DE ARAUJO ETEC;Peru;2
ESTADUAL - OUTROS;PIRACICABA;PIRACICABA;PIRACICABA;11;21131;FERNANDO FEBELIANO DA COSTA CEL ETEC;Moçambique;1
ESTADUAL - OUTROS;PIRACICABA;PIRACICABA;PIRACICABA;11;21131;FERNANDO FEBELIANO DA COSTA CEL ETEC;Peru;1
ESTADUAL - OUTROS;PIRACICABA;PIRACICABA;PIRACICABA;11;405206;ARY DE CAMARGO PEDROSO ETEC;Coreia do Sul;1
ESTADUAL - OUTROS;PIRACICABA;PIRACICABA;PIRACICABA;11;405206;ARY DE CAMARGO PEDROSO ETEC;Peru;1
ESTADUAL - OUTROS;PIRASSUNUNGA;LEME;LEME;11;910909;SALIM SEDEH DEPUTADO ETEC;Argentina;1
ESTADUAL - OUTROS;PRESIDENTE PRUDENTE;PRESIDENTE PRUDENTE;PRESIDENTE PRUDENTE;11;32037;ANTONIO EUFRASIO DE TOLEDO PROF DR ETEC;Paraguai;1
ESTADUAL - OUTROS;PRESIDENTE PRUDENTE;PRESIDENTE PRUDENTE;PRESIDENTE PRUDENTE;11;462412;ADOLPHO DE ARRUDA MELLO PROF ETEC;Paraguai;1
ESTADUAL - OUTROS;PRESIDENTE PRUDENTE;PRESIDENTE PRUDENTE;PRESIDENTE PRUDENTE;11;462412;ADOLPHO DE ARRUDA MELLO PROF ETEC;Venezuela;1
ESTADUAL - OUTROS;REGISTRO;REGISTRO;REGISTRO;11;444728;REGISTRO ETEC DE;Japão;2
ESTADUAL - OUTROS;RIBEIRAO PRETO;RIBEIRAO PRETO;RIBEIRAO PRETO;11;24107;JOSE MARTIMIANO DA SILVA ETEC;Argentina;1
ESTADUAL - OUTROS;RIBEIRAO PRETO;RIBEIRAO PRETO;RIBEIRAO PRETO;11;24107;JOSE MARTIMIANO DA SILVA ETEC;Estados Unidos da América;1
ESTADUAL - OUTROS;SANTO ANASTACIO;PRESIDENTE VENCESLAU;PRESIDENTE VENCESLAU;11;906785;MILTON GAZZETTI PROFESSOR ETEC;Japão;1
ESTADUAL - OUTROS;SANTO ANDRE;SANTO ANDRE;SANTO ANDRE;11;8285;JULIO DE MESQUITA ETEC;Bolívia;2
ESTADUAL - OUTROS;SANTO ANDRE;SANTO ANDRE;SANTO ANDRE;11;8285;JULIO DE MESQUITA ETEC;Japão;2
ESTADUAL - OUTROS;SANTOS;GUARUJA;GUARUJA;11;294937;ALBERTO SANTOS DUMONT ETEC;Espanha;1
ESTADUAL - OUTROS;SANTOS;GUARUJA;GUARUJA;11;294937;ALBERTO SANTOS DUMONT ETEC;Portugal;1
ESTADUAL - OUTROS;SANTOS;SANTOS;SANTOS;11;11745;ESCOLASTICA ROSA DONA ETEC;França;1
ESTADUAL - OUTROS;SANTOS;SANTOS;SANTOS;11;38787;ARISTOTELES FERREIRA ETEC;Argentina;1
ESTADUAL - OUTROS;SANTOS;SANTOS;SANTOS;11;38787;ARISTOTELES FERREIRA ETEC;Colômbia;2
ESTADUAL - OUTROS;SANTOS;SANTOS;SANTOS;11;38787;ARISTOTELES FERREIRA ETEC;Japão;1
ESTADUAL - OUTROS;SAO BERNARDO DO CAMPO;SAO BERNARDO DO CAMPO;SAO BERNARDO DO CAMPO;11;46012;LAURO GOMES ETEC;Japão;2
ESTADUAL - OUTROS;SAO BERNARDO DO CAMPO;SAO CAETANO DO SUL;SAO CAETANO DO SUL;11;49669;JORGE STREET ETEC;Japão;5
ESTADUAL - OUTROS;SAO BERNARDO DO CAMPO;SAO CAETANO DO SUL;SAO CAETANO DO SUL;11;49669;JORGE STREET ETEC;Reino Unido da Grã-Bretanha e Irlanda do Norte;1
ESTADUAL - OUTROS;SAO CARLOS;SAO CARLOS;SAO CARLOS;11;24569;PAULINO BOTELHO ETEC;Cuba;1
ESTADUAL - OUTROS;SAO CARLOS;SAO CARLOS;SAO CARLOS;11;24569;PAULINO BOTELHO ETEC;Japão;1
ESTADUAL - OUTROS;SAO CARLOS;SAO CARLOS;SAO CARLOS;11;24569;PAULINO BOTELHO ETEC;Portugal;1
ESTADUAL - OUTROS;SAO CARLOS;SAO CARLOS;SAO CARLOS;28;340339;CENTRO DE CONVIVENCIA INFANTIL  COSEAS USP;Chile;1
ESTADUAL - OUTROS;SAO CARLOS;SAO CARLOS;SAO CARLOS;28;340339;CENTRO DE CONVIVENCIA INFANTIL  COSEAS USP;Colômbia;1
ESTADUAL - OUTROS;SAO JOAO DA BOA VISTA;MOCOCA;MOCOCA;11;45974;JOAO BAPTISTA DE LIMA FIGUEIREDO ETEC;Japão;3
ESTADUAL - OUTROS;SAO JOAO DA BOA VISTA;SAO JOSE DO RIO PARDO;SAO JOSE DO RIO PARDO;11;294883;ETEC PROFESSOR RODOLPHO JOSE DEL GUERRA;Cuba;1
ESTADUAL - OUTROS;SAO JOAO DA BOA VISTA;SAO JOSE DO RIO PARDO;SAO JOSE DO RIO PARDO;11;294883;ETEC PROFESSOR RODOLPHO JOSE DEL GUERRA;Estados Unidos da América;1
ESTADUAL - OUTROS;SAO JOAO DA BOA VISTA;VARGEM GRANDE DO SUL;VARGEM GRANDE DO SUL;11;391049;VARGEM GRANDE DO SUL ETEC DE;Venezuela;1
ESTADUAL - OUTROS;SAO JOAQUIM DA BARRA;IGARAPAVA;IGARAPAVA;11;23437;ANTONIO JUNQUEIRA DA VEIGA ETEC;Japão;1
ESTADUAL - OUTROS;SAO JOAQUIM DA BARRA;ITUVERAVA;ITUVERAVA;11;440985;JOSE IGNACIO AZEVEDO FILHO ETEC;Portugal;1
ESTADUAL - OUTROS;SAO JOAQUIM DA BARRA;MIGUELOPOLIS;MIGUELOPOLIS;11;23449;LAURINDO ALVES QUEIROZ ETEC;Peru;3
ESTADUAL - OUTROS;SAO JOAQUIM DA BARRA;ORLANDIA;ORLANDIA;11;24824;ALCIDIO DE SOUZA PRADO PROF ETEC;Paraguai;1
ESTADUAL - OUTROS;SAO JOAQUIM DA BARRA;ORLANDIA;ORLANDIA;11;24824;ALCIDIO DE SOUZA PRADO PROF ETEC;Portugal;2
ESTADUAL - OUTROS;SAO JOSE DO RIO PRETO;SAO JOSE DO RIO PRETO;SAO JOSE DO RIO PRETO;11;28824;PHILADELPHO GOUVEA NETTO ETEC;Angola;2
ESTADUAL - OUTROS;SAO JOSE DO RIO PRETO;SAO JOSE DO RIO PRETO;SAO JOSE DO RIO PRETO;11;28824;PHILADELPHO GOUVEA NETTO ETEC;Haiti;2
ESTADUAL - OUTROS;SAO JOSE DO RIO PRETO;SAO JOSE DO RIO PRETO;SAO JOSE DO RIO PRETO;11;28824;PHILADELPHO GOUVEA NETTO ETEC;Peru;2
ESTADUAL - OUTROS;SAO JOSE DO RIO PRETO;SAO JOSE DO RIO PRETO;SAO JOSE DO RIO PRETO;11;28824;PHILADELPHO GOUVEA NETTO ETEC;Venezuela;2
ESTADUAL - OUTROS;SAO JOSE DOS CAMPOS;SAO JOSE DOS CAMPOS;SAO JOSE DOS CAMPOS;11;406284;ETEC PROFESSORA ILZA NASCIMENTO PINTUS;Peru;3
ESTADUAL - OUTROS;SAO ROQUE;SAO ROQUE;SAO ROQUE;11;925974;SAO ROQUE ETEC DE;Japão;1
ESTADUAL - OUTROS;SAO ROQUE;SAO ROQUE;SAO ROQUE;11;925974;SAO ROQUE ETEC DE;Portugal;1
ESTADUAL - OUTROS;SAO VICENTE;MONGAGUA;MONGAGUA;11;920551;ADOLPHO BEREZIN ETEC;Cuba;1
ESTADUAL - OUTROS;SAO VICENTE;PERUIBE;PERUIBE;11;479639;PERUIBE ETEC DE;Bolívia;2
ESTADUAL - OUTROS;SAO VICENTE;PERUIBE;PERUIBE;11;479639;PERUIBE ETEC DE;Portugal;2
ESTADUAL - OUTROS;SAO VICENTE;PRAIA GRANDE;PRAIA GRANDE;11;299339;PRAIA GRANDE ETEC DE;Haiti;1
ESTADUAL - OUTROS;SOROCABA;SOROCABA;SOROCABA;11;16238;FERNANDO PRESTES ETEC;Japão;3
ESTADUAL - OUTROS;SOROCABA;SOROCABA;SOROCABA;11;16238;FERNANDO PRESTES ETEC;Peru;2
ESTADUAL - OUTROS;SOROCABA;SOROCABA;SOROCABA;11;16238;FERNANDO PRESTES ETEC;Portugal;1
ESTADUAL - OUTROS;SOROCABA;SOROCABA;SOROCABA;11;16354;RUBENS DE FARIA E SOUZA ETEC;Espanha;2
ESTADUAL - OUTROS;SOROCABA;SOROCABA;SOROCABA;11;16354;RUBENS DE FARIA E SOUZA ETEC;Peru;1
ESTADUAL - OUTROS;SOROCABA;SOROCABA;SOROCABA;11;477850;ARMANDO PANNUNZIO ETEC;Portugal;1
ESTADUAL - OUTROS;SOROCABA;SOROCABA;SOROCABA;11;477850;ARMANDO PANNUNZIO ETEC;Venezuela;2
ESTADUAL - OUTROS;SUL 1;VILA ANDRADE;SAO PAULO;11;440620;ABDIAS DO NASCIMENTO ETEC;Argentina;1
ESTADUAL - OUTROS;SUL 1;VILA ANDRADE;SAO PAULO;11;440620;ABDIAS DO NASCIMENTO ETEC;Estados Unidos da América;1
ESTADUAL - OUTROS;SUL 1;VILA ANDRADE;SAO PAULO;11;440620;ABDIAS DO NASCIMENTO ETEC;Peru;1
ESTADUAL - OUTROS;SUL 2;JARDIM SAO LUIS;SAO PAULO;11;290701;ETEC CAROLINA CARINHATO SAMPAIO;Estados Unidos da América;1
ESTADUAL - OUTROS;SUL 2;JARDIM SAO LUIS;SAO PAULO;11;290701;ETEC CAROLINA CARINHATO SAMPAIO;Líbano;2
ESTADUAL - OUTROS;SUL 2;JARDIM SAO LUIS;SAO PAULO;11;290701;ETEC CAROLINA CARINHATO SAMPAIO;Peru;1
ESTADUAL - OUTROS;SUL 2;JARDIM SAO LUIS;SAO PAULO;11;428929;TAKASHI MORITA ETEC;Argentina;2
ESTADUAL - OUTROS;SUL 2;JARDIM SAO LUIS;SAO PAULO;11;428929;TAKASHI MORITA ETEC;Peru;2
ESTADUAL - OUTROS;SUL 3;CIDADE DUTRA;SAO PAULO;11;446695;IRMA AGOSTINA ETEC;África do Sul;1
ESTADUAL - OUTROS;SUL 3;CIDADE DUTRA;SAO PAULO;11;446695;IRMA AGOSTINA ETEC;Haiti;1
ESTADUAL - OUTROS;SUMARE;HORTOLANDIA;HORTOLANDIA;11;925962;ETEC DE HORTOLANDIA;Peru;1
ESTADUAL - OUTROS;SUZANO;SUZANO;SUZANO;11;406296;SUZANO ETEC DE;Bolívia;2
ESTADUAL - OUTROS;TABOAO DA SERRA;EMBU DAS ARTES;EMBU DAS ARTES;11;446993;EMBU ETEC DE;Haiti;1
ESTADUAL - OUTROS;TABOAO DA SERRA;EMBU DAS ARTES;EMBU DAS ARTES;11;446993;EMBU ETEC DE;Venezuela;1
ESTADUAL - OUTROS;TABOAO DA SERRA;TABOAO DA SERRA;TABOAO DA SERRA;11;5365;ETEC DE TABOAO DA SERRA;Nigéria;1
ESTADUAL - OUTROS;TUPA;RANCHARIA;RANCHARIA;11;32396;FRANCISCO FRANCO DEPUTADO ETEC;Estados Unidos da América;1
ESTADUAL - OUTROS;TUPA;TUPA;TUPA;11;290658;ETEC PROFESSOR MASSUYUKI KAWANO;Japão;1
ESTADUAL - SE;ADAMANTINA;ADAMANTINA;ADAMANTINA;8;30806;HELEN KELLER;Japão;1
ESTADUAL - SE;ADAMANTINA;ADAMANTINA;ADAMANTINA;8;31045;DURVALINO GRION PROF;Bolívia;1
ESTADUAL - SE;ADAMANTINA;ADAMANTINA;ADAMANTINA;8;31112;FLEURIDES CAVALLINI MENECHINO PROFA;Japão;6
ESTADUAL - SE;ADAMANTINA;ADAMANTINA;ADAMANTINA;8;31112;FLEURIDES CAVALLINI MENECHINO PROFA;Venezuela;1
ESTADUAL - SE;ADAMANTINA;DRACENA;DRACENA;8;31264;9 DE JULHO;Japão;1
ESTADUAL - SE;ADAMANTINA;INUBIA PAULISTA;INUBIA PAULISTA;8;31598;IRALDO ANTONIO MARTINS DE TOLEDO;Bangladesh;1
ESTADUAL - SE;ADAMANTINA;INUBIA PAULISTA;INUBIA PAULISTA;8;31598;IRALDO ANTONIO MARTINS DE TOLEDO;Bolívia;1
ESTADUAL - SE;ADAMANTINA;JUNQUEIROPOLIS;JUNQUEIROPOLIS;6;458119;CEL JTO A EE IDENE RODRIGUES DOS SANTOS PROF;Japão;2
ESTADUAL - SE;ADAMANTINA;JUNQUEIROPOLIS;JUNQUEIROPOLIS;8;31525;IDENE RODRIGUES DOS SANTOS PROF;Japão;1
ESTADUAL - SE;ADAMANTINA;OSVALDO CRUZ;OSVALDO CRUZ;8;31574;BENJAMIN CONSTANT;Japão;1
ESTADUAL - SE;ADAMANTINA;OSVALDO CRUZ;OSVALDO CRUZ;8;31616;OSVALDO MARTINS;Estados Unidos da América;1
ESTADUAL - SE;ADAMANTINA;OSVALDO CRUZ;OSVALDO CRUZ;8;31636;DOM BOSCO;Estados Unidos da América;1
ESTADUAL - SE;ADAMANTINA;OSVALDO CRUZ;OSVALDO CRUZ;8;922584;MARIA APARECIDA LOPES PROFA;Nova Zelândia (Aotearoa);1
ESTADUAL - SE;ADAMANTINA;OSVALDO CRUZ;OSVALDO CRUZ;8;922584;MARIA APARECIDA LOPES PROFA;Venezuela;2
ESTADUAL - SE;ADAMANTINA;OURO VERDE;OURO VERDE;8;31446;FERDINANDO IENNY;Angola;1
ESTADUAL - SE;ADAMANTINA;PANORAMA;PANORAMA;8;31159;LUCIO ANTUNES DOM;Filipinas;3
ESTADUAL - SE;AMERICANA;AMERICANA;AMERICANA;6;433639;CEL JTO A EE PROFA OLYMPIA BARTH DE OLIVEIRA;Bolívia;1
ESTADUAL - SE;AMERICANA;AMERICANA;AMERICANA;8;11873;LUIZ HIPOLITO PROFESSOR;Bolívia;1
ESTADUAL - SE;AMERICANA;AMERICANA;AMERICANA;8;16949;OCTAVIO SOARES DE ARRUDA PROF;Haiti;1
ESTADUAL - SE;AMERICANA;AMERICANA;AMERICANA;8;16950;RISOLETA LOPES ARANHA PROFESSORA;Argentina;1
ESTADUAL - SE;AMERICANA;AMERICANA;AMERICANA;8;16962;SILVINO JOSE DE OLIVEIRA PROF;Bolívia;5
ESTADUAL - SE;AMERICANA;AMERICANA;AMERICANA;8;16962;SILVINO JOSE DE OLIVEIRA PROF;Haiti;3
ESTADUAL - SE;AMERICANA;AMERICANA;AMERICANA;8;16974;SAO VICENTE DE PAULO;Bolívia;1
ESTADUAL - SE;AMERICANA;AMERICANA;AMERICANA;8;16974;SAO VICENTE DE PAULO;Haiti;1
ESTADUAL - SE;AMERICANA;AMERICANA;AMERICANA;8;17139;MARIA JOSE DE MATTOS GOBBO PROFA;Bolívia;6
ESTADUAL - SE;AMERICANA;AMERICANA;AMERICANA;8;17139;MARIA JOSE DE MATTOS GOBBO PROFA;Venezuela;5
ESTADUAL - SE;AMERICANA;AMERICANA;AMERICANA;8;17152;MAURA ARRUDA GUIDOLIN PROFA;Argentina;1
ESTADUAL - SE;AMERICANA;AMERICANA;AMERICANA;8;17152;MAURA ARRUDA GUIDOLIN PROFA;Bolívia;1
ESTADUAL - SE;AMERICANA;AMERICANA;AMERICANA;8;17152;MAURA ARRUDA GUIDOLIN PROFA;Haiti;7
ESTADUAL - SE;AMERICANA;AMERICANA;AMERICANA;8;17164;JOAO DE CASTRO GONCALVES DR;Haiti;1
ESTADUAL - SE;AMERICANA;AMERICANA;AMERICANA;8;17164;JOAO DE CASTRO GONCALVES DR;Venezuela;2
ESTADUAL - SE;AMERICANA;AMERICANA;AMERICANA;8;17176;MAGI MONSENHOR;China;1
ESTADUAL - SE;AMERICANA;AMERICANA;AMERICANA;8;17176;MAGI MONSENHOR;Espanha;1
ESTADUAL - SE;AMERICANA;AMERICANA;AMERICANA;8;17188;ARY MENEGATTO PROF;Bolívia;19
ESTADUAL - SE;AMERICANA;AMERICANA;AMERICANA;8;17188;ARY MENEGATTO PROF;Haiti;4
ESTADUAL - SE;AMERICANA;AMERICANA;AMERICANA;8;17206;HEITOR PENTEADO DR;Bolívia;2
ESTADUAL - SE;AMERICANA;AMERICANA;AMERICANA;8;17206;HEITOR PENTEADO DR;Haiti;5
ESTADUAL - SE;AMERICANA;AMERICANA;AMERICANA;8;17206;HEITOR PENTEADO DR;Paraguai;2
ESTADUAL - SE;AMERICANA;AMERICANA;AMERICANA;8;17218;DILECTA CENEVIVA MARTINELLI PROFA;Bolívia;4
ESTADUAL - SE;AMERICANA;AMERICANA;AMERICANA;8;17322;JOAO SOLIDARIO PEDROSO PROF;Argentina;1
ESTADUAL - SE;AMERICANA;AMERICANA;AMERICANA;8;17322;JOAO SOLIDARIO PEDROSO PROF;Bolívia;2
ESTADUAL - SE;AMERICANA;AMERICANA;AMERICANA;8;17322;JOAO SOLIDARIO PEDROSO PROF;Haiti;2
ESTADUAL - SE;AMERICANA;AMERICANA;AMERICANA;8;17334;OLYMPIA BARTH DE OLIVEIRA PROFA;Bolívia;7
ESTADUAL - SE;AMERICANA;AMERICANA;AMERICANA;8;17334;OLYMPIA BARTH DE OLIVEIRA PROFA;Haiti;1
ESTADUAL - SE;AMERICANA;AMERICANA;AMERICANA;8;17334;OLYMPIA BARTH DE OLIVEIRA PROFA;Portugal;2
ESTADUAL - SE;AMERICANA;AMERICANA;AMERICANA;8;39846;ANTONIO ZANAGA PREFEITO;Argentina;1
ESTADUAL - SE;AMERICANA;AMERICANA;AMERICANA;8;39846;ANTONIO ZANAGA PREFEITO;Bolívia;1
ESTADUAL - SE;AMERICANA;AMERICANA;AMERICANA;8;39846;ANTONIO ZANAGA PREFEITO;Haiti;3
ESTADUAL - SE;AMERICANA;AMERICANA;AMERICANA;8;42473;CONSTANTINO AUGUSTO PINKE PROF;Haiti;1
ESTADUAL - SE;AMERICANA;AMERICANA;AMERICANA;8;42481;MARCELINO TOMBI PROF;Venezuela;4
ESTADUAL - SE;AMERICANA;AMERICANA;AMERICANA;8;45500;CLARICE COSTA CONTI PROFA;Bolívia;1
ESTADUAL - SE;AMERICANA;AMERICANA;AMERICANA;8;47004;HYLDA PARDO DE OLIVEIRA PROFA;Haiti;1
ESTADUAL - SE;AMERICANA;AMERICANA;AMERICANA;8;435442;MARIA FRIZZARIN PROFA;Espanha;1
ESTADUAL - SE;AMERICANA;AMERICANA;AMERICANA;8;435442;MARIA FRIZZARIN PROFA;Estados Unidos da América;1
ESTADUAL - SE;AMERICANA;AMERICANA;AMERICANA;8;435454;MARIA DO CARMO AUGUSTI PROFA;Bolívia;1
ESTADUAL - SE;AMERICANA;AMERICANA;AMERICANA;8;435454;MARIA DO CARMO AUGUSTI PROFA;Paraguai;1
ESTADUAL - SE;AMERICANA;AMERICANA;AMERICANA;8;578575;PROFESSORA LENY APPARECIDA PAGOTTO BOER;Bolívia;1
ESTADUAL - SE;AMERICANA;AMERICANA;AMERICANA;8;578575;PROFESSORA LENY APPARECIDA PAGOTTO BOER;Haiti;1
ESTADUAL - SE;AMERICANA;AMERICANA;AMERICANA;8;578587;PROFESSORA ORNELLA RITA FERRARI SACILOTTO;Venezuela;1
ESTADUAL - SE;AMERICANA;AMERICANA;AMERICANA;8;903772;NIOMAR APPARECIDA MATTOS GOBBO AMARAL GURGEL PROFA;Paraguai;2
ESTADUAL - SE;AMERICANA;AMERICANA;AMERICANA;8;903772;NIOMAR APPARECIDA MATTOS GOBBO AMARAL GURGEL PROFA;Venezuela;3
ESTADUAL - SE;AMERICANA;AMERICANA;AMERICANA;8;907285;ANNA MARIA LUCIA DE NARDO MORAES BARROS PROFA;Bolívia;1
ESTADUAL - SE;AMERICANA;AMERICANA;AMERICANA;8;907297;IDALINA GRANDIN MIRANDOLA PROFA;Reino Unido da Grã-Bretanha e Irlanda do Norte;1
ESTADUAL - SE;AMERICANA;AMERICANA;AMERICANA;8;921567;WILSON CAMARGO PROF;Venezuela;2
ESTADUAL - SE;AMERICANA;NOVA ODESSA;NOVA ODESSA;8;17309;JOAO THIENNE DR;Haiti;3
ESTADUAL - SE;AMERICANA;NOVA ODESSA;NOVA ODESSA;8;39810;DORTI ZAMBELLO CALIL PROFA;Argentina;1
ESTADUAL - SE;AMERICANA;NOVA ODESSA;NOVA ODESSA;8;39810;DORTI ZAMBELLO CALIL PROFA;Bolívia;3
ESTADUAL - SE;AMERICANA;NOVA ODESSA;NOVA ODESSA;8;39810;DORTI ZAMBELLO CALIL PROFA;Espanha;1
ESTADUAL - SE;AMERICANA;NOVA ODESSA;NOVA ODESSA;8;39810;DORTI ZAMBELLO CALIL PROFA;Haiti;3
ESTADUAL - SE;AMERICANA;NOVA ODESSA;NOVA ODESSA;8;49906;SILVANIA APARECIDA SANTOS PROFA;Bolívia;1
ESTADUAL - SE;AMERICANA;NOVA ODESSA;NOVA ODESSA;8;49906;SILVANIA APARECIDA SANTOS PROFA;Haiti;4
ESTADUAL - SE;AMERICANA;NOVA ODESSA;NOVA ODESSA;8;49906;SILVANIA APARECIDA SANTOS PROFA;Venezuela;1
ESTADUAL - SE;AMERICANA;NOVA ODESSA;NOVA ODESSA;8;903784;ALEXANDRE BASSORA;Haiti;2
ESTADUAL - SE;AMERICANA;NOVA ODESSA;NOVA ODESSA;8;905574;JOAQUIM RODRIGUES AZENHA DR;Bolívia;1
ESTADUAL - SE;AMERICANA;NOVA ODESSA;NOVA ODESSA;8;905574;JOAQUIM RODRIGUES AZENHA DR;Haiti;3
ESTADUAL - SE;AMERICANA;SANTA BARBARA D'OESTE;SANTA BARBARA D'OESTE;8;16986;JUVELINA DE OLIVEIRA RODRIGUES PROFA;Bolívia;2
ESTADUAL - SE;AMERICANA;SANTA BARBARA D'OESTE;SANTA BARBARA D'OESTE;8;16986;JUVELINA DE OLIVEIRA RODRIGUES PROFA;Haiti;2
ESTADUAL - SE;AMERICANA;SANTA BARBARA D'OESTE;SANTA BARBARA D'OESTE;8;17000;INOCENCIO MAIA PROF;Cuba;2
ESTADUAL - SE;AMERICANA;SANTA BARBARA D'OESTE;SANTA BARBARA D'OESTE;8;17000;INOCENCIO MAIA PROF;Venezuela;1
ESTADUAL - SE;AMERICANA;SANTA BARBARA D'OESTE;SANTA BARBARA D'OESTE;8;17012;JOSE GABRIEL DE OLIVEIRA;Bolívia;1
ESTADUAL - SE;AMERICANA;SANTA BARBARA D'OESTE;SANTA BARBARA D'OESTE;8;17061;ULISSES DE OLIVEIRA VALENTE PROF;Haiti;3
ESTADUAL - SE;AMERICANA;SANTA BARBARA D'OESTE;SANTA BARBARA D'OESTE;8;17085;ANTONIO DE ARRUDA RIBEIRO PROF;Marrocos;1
ESTADUAL - SE;AMERICANA;SANTA BARBARA D'OESTE;SANTA BARBARA D'OESTE;8;17115;ELISABETH STEAGALL PIRTOUSCHEG PROFA;Bolívia;1
ESTADUAL - SE;AMERICANA;SANTA BARBARA D'OESTE;SANTA BARBARA D'OESTE;8;17115;ELISABETH STEAGALL PIRTOUSCHEG PROFA;Virgens Americanas, Ilhas;1
ESTADUAL - SE;AMERICANA;SANTA BARBARA D'OESTE;SANTA BARBARA D'OESTE;8;17231;EMILIO ROMI COMENDADOR;Peru;1
ESTADUAL - SE;AMERICANA;SANTA BARBARA D'OESTE;SANTA BARBARA D'OESTE;8;37936;IRENE DE ASSIS SAES PROFA;Paraguai;1
ESTADUAL - SE;AMERICANA;SANTA BARBARA D'OESTE;SANTA BARBARA D'OESTE;8;39330;MARIA JOSE MARGATO BROCATTO PROFA;Haiti;10
ESTADUAL - SE;AMERICANA;SANTA BARBARA D'OESTE;SANTA BARBARA D'OESTE;8;45512;NEUZA MARIA NAZATTO DE CARVALHO PROFA;Haiti;1
ESTADUAL - SE;AMERICANA;SANTA BARBARA D'OESTE;SANTA BARBARA D'OESTE;8;47016;ALCHESTE DE GODOY ANDIA PROFA;Bolívia;2
ESTADUAL - SE;AMERICANA;SANTA BARBARA D'OESTE;SANTA BARBARA D'OESTE;8;47016;ALCHESTE DE GODOY ANDIA PROFA;Haiti;32
ESTADUAL - SE;AMERICANA;SANTA BARBARA D'OESTE;SANTA BARBARA D'OESTE;8;903802;GUIOMAR DIAS DA SILVA PROFA;Bolívia;1
ESTADUAL - SE;AMERICANA;SANTA BARBARA D'OESTE;SANTA BARBARA D'OESTE;8;903802;GUIOMAR DIAS DA SILVA PROFA;Haiti;6
ESTADUAL - SE;AMERICANA;SANTA BARBARA D'OESTE;SANTA BARBARA D'OESTE;8;903802;GUIOMAR DIAS DA SILVA PROFA;Japão;1
ESTADUAL - SE;AMERICANA;SANTA BARBARA D'OESTE;SANTA BARBARA D'OESTE;8;909324;JOSE DOMINGUES RODRIGUES PROF;Haiti;1
ESTADUAL - SE;AMERICANA;SANTA BARBARA D'OESTE;SANTA BARBARA D'OESTE;8;912827;FIORAVANTE LUIZ ANGOLINI;Peru;1
ESTADUAL - SE;AMERICANA;SANTA BARBARA D'OESTE;SANTA BARBARA D'OESTE;8;913625;JADYR GUIMARAES CASTRO PROFA;Haiti;1
ESTADUAL - SE;AMERICANA;SANTA BARBARA D'OESTE;SANTA BARBARA D'OESTE;8;913625;JADYR GUIMARAES CASTRO PROFA;Venezuela;5
ESTADUAL - SE;AMERICANA;SANTA BARBARA D'OESTE;SANTA BARBARA D'OESTE;8;919160;LAURA EMMIE PYLES PROFA;Dominicana, República;1
ESTADUAL - SE;AMERICANA;SANTA BARBARA D'OESTE;SANTA BARBARA D'OESTE;8;919160;LAURA EMMIE PYLES PROFA;Haiti;1
ESTADUAL - SE;AMERICANA;SANTA BARBARA D'OESTE;SANTA BARBARA D'OESTE;8;920599;MARIA DE LOURDES BEOZZO FRANCHI PROFA;Bolívia;1
ESTADUAL - SE;AMERICANA;SANTA BARBARA D'OESTE;SANTA BARBARA D'OESTE;8;921178;EDUARDO SILVA PROF;Haiti;6
ESTADUAL - SE;AMERICANA;SANTA BARBARA D'OESTE;SANTA BARBARA D'OESTE;8;922353;HENRIQUE NICOPELLI MONSENHOR;Bolívia;1
ESTADUAL - SE;ANDRADINA;ANDRADINA;ANDRADINA;8;29361;FRANCISCO TEODORO DE ANDRADE;Japão;2
ESTADUAL - SE;ANDRADINA;ANDRADINA;ANDRADINA;8;29373;ALVARO GUIAO DR;Japão;4
ESTADUAL - SE;ANDRADINA;ANDRADINA;ANDRADINA;8;29373;ALVARO GUIAO DR;Paraguai;1
ESTADUAL - SE;ANDRADINA;ILHA SOLTEIRA;ILHA SOLTEIRA;8;30557;LEA SILVA MORAES PROFA;Portugal;2
ESTADUAL - SE;ANDRADINA;PEREIRA BARRETO;PEREIRA BARRETO;8;30570;MITSUSADA UMETANI DR;Portugal;1
ESTADUAL - SE;APIAI;APIAI;APIAI;8;14370;ANTONIA BAPTISTA CALAZANS LUZ PROFA;Espanha;1
ESTADUAL - SE;APIAI;RIBEIRAO BRANCO;RIBEIRAO BRANCO;8;65456;JOAO PAULO II PAPA;Japão;1
ESTADUAL - SE;APIAI;RIBEIRAO BRANCO;RIBEIRAO BRANCO;8;905252;HONORATO FERREIRA DA SILVA;Venezuela;3
ESTADUAL - SE;ARACATUBA;ARACATUBA;ARACATUBA;8;29713;LUIZ GAMA;Portugal;1
ESTADUAL - SE;ARACATUBA;ARACATUBA;ARACATUBA;8;29713;LUIZ GAMA;Venezuela;1
ESTADUAL - SE;ARACATUBA;ARACATUBA;ARACATUBA;8;29737;LICOLINA VILLELA REIS ALVES PROFA;Venezuela;1
ESTADUAL - SE;ARACATUBA;ARACATUBA;ARACATUBA;8;29762;NILCE MAIA SOUTO MELO PROFA;Venezuela;2
ESTADUAL - SE;ARACATUBA;ARACATUBA;ARACATUBA;8;29774;JOSE AUGUSTO LOPES BORGES PROF;Japão;1
ESTADUAL - SE;ARACATUBA;ARACATUBA;ARACATUBA;8;29798;MANOEL BENTO DA CRUZ;Colômbia;1
ESTADUAL - SE;ARACATUBA;ARACATUBA;ARACATUBA;8;29798;MANOEL BENTO DA CRUZ;Japão;2
ESTADUAL - SE;ARACATUBA;ARACATUBA;ARACATUBA;8;29804;VITOR ANTONIO TRINDADE PROF;Colômbia;1
ESTADUAL - SE;ARACATUBA;ARACATUBA;ARACATUBA;8;29865;JOSE CANDIDO;Japão;1
ESTADUAL - SE;ARACATUBA;ARACATUBA;ARACATUBA;8;29865;JOSE CANDIDO;Portugal;1
ESTADUAL - SE;ARACATUBA;ARACATUBA;ARACATUBA;8;29865;JOSE CANDIDO;Venezuela;2
ESTADUAL - SE;ARACATUBA;ARACATUBA;ARACATUBA;8;29877;PURCINA ELISA DE ALMEIDA PROFA;Venezuela;1
ESTADUAL - SE;ARACATUBA;ARACATUBA;ARACATUBA;8;29889;JORGE CORREA PROF;Cuba;1
ESTADUAL - SE;ARACATUBA;ARACATUBA;ARACATUBA;8;29890;GENESIO DE ASSIS PROF;Japão;1
ESTADUAL - SE;ARACATUBA;ARACATUBA;ARACATUBA;8;30016;VANIOLE DIONYSIO MARQUES PAVAN PROFA;Venezuela;2
ESTADUAL - SE;ARACATUBA;ARACATUBA;ARACATUBA;8;30053;MARIA APPARECIDA BALTHAZAR POCO PROFA;Japão;1
ESTADUAL - SE;ARACATUBA;ARACATUBA;ARACATUBA;8;30053;MARIA APPARECIDA BALTHAZAR POCO PROFA;Venezuela;1
ESTADUAL - SE;ARACATUBA;ARACATUBA;ARACATUBA;8;907224;ABRANCHE JOSE PROF;Bolívia;1
ESTADUAL - SE;ARACATUBA;ARACATUBA;ARACATUBA;8;907236;MARIA DO CARMO LELIS PROFA;Portugal;1
ESTADUAL - SE;ARACATUBA;ARACATUBA;ARACATUBA;8;909257;ARTHUR LEITE CARRIJO PROF;Colômbia;1
ESTADUAL - SE;ARACATUBA;ARACATUBA;ARACATUBA;8;924611;ARY BOCUHY PROF;Equador;2
ESTADUAL - SE;ARACATUBA;VALPARAISO;VALPARAISO;15;453973;PENITENCIARIA DE VALPARAISO;Chile;1
ESTADUAL - SE;ARARAQUARA;AMERICO BRASILIENSE;AMERICO BRASILIENSE;8;907704;ALBERTO ALVES ROLLO DR;Venezuela;3
ESTADUAL - SE;ARARAQUARA;ARARAQUARA;ARARAQUARA;8;21854;BENTO DE ABREU;Bolívia;1
ESTADUAL - SE;ARARAQUARA;ARARAQUARA;ARARAQUARA;8;21854;BENTO DE ABREU;Venezuela;2
ESTADUAL - SE;ARARAQUARA;ARARAQUARA;ARARAQUARA;8;21945;JOAO PIRES DE CAMARGO DR;Venezuela;5
ESTADUAL - SE;ARARAQUARA;ARARAQUARA;ARARAQUARA;8;21969;FLORESTANO LIBUTTI;Itália;2
ESTADUAL - SE;ARARAQUARA;ARARAQUARA;ARARAQUARA;8;21970;VICTOR LACORTE PROF;Espanha;1
ESTADUAL - SE;ARARAQUARA;ARARAQUARA;ARARAQUARA;8;21970;VICTOR LACORTE PROF;Venezuela;1
ESTADUAL - SE;ARARAQUARA;ARARAQUARA;ARARAQUARA;8;22020;ANTONIO JOAQUIM DE CARVALHO;Cuba;1
ESTADUAL - SE;ARARAQUARA;ARARAQUARA;ARARAQUARA;8;22020;ANTONIO JOAQUIM DE CARVALHO;Japão;1
ESTADUAL - SE;ARARAQUARA;ARARAQUARA;ARARAQUARA;8;22073;JOAO MANOEL DO AMARAL;Japão;1
ESTADUAL - SE;ARARAQUARA;ARARAQUARA;ARARAQUARA;8;22123;LETICIA DE GODOY BUENO DE CARVALHO LOPES PROFA;Japão;1
ESTADUAL - SE;ARARAQUARA;ARARAQUARA;ARARAQUARA;8;22160;JOAO BATISTA DE OLIVEIRA;Venezuela;3
ESTADUAL - SE;ARARAQUARA;ARARAQUARA;ARARAQUARA;8;43540;LUISA ROLFSEN PETRILLI PROFA;Bolívia;2
ESTADUAL - SE;ARARAQUARA;ARARAQUARA;ARARAQUARA;8;43540;LUISA ROLFSEN PETRILLI PROFA;Peru;2
ESTADUAL - SE;ARARAQUARA;ARARAQUARA;ARARAQUARA;8;43540;LUISA ROLFSEN PETRILLI PROFA;Venezuela;5
ESTADUAL - SE;ARARAQUARA;ARARAQUARA;ARARAQUARA;8;462330;JOAQUIM PINTO MACHADO JUNIOR PROFESSOR MACHADINHO;Venezuela;1
ESTADUAL - SE;ARARAQUARA;ARARAQUARA;ARARAQUARA;8;462536;OACYR ANTONIO ELLERO PROFESSOR;Venezuela;3
ESTADUAL - SE;ARARAQUARA;ARARAQUARA;ARARAQUARA;8;479342;URIAS BRAGA COSTA PROFESSOR;Japão;1
ESTADUAL - SE;ARARAQUARA;ARARAQUARA;ARARAQUARA;8;907728;JANDYRA NERY GATTI PROFA;Colômbia;1
ESTADUAL - SE;ARARAQUARA;ARARAQUARA;ARARAQUARA;8;914265;ANGELINA LIA ROLFSEN PROFA;Bolívia;3
ESTADUAL - SE;ARARAQUARA;ARARAQUARA;ARARAQUARA;8;914265;ANGELINA LIA ROLFSEN PROFA;Venezuela;2
ESTADUAL - SE;ARARAQUARA;MATAO;MATAO;8;24934;JOSE INOCENCIO DA COSTA;Argentina;1
ESTADUAL - SE;ARARAQUARA;MATAO;MATAO;8;24946;HENRIQUE MORATO PROF;Argentina;1
ESTADUAL - SE;ARARAQUARA;MATAO;MATAO;8;911896;GUERINO VEDOATO;Argentina;1
ESTADUAL - SE;ARARAQUARA;VILA XAVIER;ARARAQUARA;8;21885;ANTONIA EUGENIA MARTINS PROFA;Colômbia;1
ESTADUAL - SE;ARARAQUARA;VILA XAVIER;ARARAQUARA;8;21885;ANTONIA EUGENIA MARTINS PROFA;Venezuela;1
ESTADUAL - SE;ARARAQUARA;VILA XAVIER;ARARAQUARA;8;21891;GERALDO HONORATO AZZI SACHS PROF;Peru;1
ESTADUAL - SE;ARARAQUARA;VILA XAVIER;ARARAQUARA;8;21994;DORIVAL ALVES;Colômbia;1
ESTADUAL - SE;ARARAQUARA;VILA XAVIER;ARARAQUARA;8;21994;DORIVAL ALVES;Moçambique;1
ESTADUAL - SE;ARARAQUARA;VILA XAVIER;ARARAQUARA;8;21994;DORIVAL ALVES;Venezuela;1
ESTADUAL - SE;ARARAQUARA;VILA XAVIER;ARARAQUARA;8;22081;FRANCISCO PEDRO MONTEIRO DA SILVA;Venezuela;2
ESTADUAL - SE;ARARAQUARA;VILA XAVIER;ARARAQUARA;8;22159;ANTONIO LOURENCO CORREA;Argentina;1
ESTADUAL - SE;ARARAQUARA;VILA XAVIER;ARARAQUARA;8;38982;ANTONIO DOS SANTOS PROF;Venezuela;1
ESTADUAL - SE;ARARAQUARA;VILA XAVIER;ARARAQUARA;8;903334;ANTONIO DE OLIVEIRA BUENO FILHO;Colômbia;1
ESTADUAL - SE;ASSIS;ASSIS;ASSIS;6;428760;CEL JTO A EE PROF CARLOS ALBERTO DE OLIVEIRA;Japão;2
ESTADUAL - SE;ASSIS;ASSIS;ASSIS;8;33108;LEO PIZZATO PROF;Paraguai;1
ESTADUAL - SE;ASSIS;ASSIS;ASSIS;8;33145;CAROLINA FRANCINI BURALI DONA;África do Sul;1
ESTADUAL - SE;ASSIS;ASSIS;ASSIS;8;33212;CLEOPHANIA GALVAO DA SILVA PROFA;Japão;1
ESTADUAL - SE;ASSIS;ASSIS;ASSIS;8;33236;LOURDES PEREIRA PROFA;Japão;1
ESTADUAL - SE;ASSIS;ASSIS;ASSIS;8;33261;CLYBAS PINTO FERRAZ DR;Dinamarca;1
ESTADUAL - SE;ASSIS;ASSIS;ASSIS;8;33261;CLYBAS PINTO FERRAZ DR;Equador;1
ESTADUAL - SE;ASSIS;ASSIS;ASSIS;8;33261;CLYBAS PINTO FERRAZ DR;Venezuela;1
ESTADUAL - SE;ASSIS;ASSIS;ASSIS;8;33273;ERNANI RODRIGUES PROF;Japão;1
ESTADUAL - SE;ASSIS;CANDIDO MOTA;CANDIDO MOTA;8;32980;JOSE DOS SANTOS ALMEIDA;Japão;1
ESTADUAL - SE;ASSIS;PARAGUACU PAULISTA;PARAGUACU PAULISTA;8;33339;ISIDORO BAPTISTA;Japão;1
ESTADUAL - SE;ASSIS;TARUMA;TARUMA;8;900862;DAVID JOSE LUZ PROF;Paraguai;1
ESTADUAL - SE;AVARE;AGUAS DE SANTA BARBARA;AGUAS DE SANTA BARBARA;8;14515;PAULO DELICIO;Paraguai;1
ESTADUAL - SE;AVARE;AVARE;AVARE;8;14461;PAULO ARAUJO NOVAES DOUTOR;Japão;2
ESTADUAL - SE;AVARE;AVARE;AVARE;8;14497;JOAO CRUZ CORONEL;Itália;1
ESTADUAL - SE;AVARE;AVARE;AVARE;8;14631;BENE ANDRADE DONA;Portugal;1
ESTADUAL - SE;AVARE;AVARE;AVARE;8;38908;MARIA IZABEL CRUZ PIMENTEL DONA;Japão;1
ESTADUAL - SE;AVARE;CERQUEIRA CESAR;CERQUEIRA CESAR;8;14527;JOSE LEITE PINHEIRO PROFESSOR;Haiti;1
ESTADUAL - SE;AVARE;CERQUEIRA CESAR;CERQUEIRA CESAR;8;14527;JOSE LEITE PINHEIRO PROFESSOR;Venezuela;1
ESTADUAL - SE;AVARE;ITAI;ITAI;15;453572;PENITENCIARIA CABO P M MARCELO PIRES DA SILVA;Angola;3
ESTADUAL - SE;AVARE;ITAI;ITAI;15;453572;PENITENCIARIA CABO P M MARCELO PIRES DA SILVA;Argentina;3
ESTADUAL - SE;AVARE;ITAI;ITAI;15;453572;PENITENCIARIA CABO P M MARCELO PIRES DA SILVA;Bangladesh;5
ESTADUAL - SE;AVARE;ITAI;ITAI;15;453572;PENITENCIARIA CABO P M MARCELO PIRES DA SILVA;Bolívia;9
ESTADUAL - SE;AVARE;ITAI;ITAI;15;453572;PENITENCIARIA CABO P M MARCELO PIRES DA SILVA;Camarões;2
ESTADUAL - SE;AVARE;ITAI;ITAI;15;453572;PENITENCIARIA CABO P M MARCELO PIRES DA SILVA;Chile;13
ESTADUAL - SE;AVARE;ITAI;ITAI;15;453572;PENITENCIARIA CABO P M MARCELO PIRES DA SILVA;Colômbia;7
ESTADUAL - SE;AVARE;ITAI;ITAI;15;453572;PENITENCIARIA CABO P M MARCELO PIRES DA SILVA;Costa do Marfim;2
ESTADUAL - SE;AVARE;ITAI;ITAI;15;453572;PENITENCIARIA CABO P M MARCELO PIRES DA SILVA;Espanha;3
ESTADUAL - SE;AVARE;ITAI;ITAI;15;453572;PENITENCIARIA CABO P M MARCELO PIRES DA SILVA;Estados Unidos da América;1
ESTADUAL - SE;AVARE;ITAI;ITAI;15;453572;PENITENCIARIA CABO P M MARCELO PIRES DA SILVA;França;1
ESTADUAL - SE;AVARE;ITAI;ITAI;15;453572;PENITENCIARIA CABO P M MARCELO PIRES DA SILVA;Gana;1
ESTADUAL - SE;AVARE;ITAI;ITAI;15;453572;PENITENCIARIA CABO P M MARCELO PIRES DA SILVA;Guiné Equatorial;7
ESTADUAL - SE;AVARE;ITAI;ITAI;15;453572;PENITENCIARIA CABO P M MARCELO PIRES DA SILVA;Haiti;1
ESTADUAL - SE;AVARE;ITAI;ITAI;15;453572;PENITENCIARIA CABO P M MARCELO PIRES DA SILVA;Líbano;2
ESTADUAL - SE;AVARE;ITAI;ITAI;15;453572;PENITENCIARIA CABO P M MARCELO PIRES DA SILVA;Marrocos;2
ESTADUAL - SE;AVARE;ITAI;ITAI;15;453572;PENITENCIARIA CABO P M MARCELO PIRES DA SILVA;Moçambique;1
ESTADUAL - SE;AVARE;ITAI;ITAI;15;453572;PENITENCIARIA CABO P M MARCELO PIRES DA SILVA;Nigéria;22
ESTADUAL - SE;AVARE;ITAI;ITAI;15;453572;PENITENCIARIA CABO P M MARCELO PIRES DA SILVA;Paquistão;1
ESTADUAL - SE;AVARE;ITAI;ITAI;15;453572;PENITENCIARIA CABO P M MARCELO PIRES DA SILVA;Paraguai;3
ESTADUAL - SE;AVARE;ITAI;ITAI;15;453572;PENITENCIARIA CABO P M MARCELO PIRES DA SILVA;Peru;12
ESTADUAL - SE;AVARE;ITAI;ITAI;15;453572;PENITENCIARIA CABO P M MARCELO PIRES DA SILVA;Serra Leoa;2
ESTADUAL - SE;AVARE;ITAI;ITAI;15;453572;PENITENCIARIA CABO P M MARCELO PIRES DA SILVA;Síria;1
ESTADUAL - SE;AVARE;ITAI;ITAI;15;453572;PENITENCIARIA CABO P M MARCELO PIRES DA SILVA;Tanzânia;3
ESTADUAL - SE;AVARE;ITAI;ITAI;15;453572;PENITENCIARIA CABO P M MARCELO PIRES DA SILVA;Togo;1
ESTADUAL - SE;BARRETOS;BARRETOS;BARRETOS;8;22263;ALMEIDA PINTO;Líbano;2
ESTADUAL - SE;BARRETOS;BARRETOS;BARRETOS;8;22329;PAULINA NUNES DE MORAES PROFESSORA;Peru;1
ESTADUAL - SE;BARRETOS;BARRETOS;BARRETOS;8;22329;PAULINA NUNES DE MORAES PROFESSORA;Venezuela;2
ESTADUAL - SE;BARRETOS;BARRETOS;BARRETOS;8;22457;MACEDO SOARES EMBAIXADOR;Venezuela;1
ESTADUAL - SE;BARRETOS;BARRETOS;BARRETOS;8;579889;MARIA HELENA SCANNAVINO;Venezuela;1
ESTADUAL - SE;BARRETOS;BARRETOS;BARRETOS;8;907736;FABIO JUNQUEIRA FRANCO;Peru;1
ESTADUAL - SE;BARRETOS;GUAIRA;GUAIRA;8;22433;ZEZINHO PORTUGAL;Japão;1
ESTADUAL - SE;BARRETOS;OLIMPIA;OLIMPIA;8;28061;MARIA UBALDINA DE BARROS FURQUIM PROFESSORA;Portugal;1
ESTADUAL - SE;BARRETOS;RIBEIRO DOS SANTOS;OLIMPIA;8;28113;FRANCISCO BERNARDES FERREIRA COMENDADOR;Peru;1
ESTADUAL - SE;BAURU;AGUDOS;AGUDOS;8;26037;JOAO BATISTA RIBEIRO;Estados Unidos da América;1
ESTADUAL - SE;BAURU;AGUDOS;AGUDOS;8;26037;JOAO BATISTA RIBEIRO;Venezuela;3
ESTADUAL - SE;BAURU;BAURU;BAURU;6;985582;CEL JTO A EE CHRISTINO CABRAL PROF;Japão;1
ESTADUAL - SE;BAURU;BAURU;BAURU;6;985582;CEL JTO A EE CHRISTINO CABRAL PROF;Peru;1
ESTADUAL - SE;BAURU;BAURU;BAURU;8;25173;PLINIO FERRAZ;Japão;1
ESTADUAL - SE;BAURU;BAURU;BAURU;8;25215;ANTONIO SERRALVO SOBRINHO PROF;Venezuela;4
ESTADUAL - SE;BAURU;BAURU;BAURU;8;25276;LUIZ ZUIANI DR;Colômbia;1
ESTADUAL - SE;BAURU;BAURU;BAURU;8;25276;LUIZ ZUIANI DR;Japão;1
ESTADUAL - SE;BAURU;BAURU;BAURU;8;25276;LUIZ ZUIANI DR;Venezuela;1
ESTADUAL - SE;BAURU;BAURU;BAURU;8;25297;STELA MACHADO;Venezuela;1
ESTADUAL - SE;BAURU;BAURU;BAURU;8;25306;TORQUATO MINHOTO;Venezuela;4
ESTADUAL - SE;BAURU;BAURU;BAURU;8;25318;JOSE VIRANDA PROF;Japão;2
ESTADUAL - SE;BAURU;BAURU;BAURU;8;25410;HENRIQUE BERTOLUCCI PROF;Bangladesh;2
ESTADUAL - SE;BAURU;BAURU;BAURU;8;25410;HENRIQUE BERTOLUCCI PROF;Venezuela;1
ESTADUAL - SE;BAURU;BAURU;BAURU;8;25446;LUIZ CASTANHO DE ALMEIDA PROF;Angola;1
ESTADUAL - SE;BAURU;BAURU;BAURU;8;25458;MORAIS PACHECO PROF;Venezuela;2
ESTADUAL - SE;BAURU;BAURU;BAURU;8;25461;SILVERIO SAO JOAO PROF;Angola;1
ESTADUAL - SE;BAURU;BAURU;BAURU;8;25461;SILVERIO SAO JOAO PROF;Peru;2
ESTADUAL - SE;BAURU;BAURU;BAURU;8;25461;SILVERIO SAO JOAO PROF;Uruguai;1
ESTADUAL - SE;BAURU;BAURU;BAURU;8;25483;CAROLINA LOPES DE ALMEIDA PROFA;Costa Rica;2
ESTADUAL - SE;BAURU;BAURU;BAURU;8;25483;CAROLINA LOPES DE ALMEIDA PROFA;Japão;1
ESTADUAL - SE;BAURU;BAURU;BAURU;8;25495;MERCEDES PAZ BUENO PROFA;Angola;2
ESTADUAL - SE;BAURU;BAURU;BAURU;8;25495;MERCEDES PAZ BUENO PROFA;Colômbia;1
ESTADUAL - SE;BAURU;BAURU;BAURU;8;25495;MERCEDES PAZ BUENO PROFA;Venezuela;3
ESTADUAL - SE;BAURU;BAURU;BAURU;8;25513;JOAQUIM DE MICHIELI PROF;Argentina;1
ESTADUAL - SE;BAURU;BAURU;BAURU;8;25513;JOAQUIM DE MICHIELI PROF;Colômbia;1
ESTADUAL - SE;BAURU;BAURU;BAURU;8;25525;JOSE APARECIDO GUEDES DE AZEVEDO PROF;Equador;1
ESTADUAL - SE;BAURU;BAURU;BAURU;8;25525;JOSE APARECIDO GUEDES DE AZEVEDO PROF;Peru;2
ESTADUAL - SE;BAURU;BAURU;BAURU;8;25537;ERNESTO MONTE;Argentina;1
ESTADUAL - SE;BAURU;BAURU;BAURU;8;25537;ERNESTO MONTE;Venezuela;1
ESTADUAL - SE;BAURU;BAURU;BAURU;8;25562;JOAQUIM RODRIGUES MADUREIRA;Venezuela;2
ESTADUAL - SE;BAURU;BAURU;BAURU;8;25574;FRANCISCO ANTUNES PROF;Venezuela;1
ESTADUAL - SE;BAURU;BAURU;BAURU;8;25598;CHRISTINO CABRAL PROF;Japão;1
ESTADUAL - SE;BAURU;BAURU;BAURU;8;38003;IRACEMA DE CASTRO AMARANTE PROFA;Venezuela;1
ESTADUAL - SE;BAURU;BAURU;BAURU;8;40939;CARLOS CHAGAS DR;Haiti;4
ESTADUAL - SE;BAURU;BAURU;BAURU;8;42936;ARMINDA SBRISSIA IRMA;Japão;1
ESTADUAL - SE;BAURU;BAURU;BAURU;8;43597;AZARIAS LEITE;Japão;1
ESTADUAL - SE;BAURU;BAURU;BAURU;8;49645;FRANCISCO ALVES BRIZOLA PROF;Venezuela;1
ESTADUAL - SE;BAURU;BAURU;BAURU;8;441818;RAYMI OLIVEIRA BAPTISTA PEREIRA PROFESSORA;Japão;2
ESTADUAL - SE;BAURU;BAURU;BAURU;8;441818;RAYMI OLIVEIRA BAPTISTA PEREIRA PROFESSORA;Portugal;1
ESTADUAL - SE;BAURU;BAURU;BAURU;8;565696;PROFA MARIA EUNICE BORGES DE MIRANDA REIS;Peru;1
ESTADUAL - SE;BAURU;BAURU;BAURU;8;900229;DURVAL GUEDES DE AZEVEDO PROF;Venezuela;3
ESTADUAL - SE;BAURU;BAURU;BAURU;8;900990;ANTONIO GUEDES DE AZEVEDO PROF;Japão;1
ESTADUAL - SE;BAURU;BAURU;BAURU;8;901003;ANTONIO FERREIRA DE MENEZES VEREADOR;Japão;1
ESTADUAL - SE;BAURU;BAURU;BAURU;8;919019;ADA CARIANI AVALONE PROFA;Japão;1
ESTADUAL - SE;BAURU;DUARTINA;DUARTINA;8;25331;BENEDITO GEBARA;Japão;1
ESTADUAL - SE;BAURU;LENCOIS PAULISTA;LENCOIS PAULISTA;8;25896;VIRGILIO CAPOANI;Bolívia;1
ESTADUAL - SE;BAURU;LENCOIS PAULISTA;LENCOIS PAULISTA;8;25896;VIRGILIO CAPOANI;Venezuela;2
ESTADUAL - SE;BAURU;PIRAJUI;PIRAJUI;8;26487;MARIA ANGELICA MARCONDES PROFA;Japão;1
ESTADUAL - SE;BAURU;PIRATININGA;PIRATININGA;8;25367;EDUARDO VELHO FILHO PROF;Japão;4
ESTADUAL - SE;BAURU;PRESIDENTE ALVES;PRESIDENTE ALVES;8;44076;MARIA APARECIDA COIMBRA PROFA;Japão;1
ESTADUAL - SE;BIRIGUI;BIRIGUI;BIRIGUI;8;30119;STELIO MACHADO LOUREIRO PROFESSOR;Argentina;1
ESTADUAL - SE;BIRIGUI;BIRIGUI;BIRIGUI;8;30119;STELIO MACHADO LOUREIRO PROFESSOR;Estados Unidos da América;1
ESTADUAL - SE;BIRIGUI;BIRIGUI;BIRIGUI;8;30120;CARLOS ROSA DOUTOR;Portugal;1
ESTADUAL - SE;BIRIGUI;BIRIGUI;BIRIGUI;8;30259;VICENTE FELICIO PRIMO;Portugal;2
ESTADUAL - SE;BIRIGUI;BIRIGUI;BIRIGUI;8;30259;VICENTE FELICIO PRIMO;Suriname;1
ESTADUAL - SE;BIRIGUI;BIRIGUI;BIRIGUI;8;30259;VICENTE FELICIO PRIMO;Venezuela;3
ESTADUAL - SE;BIRIGUI;BIRIGUI;BIRIGUI;8;43102;LYDIA HELENA FRANDSEN STUHR PROFESSORA;Haiti;1
ESTADUAL - SE;BIRIGUI;BIRIGUI;BIRIGUI;8;48562;IZABEL DE ALMEIDA MARIN PROFESSORA;Japão;1
ESTADUAL - SE;BIRIGUI;BIRIGUI;BIRIGUI;8;48562;IZABEL DE ALMEIDA MARIN PROFESSORA;Portugal;3
ESTADUAL - SE;BIRIGUI;BIRIGUI;BIRIGUI;8;48562;IZABEL DE ALMEIDA MARIN PROFESSORA;Venezuela;3
ESTADUAL - SE;BIRIGUI;BIRIGUI;BIRIGUI;8;905926;RICARDO PERUZZO PROFESSOR;Venezuela;1
ESTADUAL - SE;BIRIGUI;BIRIGUI;BIRIGUI;8;905938;HERMINIO CANTISANI PROFESSOR;Portugal;1
ESTADUAL - SE;BIRIGUI;BIRIGUI;BIRIGUI;8;905938;HERMINIO CANTISANI PROFESSOR;Venezuela;5
ESTADUAL - SE;BIRIGUI;BIRIGUI;BIRIGUI;8;917643;GERACINA DE MENEZES SANCHES PROFESSORA;Bolívia;1
ESTADUAL - SE;BIRIGUI;BIRIGUI;BIRIGUI;8;917643;GERACINA DE MENEZES SANCHES PROFESSORA;Japão;2
ESTADUAL - SE;BIRIGUI;BIRIGUI;BIRIGUI;8;917643;GERACINA DE MENEZES SANCHES PROFESSORA;Portugal;1
ESTADUAL - SE;BOTUCATU;BOTUCATU;BOTUCATU;8;14795;LUCIO ANTUNES DE SOUZA DOM;Colômbia;1
ESTADUAL - SE;BOTUCATU;BOTUCATU;BOTUCATU;8;14837;EUCLIDES DE CARVALHO CAMPOS PROF;Colômbia;1
ESTADUAL - SE;BOTUCATU;BOTUCATU;BOTUCATU;8;14837;EUCLIDES DE CARVALHO CAMPOS PROF;Venezuela;1
ESTADUAL - SE;BOTUCATU;BOTUCATU;BOTUCATU;8;14886;JOSE PEDRETTI NETTO PROF;Venezuela;1
ESTADUAL - SE;BOTUCATU;CONCHAS;CONCHAS;8;14692;ANIZIO FERRAZ GODINHO PROF;Argentina;2
ESTADUAL - SE;BOTUCATU;CONCHAS;CONCHAS;8;14692;ANIZIO FERRAZ GODINHO PROF;Haiti;2
ESTADUAL - SE;BOTUCATU;LARANJAL PAULISTA;LARANJAL PAULISTA;8;16536;CESARIO CARLOS DE ALMEIDA;Haiti;1
ESTADUAL - SE;BOTUCATU;PARDINHO;PARDINHO;8;14761;NAPOLEAO CORULE;Qatar;1
ESTADUAL - SE;BOTUCATU;PEREIRAS;PEREIRAS;8;16445;EGILDO PASCHOALUCCI VEREADOR;Haiti;5
ESTADUAL - SE;BRAGANCA PAULISTA;ATIBAIA;ATIBAIA;8;17887;MARIA DO CARMO BARBOSA PROFESSORA;Japão;2
ESTADUAL - SE;BRAGANCA PAULISTA;ATIBAIA;ATIBAIA;8;17917;GABRIEL DA SILVA PROFESSOR;Haiti;1
ESTADUAL - SE;BRAGANCA PAULISTA;ATIBAIA;ATIBAIA;8;17929;ZILAH BARRETO PACITTI PROFESSORA;Chile;1
ESTADUAL - SE;BRAGANCA PAULISTA;ATIBAIA;ATIBAIA;8;17929;ZILAH BARRETO PACITTI PROFESSORA;Japão;1
ESTADUAL - SE;BRAGANCA PAULISTA;ATIBAIA;ATIBAIA;8;17954;CIRCE TEIXEIRA MUSA E SILVA PROFESSORA;Japão;1
ESTADUAL - SE;BRAGANCA PAULISTA;ATIBAIA;ATIBAIA;8;17954;CIRCE TEIXEIRA MUSA E SILVA PROFESSORA;Portugal;1
ESTADUAL - SE;BRAGANCA PAULISTA;ATIBAIA;ATIBAIA;8;17954;CIRCE TEIXEIRA MUSA E SILVA PROFESSORA;Venezuela;1
ESTADUAL - SE;BRAGANCA PAULISTA;ATIBAIA;ATIBAIA;8;18004;FRANCISCO DE AGUIAR PECANHA;Haiti;1
ESTADUAL - SE;BRAGANCA PAULISTA;ATIBAIA;ATIBAIA;8;18004;FRANCISCO DE AGUIAR PECANHA;Venezuela;1
ESTADUAL - SE;BRAGANCA PAULISTA;ATIBAIA;ATIBAIA;8;18041;JUVENAL ALVIM MAJOR;Haiti;2
ESTADUAL - SE;BRAGANCA PAULISTA;ATIBAIA;ATIBAIA;8;18053;JOSE ALVIM;Japão;2
ESTADUAL - SE;BRAGANCA PAULISTA;ATIBAIA;ATIBAIA;8;40368;CONSTANTINO SIMOES DE LIMA PROFESSOR;Japão;2
ESTADUAL - SE;BRAGANCA PAULISTA;ATIBAIA;ATIBAIA;8;40368;CONSTANTINO SIMOES DE LIMA PROFESSOR;Venezuela;1
ESTADUAL - SE;BRAGANCA PAULISTA;ATIBAIA;ATIBAIA;8;49448;EDINALDO APARECIDO SALLES ESTUDANTE;Japão;1
ESTADUAL - SE;BRAGANCA PAULISTA;ATIBAIA;ATIBAIA;8;49448;EDINALDO APARECIDO SALLES ESTUDANTE;Venezuela;1
ESTADUAL - SE;BRAGANCA PAULISTA;ATIBAIA;ATIBAIA;8;498452;JULIO CESAR FLORIDO RAFAELI PROFESSOR;Venezuela;1
ESTADUAL - SE;BRAGANCA PAULISTA;ATIBAIA;ATIBAIA;8;903848;CARLOS JOSE RIBEIRO PROFESSOR;Japão;1
ESTADUAL - SE;BRAGANCA PAULISTA;ATIBAIA;ATIBAIA;8;905410;MARIA CECILIA TEIXEIRA PINTO PROFESSORA;Haiti;1
ESTADUAL - SE;BRAGANCA PAULISTA;ATIBAIA;ATIBAIA;8;905410;MARIA CECILIA TEIXEIRA PINTO PROFESSORA;Japão;1
ESTADUAL - SE;BRAGANCA PAULISTA;BOM JESUS DOS PERDOES;BOM JESUS DOS PERDOES;8;17942;FRANCISCO DAMANTE PROFESSOR;Haiti;4
ESTADUAL - SE;BRAGANCA PAULISTA;BOM JESUS DOS PERDOES;BOM JESUS DOS PERDOES;8;17942;FRANCISCO DAMANTE PROFESSOR;Venezuela;4
ESTADUAL - SE;BRAGANCA PAULISTA;BOM JESUS DOS PERDOES;BOM JESUS DOS PERDOES;8;20850;MANOEL FERRAZ PROFESSOR;Haiti;1
ESTADUAL - SE;BRAGANCA PAULISTA;BOM JESUS DOS PERDOES;BOM JESUS DOS PERDOES;8;45627;JOSE MANOEL ALVARES ROSENDE PROFESSOR;Estados Unidos da América;1
ESTADUAL - SE;BRAGANCA PAULISTA;BOM JESUS DOS PERDOES;BOM JESUS DOS PERDOES;8;45627;JOSE MANOEL ALVARES ROSENDE PROFESSOR;Venezuela;4
ESTADUAL - SE;BRAGANCA PAULISTA;BRAGANCA PAULISTA;BRAGANCA PAULISTA;8;6792;DOM BRUNO GAMBERINI;Venezuela;1
ESTADUAL - SE;BRAGANCA PAULISTA;BRAGANCA PAULISTA;BRAGANCA PAULISTA;8;17772;PAULO SILVA PROFESSOR;Venezuela;2
ESTADUAL - SE;BRAGANCA PAULISTA;BRAGANCA PAULISTA;BRAGANCA PAULISTA;8;17784;JOSE MAURICIO DA ROCHA DOM;Venezuela;1
ESTADUAL - SE;BRAGANCA PAULISTA;BRAGANCA PAULISTA;BRAGANCA PAULISTA;8;17978;JOSE GUILHERME;Venezuela;2
ESTADUAL - SE;BRAGANCA PAULISTA;BRAGANCA PAULISTA;BRAGANCA PAULISTA;8;17991;ALCINDO BUENO DE ASSIS MINISTRO;Paraguai;2
ESTADUAL - SE;BRAGANCA PAULISTA;BRAGANCA PAULISTA;BRAGANCA PAULISTA;8;17991;ALCINDO BUENO DE ASSIS MINISTRO;Venezuela;1
ESTADUAL - SE;BRAGANCA PAULISTA;BRAGANCA PAULISTA;BRAGANCA PAULISTA;8;900187;MATHILDE TEIXEIRA DE MORAES PROFESSORA;Venezuela;1
ESTADUAL - SE;BRAGANCA PAULISTA;BRAGANCA PAULISTA;BRAGANCA PAULISTA;8;909361;SILVIO DE CARVALHO PINTO JUNIOR DOUTOR;Bolívia;2
ESTADUAL - SE;BRAGANCA PAULISTA;BRAGANCA PAULISTA;BRAGANCA PAULISTA;8;912888;INALDO MANTA DESPORTISTA;Bolívia;3
ESTADUAL - SE;BRAGANCA PAULISTA;MORUNGABA;MORUNGABA;8;19525;HONORIO HEINRICH BERNARD NACKE MONSENHOR;Espanha;1
ESTADUAL - SE;BRAGANCA PAULISTA;NAZARE PAULISTA;NAZARE PAULISTA;8;911677;FABIO HACL PINOLA PROF;Bolívia;1
ESTADUAL - SE;BRAGANCA PAULISTA;NAZARE PAULISTA;NAZARE PAULISTA;8;912897;CLELIA DE BARROS LEITE DA SILVA PROFESSORA;Itália;1
ESTADUAL - SE;BRAGANCA PAULISTA;PIRACAIA;PIRACAIA;8;17851;JOAO DE MORAES GOES;Portugal;1
ESTADUAL - SE;BRAGANCA PAULISTA;PIRACAIA;PIRACAIA;8;17905;JOSE SIQUEIRA BUENO;Argentina;1
ESTADUAL - SE;BRAGANCA PAULISTA;PIRACAIA;PIRACAIA;8;909373;ELZA PECANHA DE GODOY;Japão;2
ESTADUAL - SE;BRAGANCA PAULISTA;SOCORRO;SOCORRO;8;17711;JOSEPHINA GALVAO DE FRANCA ANDREUCCI PROFESSORA;Argentina;1
ESTADUAL - SE;BRAGANCA PAULISTA;SOCORRO;SOCORRO;8;17711;JOSEPHINA GALVAO DE FRANCA ANDREUCCI PROFESSORA;Paraguai;2
ESTADUAL - SE;BRAGANCA PAULISTA;SOCORRO;SOCORRO;8;17735;NARCISO PIERONI;Japão;1
ESTADUAL - SE;BRAGANCA PAULISTA;SOCORRO;SOCORRO;8;17759;JOSE FRANCO CRAVEIRO;Japão;1
ESTADUAL - SE;CAIEIRAS;CAIEIRAS;CAIEIRAS;8;5575;ALBERTO GRAF CAPITAO;Bolívia;4
ESTADUAL - SE;CAIEIRAS;CAIEIRAS;CAIEIRAS;8;5587;ISAIAS LUIZ MATIAZZO;Espanha;1
ESTADUAL - SE;CAIEIRAS;CAIEIRAS;CAIEIRAS;8;5629;OTTO WEISZFLOG;Estados Unidos da América;1
ESTADUAL - SE;CAIEIRAS;CAIEIRAS;CAIEIRAS;8;38325;DR NELSON MANZANARES;Haiti;1
ESTADUAL - SE;CAIEIRAS;CAIEIRAS;CAIEIRAS;8;41836;ISAURA VALENTINI HANSER PROFA;Venezuela;2
ESTADUAL - SE;CAIEIRAS;CAIEIRAS;CAIEIRAS;8;44945;JOSE CARLOS DA SILVA JUNIOR;Bolívia;1
ESTADUAL - SE;CAIEIRAS;CAIEIRAS;CAIEIRAS;8;901805;DR MARIO TOLEDO DE MORAES;Haiti;1
ESTADUAL - SE;CAIEIRAS;CAIEIRAS;CAIEIRAS;8;908381;ARMANDO SESTINI;Bolívia;1
ESTADUAL - SE;CAIEIRAS;CAIEIRAS;CAIEIRAS;8;923138;ALFRIED THEODOR WEISZFLOG;Bolívia;1
ESTADUAL - SE;CAIEIRAS;CAJAMAR;CAJAMAR;8;5538;SUZANA DIAS;Haiti;3
ESTADUAL - SE;CAIEIRAS;FRANCISCO MORATO;FRANCISCO MORATO;8;5502;BELEM DA SERRA;Haiti;5
ESTADUAL - SE;CAIEIRAS;FRANCISCO MORATO;FRANCISCO MORATO;8;5770;CELESTINA VALENTE LENGENFELDER PROFA;Haiti;1
ESTADUAL - SE;CAIEIRAS;FRANCISCO MORATO;FRANCISCO MORATO;8;38349;ROGERIO LEVORIN PROF;Bolívia;2
ESTADUAL - SE;CAIEIRAS;FRANCISCO MORATO;FRANCISCO MORATO;8;41853;AFONSO MORENO;Bolívia;1
ESTADUAL - SE;CAIEIRAS;FRANCISCO MORATO;FRANCISCO MORATO;8;41853;AFONSO MORENO;Japão;2
ESTADUAL - SE;CAIEIRAS;FRANCISCO MORATO;FRANCISCO MORATO;8;44957;VINCENZO LOBASSI;Bolívia;2
ESTADUAL - SE;CAIEIRAS;FRANCISCO MORATO;FRANCISCO MORATO;8;48781;ULYSSES SANCHES RAMIRES PROF;Bolívia;1
ESTADUAL - SE;CAIEIRAS;FRANCISCO MORATO;FRANCISCO MORATO;8;288408;CHACARA CAMPONESA JARDIM VASSOURAS;Haiti;1
ESTADUAL - SE;CAIEIRAS;FRANCISCO MORATO;FRANCISCO MORATO;8;906232;LYDIA SCALET WALKER PROFA;Argentina;1
ESTADUAL - SE;CAIEIRAS;FRANCISCO MORATO;FRANCISCO MORATO;8;906232;LYDIA SCALET WALKER PROFA;Bolívia;6
ESTADUAL - SE;CAIEIRAS;FRANCISCO MORATO;FRANCISCO MORATO;8;913443;JOSE DE BARROS MARTINS EDITOR;Bolívia;8
ESTADUAL - SE;CAIEIRAS;FRANCISCO MORATO;FRANCISCO MORATO;8;913443;JOSE DE BARROS MARTINS EDITOR;Paraguai;1
ESTADUAL - SE;CAIEIRAS;FRANCISCO MORATO;FRANCISCO MORATO;8;916869;LENITA CORREA CAMARGO PROFA;Bolívia;4
ESTADUAL - SE;CAIEIRAS;FRANCISCO MORATO;FRANCISCO MORATO;8;916869;LENITA CORREA CAMARGO PROFA;Haiti;2
ESTADUAL - SE;CAIEIRAS;FRANCISCO MORATO;FRANCISCO MORATO;8;921026;PEDRO PAULO DE AGUIAR;Bolívia;8
ESTADUAL - SE;CAIEIRAS;FRANCISCO MORATO;FRANCISCO MORATO;8;923114;JARDIM DAS ROSAS;Haiti;3
ESTADUAL - SE;CAIEIRAS;FRANCISCO MORATO;FRANCISCO MORATO;8;923631;APARECIDO ROBERTO TONELLOTTI PROFESSOR;Bolívia;4
ESTADUAL - SE;CAIEIRAS;FRANCISCO MORATO;FRANCISCO MORATO;8;924167;PARQUE CENTO E VINTE II;Bolívia;1
ESTADUAL - SE;CAIEIRAS;FRANCISCO MORATO;FRANCISCO MORATO;8;924532;JARDIM SILVIA II;Bolívia;6
ESTADUAL - SE;CAIEIRAS;FRANCO DA ROCHA;FRANCO DA ROCHA;8;5678;ISAURA DE MIRANDA BOTTO PROFA;Haiti;5
ESTADUAL - SE;CAIEIRAS;FRANCO DA ROCHA;FRANCO DA ROCHA;8;5691;RITUCO MITANI PROFA;Bolívia;1
ESTADUAL - SE;CAIEIRAS;FRANCO DA ROCHA;FRANCO DA ROCHA;8;5691;RITUCO MITANI PROFA;Haiti;1
ESTADUAL - SE;CAIEIRAS;FRANCO DA ROCHA;FRANCO DA ROCHA;8;5708;DOMINGOS CAMBIAGHI PROF;Bolívia;1
ESTADUAL - SE;CAIEIRAS;FRANCO DA ROCHA;FRANCO DA ROCHA;8;5708;DOMINGOS CAMBIAGHI PROF;Haiti;5
ESTADUAL - SE;CAIEIRAS;FRANCO DA ROCHA;FRANCO DA ROCHA;8;5708;DOMINGOS CAMBIAGHI PROF;Japão;1
ESTADUAL - SE;CAIEIRAS;FRANCO DA ROCHA;FRANCO DA ROCHA;8;5712;BENEDITO FAGUNDES MARQUES;Haiti;1
ESTADUAL - SE;CAIEIRAS;FRANCO DA ROCHA;FRANCO DA ROCHA;8;5769;IRACI SARTORI VIEIRA DA SILVA PROFA;Haiti;1
ESTADUAL - SE;CAIEIRAS;FRANCO DA ROCHA;FRANCO DA ROCHA;8;48823;ADAIL JARBAS DUCLOS;Colômbia;3
ESTADUAL - SE;CAIEIRAS;FRANCO DA ROCHA;FRANCO DA ROCHA;8;50428;KATIA MARIA TARIFA LEME TONELLI PROFA;Haiti;1
ESTADUAL - SE;CAIEIRAS;FRANCO DA ROCHA;FRANCO DA ROCHA;8;50436;JOSE PARADA PROFESSOR;Japão;1
ESTADUAL - SE;CAIEIRAS;FRANCO DA ROCHA;FRANCO DA ROCHA;8;902676;PAULO DUARTE;Argentina;1
ESTADUAL - SE;CAIEIRAS;FRANCO DA ROCHA;FRANCO DA ROCHA;8;902676;PAULO DUARTE;Bolívia;5
ESTADUAL - SE;CAIEIRAS;FRANCO DA ROCHA;FRANCO DA ROCHA;8;902676;PAULO DUARTE;Haiti;1
ESTADUAL - SE;CAIEIRAS;FRANCO DA ROCHA;FRANCO DA ROCHA;8;910636;BENEDITO APARECIDO TAVARES PROF;Colômbia;1
ESTADUAL - SE;CAIEIRAS;FRANCO DA ROCHA;FRANCO DA ROCHA;8;910636;BENEDITO APARECIDO TAVARES PROF;Venezuela;3
ESTADUAL - SE;CAIEIRAS;FRANCO DA ROCHA;FRANCO DA ROCHA;8;921038;LUIZ ALEXANDRE DOS SANTOS;Japão;3
ESTADUAL - SE;CAIEIRAS;FRANCO DA ROCHA;FRANCO DA ROCHA;8;923643;JOCIMARA VIEIRA DA SILVA PROFA;Haiti;2
ESTADUAL - SE;CAIEIRAS;FRANCO DA ROCHA;FRANCO DA ROCHA;8;923643;JOCIMARA VIEIRA DA SILVA PROFA;Venezuela;1
ESTADUAL - SE;CAIEIRAS;FRANCO DA ROCHA;FRANCO DA ROCHA;8;925482;ZILTON BICUDO PROF;Japão;1
ESTADUAL - SE;CAIEIRAS;JORDANESIA;CAJAMAR;8;5548;WALTER RIBAS DE ANDRADE PROF EE;Haiti;3
ESTADUAL - SE;CAIEIRAS;JORDANESIA;CAJAMAR;8;902330;ELCIO JOSE PEREIRA COTRIM PROF;Haiti;2
ESTADUAL - SE;CAIEIRAS;MAIRIPORA;MAIRIPORA;8;5642;NIDE ZAIM CARDOSO PROFA;Bolívia;1
ESTADUAL - SE;CAIEIRAS;MAIRIPORA;MAIRIPORA;8;5642;NIDE ZAIM CARDOSO PROFA;Haiti;2
ESTADUAL - SE;CAIEIRAS;MAIRIPORA;MAIRIPORA;8;5642;NIDE ZAIM CARDOSO PROFA;Venezuela;1
ESTADUAL - SE;CAIEIRAS;MAIRIPORA;MAIRIPORA;8;5685;HERMELINA DE ALBUQUERQUE PASSARELLA PROFA;Argentina;2
ESTADUAL - SE;CAIEIRAS;MAIRIPORA;MAIRIPORA;8;5685;HERMELINA DE ALBUQUERQUE PASSARELLA PROFA;Colômbia;2
ESTADUAL - SE;CAIEIRAS;MAIRIPORA;MAIRIPORA;8;5733;ODARICO OLIVEIRA NASCIMENTO PROF;Bolívia;1
ESTADUAL - SE;CAIEIRAS;MAIRIPORA;MAIRIPORA;8;5745;PIETRO PETRI;Venezuela;3
ESTADUAL - SE;CAIEIRAS;MAIRIPORA;MAIRIPORA;8;39445;OZILDE ALBUQUERQUE PASSARELLA DR;Venezuela;1
ESTADUAL - SE;CAIEIRAS;MAIRIPORA;MAIRIPORA;8;41075;ARTHUR WEINGRILL;Portugal;1
ESTADUAL - SE;CAIEIRAS;MAIRIPORA;MAIRIPORA;8;902385;MARIA ZEZA GOMES DE OLIVEIRA;Bolívia;1
ESTADUAL - SE;CAIEIRAS;MAIRIPORA;MAIRIPORA;8;904934;NAIR HANNICKEL ROMARO;Bolívia;1
ESTADUAL - SE;CAIEIRAS;MAIRIPORA;MAIRIPORA;8;908423;CARLOS AUGUSTO DE PADUA FLEURY PROF;Bolívia;1
ESTADUAL - SE;CAIEIRAS;MAIRIPORA;MAIRIPORA;8;908423;CARLOS AUGUSTO DE PADUA FLEURY PROF;Venezuela;1
ESTADUAL - SE;CAIEIRAS;POLVILHO;CAJAMAR;8;5551;JOAQUIM MARQUES DA SILVA SOBRINHO TTE;Bolívia;1
ESTADUAL - SE;CAIEIRAS;POLVILHO;CAJAMAR;8;38337;ANA MARIA GARRIDO ORLANDIN PROFA;Bolívia;3
ESTADUAL - SE;CAIEIRAS;POLVILHO;CAJAMAR;8;38337;ANA MARIA GARRIDO ORLANDIN PROFA;Haiti;3
ESTADUAL - SE;CAMPINAS LESTE;BARAO DE GERALDO;CAMPINAS;8;18521;GERALDO DE REZENDE BARAO;Argentina;1
ESTADUAL - SE;CAMPINAS LESTE;BARAO DE GERALDO;CAMPINAS;8;18521;GERALDO DE REZENDE BARAO;Colômbia;2
ESTADUAL - SE;CAMPINAS LESTE;BARAO DE GERALDO;CAMPINAS;8;18521;GERALDO DE REZENDE BARAO;Haiti;1
ESTADUAL - SE;CAMPINAS LESTE;BARAO DE GERALDO;CAMPINAS;8;18521;GERALDO DE REZENDE BARAO;Venezuela;1
ESTADUAL - SE;CAMPINAS LESTE;BARAO DE GERALDO;CAMPINAS;8;18582;JOSE PEDRO DE OLIVEIRA;China;1
ESTADUAL - SE;CAMPINAS LESTE;BARAO DE GERALDO;CAMPINAS;8;18582;JOSE PEDRO DE OLIVEIRA;Haiti;1
ESTADUAL - SE;CAMPINAS LESTE;BARAO DE GERALDO;CAMPINAS;8;18582;JOSE PEDRO DE OLIVEIRA;Paquistão;1
ESTADUAL - SE;CAMPINAS LESTE;BARAO DE GERALDO;CAMPINAS;8;18582;JOSE PEDRO DE OLIVEIRA;Reino Unido da Grã-Bretanha e Irlanda do Norte;1
ESTADUAL - SE;CAMPINAS LESTE;BARAO DE GERALDO;CAMPINAS;8;18582;JOSE PEDRO DE OLIVEIRA;Venezuela;2
ESTADUAL - SE;CAMPINAS LESTE;BARAO DE GERALDO;CAMPINAS;8;18867;FRANCISCO ALVARES PROFESSOR;Cabo Verde;1
ESTADUAL - SE;CAMPINAS LESTE;BARAO DE GERALDO;CAMPINAS;8;18867;FRANCISCO ALVARES PROFESSOR;Equador;1
ESTADUAL - SE;CAMPINAS LESTE;BARAO DE GERALDO;CAMPINAS;8;18867;FRANCISCO ALVARES PROFESSOR;Portugal;1
ESTADUAL - SE;CAMPINAS LESTE;BARAO DE GERALDO;CAMPINAS;8;18867;FRANCISCO ALVARES PROFESSOR;Venezuela;1
ESTADUAL - SE;CAMPINAS LESTE;BARAO DE GERALDO;CAMPINAS;8;42651;HILTON FEDERICI PROFESSOR;Argentina;1
ESTADUAL - SE;CAMPINAS LESTE;BARAO DE GERALDO;CAMPINAS;8;42651;HILTON FEDERICI PROFESSOR;Colômbia;3
ESTADUAL - SE;CAMPINAS LESTE;BARAO DE GERALDO;CAMPINAS;8;42651;HILTON FEDERICI PROFESSOR;Haiti;10
ESTADUAL - SE;CAMPINAS LESTE;BARAO DE GERALDO;CAMPINAS;8;42651;HILTON FEDERICI PROFESSOR;Paquistão;1
ESTADUAL - SE;CAMPINAS LESTE;BARAO DE GERALDO;CAMPINAS;8;42651;HILTON FEDERICI PROFESSOR;Venezuela;1
ESTADUAL - SE;CAMPINAS LESTE;BARAO DE GERALDO;CAMPINAS;8;907364;MARIA ALICE COLEVATI RODRIGUES PROFESSORA;Haiti;5
ESTADUAL - SE;CAMPINAS LESTE;BARAO DE GERALDO;CAMPINAS;8;907364;MARIA ALICE COLEVATI RODRIGUES PROFESSORA;Paquistão;1
ESTADUAL - SE;CAMPINAS LESTE;BARAO DE GERALDO;CAMPINAS;8;907364;MARIA ALICE COLEVATI RODRIGUES PROFESSORA;Venezuela;1
ESTADUAL - SE;CAMPINAS LESTE;CAMPINAS LESTE;CAMPINAS;8;18065;CASTORINA CAVALHEIRO DONA;Haiti;1
ESTADUAL - SE;CAMPINAS LESTE;CAMPINAS LESTE;CAMPINAS;8;18065;CASTORINA CAVALHEIRO DONA;Síria;1
ESTADUAL - SE;CAMPINAS LESTE;CAMPINAS LESTE;CAMPINAS;8;18065;CASTORINA CAVALHEIRO DONA;Venezuela;4
ESTADUAL - SE;CAMPINAS LESTE;CAMPINAS LESTE;CAMPINAS;8;18120;LUIS GONZAGA DE MOURA MONSENHOR;Angola;1
ESTADUAL - SE;CAMPINAS LESTE;CAMPINAS LESTE;CAMPINAS;8;18120;LUIS GONZAGA DE MOURA MONSENHOR;Venezuela;1
ESTADUAL - SE;CAMPINAS LESTE;CAMPINAS LESTE;CAMPINAS;8;18144;CRISTIANO VOLKART;Colômbia;1
ESTADUAL - SE;CAMPINAS LESTE;CAMPINAS LESTE;CAMPINAS;8;18193;DORA MARIA MACIEL DE CASTRO KANSO PROFESSORA;Chile;1
ESTADUAL - SE;CAMPINAS LESTE;CAMPINAS LESTE;CAMPINAS;8;18200;ANA RITA GODINHO POUSA PROFESSORA;Haiti;1
ESTADUAL - SE;CAMPINAS LESTE;CAMPINAS LESTE;CAMPINAS;8;18200;ANA RITA GODINHO POUSA PROFESSORA;Peru;1
ESTADUAL - SE;CAMPINAS LESTE;CAMPINAS LESTE;CAMPINAS;8;18211;JOSE VILAGELIN NETO PROFESSOR;Colômbia;1
ESTADUAL - SE;CAMPINAS LESTE;CAMPINAS LESTE;CAMPINAS;8;18235;JOAO LOURENCO RODRIGUES PROFESSOR;Chile;1
ESTADUAL - SE;CAMPINAS LESTE;CAMPINAS LESTE;CAMPINAS;8;18235;JOAO LOURENCO RODRIGUES PROFESSOR;Cuba;1
ESTADUAL - SE;CAMPINAS LESTE;CAMPINAS LESTE;CAMPINAS;8;18235;JOAO LOURENCO RODRIGUES PROFESSOR;Venezuela;1
ESTADUAL - SE;CAMPINAS LESTE;CAMPINAS LESTE;CAMPINAS;8;18247;FRANCISCO GLICERIO;China;1
ESTADUAL - SE;CAMPINAS LESTE;CAMPINAS LESTE;CAMPINAS;8;18247;FRANCISCO GLICERIO;Venezuela;1
ESTADUAL - SE;CAMPINAS LESTE;CAMPINAS LESTE;CAMPINAS;8;18260;ADALBERTO PRADO E SILVA PROFESSOR;Estados Unidos da América;1
ESTADUAL - SE;CAMPINAS LESTE;CAMPINAS LESTE;CAMPINAS;8;18260;ADALBERTO PRADO E SILVA PROFESSOR;Haiti;1
ESTADUAL - SE;CAMPINAS LESTE;CAMPINAS LESTE;CAMPINAS;8;18260;ADALBERTO PRADO E SILVA PROFESSOR;Japão;2
ESTADUAL - SE;CAMPINAS LESTE;CAMPINAS LESTE;CAMPINAS;8;18260;ADALBERTO PRADO E SILVA PROFESSOR;Venezuela;1
ESTADUAL - SE;CAMPINAS LESTE;CAMPINAS LESTE;CAMPINAS;8;18284;ADALBERTO NASCIMENTO;Argentina;1
ESTADUAL - SE;CAMPINAS LESTE;CAMPINAS LESTE;CAMPINAS;8;18284;ADALBERTO NASCIMENTO;Estados Unidos da América;1
ESTADUAL - SE;CAMPINAS LESTE;CAMPINAS LESTE;CAMPINAS;8;18284;ADALBERTO NASCIMENTO;Itália;1
ESTADUAL - SE;CAMPINAS LESTE;CAMPINAS LESTE;CAMPINAS;8;18284;ADALBERTO NASCIMENTO;Venezuela;1
ESTADUAL - SE;CAMPINAS LESTE;CAMPINAS LESTE;CAMPINAS;8;18302;CARLOS GOMES;Bolívia;1
ESTADUAL - SE;CAMPINAS LESTE;CAMPINAS LESTE;CAMPINAS;8;18302;CARLOS GOMES;Colômbia;1
ESTADUAL - SE;CAMPINAS LESTE;CAMPINAS LESTE;CAMPINAS;8;18302;CARLOS GOMES;Cuba;1
ESTADUAL - SE;CAMPINAS LESTE;CAMPINAS LESTE;CAMPINAS;8;18302;CARLOS GOMES;Estados Unidos da América;1
ESTADUAL - SE;CAMPINAS LESTE;CAMPINAS LESTE;CAMPINAS;8;18302;CARLOS GOMES;Haiti;2
ESTADUAL - SE;CAMPINAS LESTE;CAMPINAS LESTE;CAMPINAS;8;18302;CARLOS GOMES;Japão;2
ESTADUAL - SE;CAMPINAS LESTE;CAMPINAS LESTE;CAMPINAS;8;18302;CARLOS GOMES;Síria;4
ESTADUAL - SE;CAMPINAS LESTE;CAMPINAS LESTE;CAMPINAS;8;18302;CARLOS GOMES;Venezuela;4
ESTADUAL - SE;CAMPINAS LESTE;CAMPINAS LESTE;CAMPINAS;8;18326;CULTO A CIENCIA;Cuba;1
ESTADUAL - SE;CAMPINAS LESTE;CAMPINAS LESTE;CAMPINAS;8;18338;GUSTAVO MARCONDES;Venezuela;1
ESTADUAL - SE;CAMPINAS LESTE;CAMPINAS LESTE;CAMPINAS;8;18348;ARTUR SEGURADO;Haiti;1
ESTADUAL - SE;CAMPINAS LESTE;CAMPINAS LESTE;CAMPINAS;8;18348;ARTUR SEGURADO;Países Baixos (Holanda);1
ESTADUAL - SE;CAMPINAS LESTE;CAMPINAS LESTE;CAMPINAS;8;18348;ARTUR SEGURADO;Venezuela;2
ESTADUAL - SE;CAMPINAS LESTE;CAMPINAS LESTE;CAMPINAS;8;18351;OROSIMBO MAIA;Peru;2
ESTADUAL - SE;CAMPINAS LESTE;CAMPINAS LESTE;CAMPINAS;8;18351;OROSIMBO MAIA;Venezuela;1
ESTADUAL - SE;CAMPINAS LESTE;CAMPINAS LESTE;CAMPINAS;8;18399;JOAQUIM FERREIRA LIMA PROFESSOR;Espanha;2
ESTADUAL - SE;CAMPINAS LESTE;CAMPINAS LESTE;CAMPINAS;8;18399;JOAQUIM FERREIRA LIMA PROFESSOR;Venezuela;1
ESTADUAL - SE;CAMPINAS LESTE;CAMPINAS LESTE;CAMPINAS;8;18429;BENEDITO SAMPAIO PROFESSOR;Haiti;1
ESTADUAL - SE;CAMPINAS LESTE;CAMPINAS LESTE;CAMPINAS;8;18454;FABIO FARIA DE SYLLOS PROFESSOR;Chile;1
ESTADUAL - SE;CAMPINAS LESTE;CAMPINAS LESTE;CAMPINAS;8;18533;31 DE MARCO;Chile;1
ESTADUAL - SE;CAMPINAS LESTE;CAMPINAS LESTE;CAMPINAS;8;18533;31 DE MARCO;Dominicana, República;2
ESTADUAL - SE;CAMPINAS LESTE;CAMPINAS LESTE;CAMPINAS;8;18533;31 DE MARCO;Haiti;8
ESTADUAL - SE;CAMPINAS LESTE;CAMPINAS LESTE;CAMPINAS;8;18557;ARY MONTEIRO GALVAO PROFESSOR;Venezuela;2
ESTADUAL - SE;CAMPINAS LESTE;CAMPINAS LESTE;CAMPINAS;8;18570;JOSE MARIA MATOSINHO;Colômbia;1
ESTADUAL - SE;CAMPINAS LESTE;CAMPINAS LESTE;CAMPINAS;8;18570;JOSE MARIA MATOSINHO;Japão;1
ESTADUAL - SE;CAMPINAS LESTE;CAMPINAS LESTE;CAMPINAS;8;18715;ANTONIO VILELA JUNIOR PROFESSOR;Colômbia;2
ESTADUAL - SE;CAMPINAS LESTE;CAMPINAS LESTE;CAMPINAS;8;18715;ANTONIO VILELA JUNIOR PROFESSOR;Venezuela;1
ESTADUAL - SE;CAMPINAS LESTE;CAMPINAS LESTE;CAMPINAS;8;18764;ATALIBA NOGUEIRA BARAO;Arménia;1
ESTADUAL - SE;CAMPINAS LESTE;CAMPINAS LESTE;CAMPINAS;8;18764;ATALIBA NOGUEIRA BARAO;Cuba;1
ESTADUAL - SE;CAMPINAS LESTE;CAMPINAS LESTE;CAMPINAS;8;18764;ATALIBA NOGUEIRA BARAO;Nigéria;1
ESTADUAL - SE;CAMPINAS LESTE;CAMPINAS LESTE;CAMPINAS;8;18764;ATALIBA NOGUEIRA BARAO;Venezuela;1
ESTADUAL - SE;CAMPINAS LESTE;CAMPINAS LESTE;CAMPINAS;8;18776;CARLOS LENCASTRE PROFESSOR;Bolívia;1
ESTADUAL - SE;CAMPINAS LESTE;CAMPINAS LESTE;CAMPINAS;8;18806;FELIPE CANTUSIO;Bolívia;1
ESTADUAL - SE;CAMPINAS LESTE;CAMPINAS LESTE;CAMPINAS;8;18806;FELIPE CANTUSIO;Japão;2
ESTADUAL - SE;CAMPINAS LESTE;CAMPINAS LESTE;CAMPINAS;8;18818;CASTINAUTA DE BARROS MELLO E ALBUQUERQUE PROFESSORA;Chile;1
ESTADUAL - SE;CAMPINAS LESTE;CAMPINAS LESTE;CAMPINAS;8;18818;CASTINAUTA DE BARROS MELLO E ALBUQUERQUE PROFESSORA;Haiti;3
ESTADUAL - SE;CAMPINAS LESTE;CAMPINAS LESTE;CAMPINAS;8;18818;CASTINAUTA DE BARROS MELLO E ALBUQUERQUE PROFESSORA;Venezuela;1
ESTADUAL - SE;CAMPINAS LESTE;CAMPINAS LESTE;CAMPINAS;8;18879;VITOR MEIRELLES;Portugal;1
ESTADUAL - SE;CAMPINAS LESTE;CAMPINAS LESTE;CAMPINAS;8;18880;CARLOS FRANCISCO DE PAULA PROFESSOR;Colômbia;1
ESTADUAL - SE;CAMPINAS LESTE;CAMPINAS LESTE;CAMPINAS;8;18880;CARLOS FRANCISCO DE PAULA PROFESSOR;Japão;1
ESTADUAL - SE;CAMPINAS LESTE;CAMPINAS LESTE;CAMPINAS;8;18922;GUIDO SEGALHO;Colômbia;1
ESTADUAL - SE;CAMPINAS LESTE;CAMPINAS LESTE;CAMPINAS;8;18922;GUIDO SEGALHO;Venezuela;2
ESTADUAL - SE;CAMPINAS LESTE;CAMPINAS LESTE;CAMPINAS;8;18934;CONSUELO FREIRE BRANDAO PROFESSORA;Colômbia;1
ESTADUAL - SE;CAMPINAS LESTE;CAMPINAS LESTE;CAMPINAS;8;35907;DANTE ALIGHIERI VITA PROFESSOR;Qatar;1
ESTADUAL - SE;CAMPINAS LESTE;CAMPINAS LESTE;CAMPINAS;8;37148;CARLOS ARAUJO PIMENTEL PROFESSOR DOUTOR;Haiti;2
ESTADUAL - SE;CAMPINAS LESTE;CAMPINAS LESTE;CAMPINAS;8;37148;CARLOS ARAUJO PIMENTEL PROFESSOR DOUTOR;Venezuela;4
ESTADUAL - SE;CAMPINAS LESTE;CAMPINAS LESTE;CAMPINAS;8;37965;MARIO NATIVIDADE DOUTOR;Bolívia;1
ESTADUAL - SE;CAMPINAS LESTE;CAMPINAS LESTE;CAMPINAS;8;37965;MARIO NATIVIDADE DOUTOR;Venezuela;3
ESTADUAL - SE;CAMPINAS LESTE;CAMPINAS LESTE;CAMPINAS;8;42626;SEBASTIAO RAMOS NOGUEIRA PROFESSOR;Peru;2
ESTADUAL - SE;CAMPINAS LESTE;CAMPINAS LESTE;CAMPINAS;8;47181;WILSON BRANDAO TOFFANO PROFESSOR;Bolívia;1
ESTADUAL - SE;CAMPINAS LESTE;CAMPINAS LESTE;CAMPINAS;8;47193;ROQUE DE MAGALHAES BARROS PROFESSOR;Haiti;2
ESTADUAL - SE;CAMPINAS LESTE;CAMPINAS LESTE;CAMPINAS;8;65626;TELEMACO PAIOLI MELGES DOUTOR;Haiti;4
ESTADUAL - SE;CAMPINAS LESTE;CAMPINAS LESTE;CAMPINAS;8;901088;ALBERTO MEDALJON PROFESSOR;Venezuela;2
ESTADUAL - SE;CAMPINAS LESTE;CAMPINAS LESTE;CAMPINAS;8;903875;MOACYR SANTOS DE CAMPOS PROFESSOR;Venezuela;2
ESTADUAL - SE;CAMPINAS LESTE;CAMPINAS LESTE;CAMPINAS;8;903887;WASHINGTON JOSE DE LACERDA ORTIZ PROFESSOR;Venezuela;2
ESTADUAL - SE;CAMPINAS LESTE;CAMPINAS LESTE;CAMPINAS;8;907418;HUMBERTO DE CAMPOS INSTITUTO POPULAR;Venezuela;1
ESTADUAL - SE;CAMPINAS LESTE;CAMPINAS LESTE;CAMPINAS;8;912924;EUNICE VIRGINIA RAMOS NAVERO PROFESSORA;Venezuela;2
ESTADUAL - SE;CAMPINAS LESTE;CAMPINAS LESTE;CAMPINAS;8;914885;SERGIO PEREIRA PORTO FISICO;Colômbia;3
ESTADUAL - SE;CAMPINAS LESTE;CAMPINAS LESTE;CAMPINAS;8;914885;SERGIO PEREIRA PORTO FISICO;Equador;1
ESTADUAL - SE;CAMPINAS LESTE;CAMPINAS LESTE;CAMPINAS;8;914885;SERGIO PEREIRA PORTO FISICO;Honduras;1
ESTADUAL - SE;CAMPINAS LESTE;CAMPINAS LESTE;CAMPINAS;8;914885;SERGIO PEREIRA PORTO FISICO;Moçambique;1
ESTADUAL - SE;CAMPINAS LESTE;CAMPINAS LESTE;CAMPINAS;8;914885;SERGIO PEREIRA PORTO FISICO;Nigéria;2
ESTADUAL - SE;CAMPINAS LESTE;CAMPINAS LESTE;CAMPINAS;8;914885;SERGIO PEREIRA PORTO FISICO;Peru;1
ESTADUAL - SE;CAMPINAS LESTE;CAMPINAS LESTE;CAMPINAS;8;914885;SERGIO PEREIRA PORTO FISICO;Venezuela;1
ESTADUAL - SE;CAMPINAS LESTE;CAMPINAS LESTE;CAMPINAS;8;920502;LUIZ GONZAGA HORTA LISBOA PROFESSOR;Haiti;2
ESTADUAL - SE;CAMPINAS LESTE;CAMPINAS LESTE;CAMPINAS;8;920502;LUIZ GONZAGA HORTA LISBOA PROFESSOR;Peru;1
ESTADUAL - SE;CAMPINAS LESTE;CAMPINAS LESTE;CAMPINAS;8;922420;ADIWALDE DE OLIVEIRA COELHO PROFESSOR;Chile;1
ESTADUAL - SE;CAMPINAS LESTE;CAMPINAS LESTE;CAMPINAS;8;922420;ADIWALDE DE OLIVEIRA COELHO PROFESSOR;Venezuela;2
ESTADUAL - SE;CAMPINAS LESTE;JAGUARIUNA;JAGUARIUNA;8;47053;JULIA CALHAU RODRIGUES PROFESSORA;Haiti;1
ESTADUAL - SE;CAMPINAS LESTE;JOAQUIM EGIDIO;CAMPINAS;8;18107;FRANCISCO BARRETO LEME;Portugal;1
ESTADUAL - SE;CAMPINAS LESTE;NOVA APARECIDA;CAMPINAS;8;65785;MARIA DE LOURDES BORDINI PROFESSORA;Haiti;7
ESTADUAL - SE;CAMPINAS OESTE;CAMPINAS OESTE;CAMPINAS;8;18259;LUIZ GALHARDO PROFESSOR;Jamaica;1
ESTADUAL - SE;CAMPINAS OESTE;CAMPINAS OESTE;CAMPINAS;8;18478;MILTON DE TOLOSA PROFESSOR;Colômbia;2
ESTADUAL - SE;CAMPINAS OESTE;CAMPINAS OESTE;CAMPINAS;8;18485;MARCELINO VELEZ PROFESSOR;Venezuela;1
ESTADUAL - SE;CAMPINAS OESTE;CAMPINAS OESTE;CAMPINAS;8;18491;LAIS BERTONI PEREIRA PROFESSORA;Japão;1
ESTADUAL - SE;CAMPINAS OESTE;CAMPINAS OESTE;CAMPINAS;8;18508;LUIZ GONZAGA DA COSTA PROFESSOR;Japão;1
ESTADUAL - SE;CAMPINAS OESTE;CAMPINAS OESTE;CAMPINAS;8;18594;JULIO MESQUITA;Colômbia;1
ESTADUAL - SE;CAMPINAS OESTE;CAMPINAS OESTE;CAMPINAS;8;18594;JULIO MESQUITA;Japão;1
ESTADUAL - SE;CAMPINAS OESTE;CAMPINAS OESTE;CAMPINAS;8;18697;JOSE DOS SANTOS PADRE;Bolívia;1
ESTADUAL - SE;CAMPINAS OESTE;CAMPINAS OESTE;CAMPINAS;8;18740;EMILIO JOSE SALIM MONSENHOR DOUTOR;Haiti;2
ESTADUAL - SE;CAMPINAS OESTE;CAMPINAS OESTE;CAMPINAS;8;18740;EMILIO JOSE SALIM MONSENHOR DOUTOR;Japão;1
ESTADUAL - SE;CAMPINAS OESTE;CAMPINAS OESTE;CAMPINAS;8;18740;EMILIO JOSE SALIM MONSENHOR DOUTOR;Venezuela;1
ESTADUAL - SE;CAMPINAS OESTE;CAMPINAS OESTE;CAMPINAS;8;18797;DOM BARRETO;Colômbia;1
ESTADUAL - SE;CAMPINAS OESTE;CAMPINAS OESTE;CAMPINAS;8;18797;DOM BARRETO;Estados Unidos da América;1
ESTADUAL - SE;CAMPINAS OESTE;CAMPINAS OESTE;CAMPINAS;8;18797;DOM BARRETO;Japão;1
ESTADUAL - SE;CAMPINAS OESTE;CAMPINAS OESTE;CAMPINAS;8;18797;DOM BARRETO;Síria;3
ESTADUAL - SE;CAMPINAS OESTE;CAMPINAS OESTE;CAMPINAS;8;18797;DOM BARRETO;Venezuela;5
ESTADUAL - SE;CAMPINAS OESTE;CAMPINAS OESTE;CAMPINAS;8;18824;MANOEL ALEXANDRE MARCONDES MACHADO DOUTOR;Bolívia;3
ESTADUAL - SE;CAMPINAS OESTE;CAMPINAS OESTE;CAMPINAS;8;18910;NORBERTO DE SOUZA PINTO PROF DOUTOR;Colômbia;1
ESTADUAL - SE;CAMPINAS OESTE;CAMPINAS OESTE;CAMPINAS;8;18910;NORBERTO DE SOUZA PINTO PROF DOUTOR;Haiti;1
ESTADUAL - SE;CAMPINAS OESTE;CAMPINAS OESTE;CAMPINAS;8;18910;NORBERTO DE SOUZA PINTO PROF DOUTOR;Japão;1
ESTADUAL - SE;CAMPINAS OESTE;CAMPINAS OESTE;CAMPINAS;8;18910;NORBERTO DE SOUZA PINTO PROF DOUTOR;Venezuela;6
ESTADUAL - SE;CAMPINAS OESTE;CAMPINAS OESTE;CAMPINAS;8;40859;PROCOPIO FERREIRA;Estados Unidos da América;1
ESTADUAL - SE;CAMPINAS OESTE;CAMPINAS OESTE;CAMPINAS;8;40859;PROCOPIO FERREIRA;Venezuela;1
ESTADUAL - SE;CAMPINAS OESTE;CAMPINAS OESTE;CAMPINAS;8;40873;JAMIL GADIA DEPUTADO;Bolívia;1
ESTADUAL - SE;CAMPINAS OESTE;CAMPINAS OESTE;CAMPINAS;8;40873;JAMIL GADIA DEPUTADO;Colômbia;1
ESTADUAL - SE;CAMPINAS OESTE;CAMPINAS OESTE;CAMPINAS;8;45676;ORLANDO SIGNORELLI;Vietname;1
ESTADUAL - SE;CAMPINAS OESTE;CAMPINAS OESTE;CAMPINAS;8;46176;NEWTON PIMENTA NEVES PROFESSOR;China;2
ESTADUAL - SE;CAMPINAS OESTE;CAMPINAS OESTE;CAMPINAS;8;47156;EDUARDO BARNABE DEPUTADO;Colômbia;3
ESTADUAL - SE;CAMPINAS OESTE;CAMPINAS OESTE;CAMPINAS;8;47173;ANTONIO PIRES BARBOSA DOUTOR;Portugal;1
ESTADUAL - SE;CAMPINAS OESTE;CAMPINAS OESTE;CAMPINAS;8;47200;ELVIRA DE PARDO MEO MURARO;Haiti;5
ESTADUAL - SE;CAMPINAS OESTE;CAMPINAS OESTE;CAMPINAS;8;127796;CECILIA DE GODOY CAMARGO JORNALISTA;Peru;2
ESTADUAL - SE;CAMPINAS OESTE;CAMPINAS OESTE;CAMPINAS;8;430705;JARDIM ICARAI;Argentina;1
ESTADUAL - SE;CAMPINAS OESTE;CAMPINAS OESTE;CAMPINAS;8;430705;JARDIM ICARAI;Colômbia;2
ESTADUAL - SE;CAMPINAS OESTE;CAMPINAS OESTE;CAMPINAS;8;430705;JARDIM ICARAI;Paraguai;1
ESTADUAL - SE;CAMPINAS OESTE;CAMPINAS OESTE;CAMPINAS;8;436012;CLAUDIA FRANCISCO DA SILVA;Colômbia;1
ESTADUAL - SE;CAMPINAS OESTE;CAMPINAS OESTE;CAMPINAS;8;436012;CLAUDIA FRANCISCO DA SILVA;Equador;1
ESTADUAL - SE;CAMPINAS OESTE;CAMPINAS OESTE;CAMPINAS;8;436012;CLAUDIA FRANCISCO DA SILVA;Espanha;1
ESTADUAL - SE;CAMPINAS OESTE;CAMPINAS OESTE;CAMPINAS;8;436012;CLAUDIA FRANCISCO DA SILVA;Japão;1
ESTADUAL - SE;CAMPINAS OESTE;CAMPINAS OESTE;CAMPINAS;8;436012;CLAUDIA FRANCISCO DA SILVA;Peru;1
ESTADUAL - SE;CAMPINAS OESTE;CAMPINAS OESTE;CAMPINAS;8;436012;CLAUDIA FRANCISCO DA SILVA;Venezuela;2
ESTADUAL - SE;CAMPINAS OESTE;CAMPINAS OESTE;CAMPINAS;8;561411;JARDIM MARISA;Nigéria;1
ESTADUAL - SE;CAMPINAS OESTE;CAMPINAS OESTE;CAMPINAS;8;577066;JARDIM OURO PRETO;Paraguai;1
ESTADUAL - SE;CAMPINAS OESTE;CAMPINAS OESTE;CAMPINAS;8;901097;MARIA JULIETA DE GODOI CARTEZANI PROFESSORA;Cuba;1
ESTADUAL - SE;CAMPINAS OESTE;CAMPINAS OESTE;CAMPINAS;8;901106;JOAQUIM PEDROSO SARGENTO;Espanha;1
ESTADUAL - SE;CAMPINAS OESTE;CAMPINAS OESTE;CAMPINAS;8;901118;ELISEU NARCISO REVERENDO;Bolívia;1
ESTADUAL - SE;CAMPINAS OESTE;CAMPINAS OESTE;CAMPINAS;8;901124;CELESTE PALANDI DE MELLO PROFESSORA;Venezuela;3
ESTADUAL - SE;CAMPINAS OESTE;CAMPINAS OESTE;CAMPINAS;8;901131;NEWTON OPPERMANN DOUTOR;Haiti;8
ESTADUAL - SE;CAMPINAS OESTE;CAMPINAS OESTE;CAMPINAS;8;902559;VENERANDA MARTINS SIQUEIRA DONA;Paraguai;1
ESTADUAL - SE;CAMPINAS OESTE;CAMPINAS OESTE;CAMPINAS;8;903917;SALVADOR BOVE PROFESSOR;Japão;1
ESTADUAL - SE;CAMPINAS OESTE;CAMPINAS OESTE;CAMPINAS;8;905446;MARIO JUNQUEIRA DA SILVA PROFESSOR;Venezuela;1
ESTADUAL - SE;CAMPINAS OESTE;CAMPINAS OESTE;CAMPINAS;8;905461;THEREZINA DA FONSECA PARES PROFESSORA;Colômbia;1
ESTADUAL - SE;CAMPINAS OESTE;CAMPINAS OESTE;CAMPINAS;8;905471;RUY RODRIGUEZ;Venezuela;1
ESTADUAL - SE;CAMPINAS OESTE;CAMPINAS OESTE;CAMPINAS;8;907406;MARIA DE LOURDES CAMPOS FREIRE MARQUES PROFESSORA;Estados Unidos da América;1
ESTADUAL - SE;CAMPINAS OESTE;CAMPINAS OESTE;CAMPINAS;8;907406;MARIA DE LOURDES CAMPOS FREIRE MARQUES PROFESSORA;Portugal;1
ESTADUAL - SE;CAMPINAS OESTE;CAMPINAS OESTE;CAMPINAS;8;907406;MARIA DE LOURDES CAMPOS FREIRE MARQUES PROFESSORA;Venezuela;1
ESTADUAL - SE;CAMPINAS OESTE;CAMPINAS OESTE;CAMPINAS;8;909397;PAULO JOSE OCTAVIANO PROFESSOR;Peru;2
ESTADUAL - SE;CAMPINAS OESTE;CAMPINAS OESTE;CAMPINAS;8;917758;DISNEI FRANCISCO SCORNAIENCHI DOUTOR;Itália;1
ESTADUAL - SE;CAMPINAS OESTE;CAMPINAS OESTE;CAMPINAS;8;922432;CONCEICAO RIBEIRO PROFESSORA;Haiti;1
ESTADUAL - SE;CAMPINAS OESTE;CAMPINAS OESTE;CAMPINAS;8;922985;ANTONIO DA COSTA SANTOS PREFEITO;Portugal;1
ESTADUAL - SE;CAMPINAS OESTE;CAMPINAS OESTE;CAMPINAS;8;923394;PROFESSORA MARIA  HELENA ANTONIO CARDOSO;Portugal;1
ESTADUAL - SE;CAMPINAS OESTE;CAMPINAS OESTE;CAMPINAS;8;924556;HILDA HILST ESCRITORA;Colômbia;1
ESTADUAL - SE;CAMPINAS OESTE;CAMPINAS OESTE;CAMPINAS;8;924556;HILDA HILST ESCRITORA;Haiti;1
ESTADUAL - SE;CAMPINAS OESTE;CAMPINAS OESTE;CAMPINAS;8;924573;RACHEL DE QUEIROZ ESCRITORA;Colômbia;1
ESTADUAL - SE;CAMPINAS OESTE;CAMPINAS OESTE;CAMPINAS;8;924933;GLORIA APARECIDA ROSA VIANA PROFESSORA;Haiti;1
ESTADUAL - SE;CAMPINAS OESTE;NOVA APARECIDA;CAMPINAS;8;45718;MIGUEL VICENTE CURY;Venezuela;2
ESTADUAL - SE;CAMPINAS OESTE;VALINHOS;VALINHOS;8;18089;ANTONIO ALVES ARANHA PROFESSOR;China;1
ESTADUAL - SE;CAMPINAS OESTE;VALINHOS;VALINHOS;8;18089;ANTONIO ALVES ARANHA PROFESSOR;Colômbia;1
ESTADUAL - SE;CAMPINAS OESTE;VALINHOS;VALINHOS;8;18089;ANTONIO ALVES ARANHA PROFESSOR;Cuba;1
ESTADUAL - SE;CAMPINAS OESTE;VALINHOS;VALINHOS;8;18168;CYRO DE BARROS REZENDE PROFESSOR;Bolívia;2
ESTADUAL - SE;CAMPINAS OESTE;VALINHOS;VALINHOS;8;18168;CYRO DE BARROS REZENDE PROFESSOR;Venezuela;1
ESTADUAL - SE;CAMPINAS OESTE;VALINHOS;VALINHOS;8;49451;ADONIRAN BARBOSA;Venezuela;1
ESTADUAL - SE;CAMPINAS OESTE;VINHEDO;VINHEDO;8;18417;PATRIARCA DA INDEPENDENCIA;Colômbia;1
ESTADUAL - SE;CAMPINAS OESTE;VINHEDO;VINHEDO;8;18417;PATRIARCA DA INDEPENDENCIA;Venezuela;1
ESTADUAL - SE;CAMPINAS OESTE;VINHEDO;VINHEDO;8;920642;MARIA DO CARMO RICCI VON ZUBEN PROFESSORA;Peru;1
ESTADUAL - SE;CAPIVARI;CAPIVARI;CAPIVARI;8;20795;MARIA JANUARIA VAZ TUCCORI PROFESSORA;Paraguai;1
ESTADUAL - SE;CAPIVARI;CAPIVARI;CAPIVARI;8;20801;FABIANO JOSE MOREIRA CAMARGO PADRE;Haiti;1
ESTADUAL - SE;CAPIVARI;INDAIATUBA;INDAIATUBA;8;18624;JOAQUIM PEDROSO DE ALVARENGA;Japão;1
ESTADUAL - SE;CAPIVARI;INDAIATUBA;INDAIATUBA;8;18659;GERALDO ENEAS DE CAMPOS PROFESSOR;Colômbia;1
ESTADUAL - SE;CAPIVARI;INDAIATUBA;INDAIATUBA;8;18661;HELENA DE CAMPOS CAMARGO PROFESSORA;Bolívia;1
ESTADUAL - SE;CAPIVARI;INDAIATUBA;INDAIATUBA;8;18661;HELENA DE CAMPOS CAMARGO PROFESSORA;Haiti;3
ESTADUAL - SE;CAPIVARI;INDAIATUBA;INDAIATUBA;8;18661;HELENA DE CAMPOS CAMARGO PROFESSORA;Itália;1
ESTADUAL - SE;CAPIVARI;INDAIATUBA;INDAIATUBA;8;18661;HELENA DE CAMPOS CAMARGO PROFESSORA;Japão;1
ESTADUAL - SE;CAPIVARI;INDAIATUBA;INDAIATUBA;8;18661;HELENA DE CAMPOS CAMARGO PROFESSORA;Paraguai;2
ESTADUAL - SE;CAPIVARI;INDAIATUBA;INDAIATUBA;8;18673;JOSE DE CAMARGO BARROS DOM;Bolívia;1
ESTADUAL - SE;CAPIVARI;INDAIATUBA;INDAIATUBA;8;18673;JOSE DE CAMARGO BARROS DOM;Haiti;1
ESTADUAL - SE;CAPIVARI;INDAIATUBA;INDAIATUBA;8;18673;JOSE DE CAMARGO BARROS DOM;Japão;1
ESTADUAL - SE;CAPIVARI;INDAIATUBA;INDAIATUBA;8;18673;JOSE DE CAMARGO BARROS DOM;Paraguai;1
ESTADUAL - SE;CAPIVARI;INDAIATUBA;INDAIATUBA;8;18843;HELIO CERQUEIRA LEITE PROFESSOR;Japão;2
ESTADUAL - SE;CAPIVARI;INDAIATUBA;INDAIATUBA;8;18909;RANDOLFO MOREIRA FERNANDES;Bolívia;1
ESTADUAL - SE;CAPIVARI;INDAIATUBA;INDAIATUBA;8;18909;RANDOLFO MOREIRA FERNANDES;Haiti;1
ESTADUAL - SE;CAPIVARI;INDAIATUBA;INDAIATUBA;8;47788;ANTONIO DE PADUA PRADO PROFESSOR;Bolívia;4
ESTADUAL - SE;CAPIVARI;INDAIATUBA;INDAIATUBA;8;47788;ANTONIO DE PADUA PRADO PROFESSOR;Portugal;1
ESTADUAL - SE;CAPIVARI;INDAIATUBA;INDAIATUBA;8;49463;CAMILO MARQUES PAULA PROFESSOR DOUTOR;Bolívia;1
ESTADUAL - SE;CAPIVARI;INDAIATUBA;INDAIATUBA;8;49463;CAMILO MARQUES PAULA PROFESSOR DOUTOR;Dominicana, República;1
ESTADUAL - SE;CAPIVARI;INDAIATUBA;INDAIATUBA;8;49463;CAMILO MARQUES PAULA PROFESSOR DOUTOR;Venezuela;7
ESTADUAL - SE;CAPIVARI;INDAIATUBA;INDAIATUBA;8;49475;MARIA APPARECIDA PINTO DA CUNHA PROFESSORA;Bolívia;2
ESTADUAL - SE;CAPIVARI;INDAIATUBA;INDAIATUBA;8;49475;MARIA APPARECIDA PINTO DA CUNHA PROFESSORA;Colômbia;1
ESTADUAL - SE;CAPIVARI;INDAIATUBA;INDAIATUBA;8;49475;MARIA APPARECIDA PINTO DA CUNHA PROFESSORA;Haiti;2
ESTADUAL - SE;CAPIVARI;INDAIATUBA;INDAIATUBA;8;462378;SUELY MARIA CACAO AMBIEL BATISTA PROFESSORA;Japão;1
ESTADUAL - SE;CAPIVARI;INDAIATUBA;INDAIATUBA;8;496601;PROFESSORA MARIA BERNADETE AMGARTEN PERES;Bolívia;1
ESTADUAL - SE;CAPIVARI;INDAIATUBA;INDAIATUBA;8;496601;PROFESSORA MARIA BERNADETE AMGARTEN PERES;Dominicana, República;1
ESTADUAL - SE;CAPIVARI;INDAIATUBA;INDAIATUBA;8;903929;MILTON LEME DO PRADO PROFESSOR;Bélgica;1
ESTADUAL - SE;CAPIVARI;INDAIATUBA;INDAIATUBA;8;903929;MILTON LEME DO PRADO PROFESSOR;Bolívia;3
ESTADUAL - SE;CAPIVARI;INDAIATUBA;INDAIATUBA;8;903929;MILTON LEME DO PRADO PROFESSOR;Haiti;2
ESTADUAL - SE;CAPIVARI;INDAIATUBA;INDAIATUBA;8;907424;AURORA SCODRO GROFF;Japão;1
ESTADUAL - SE;CAPIVARI;INDAIATUBA;INDAIATUBA;8;909403;MARIA DE LOURDES STIPP STEFFEN PROFESSORA;Colômbia;1
ESTADUAL - SE;CAPIVARI;INDAIATUBA;INDAIATUBA;8;909403;MARIA DE LOURDES STIPP STEFFEN PROFESSORA;Venezuela;1
ESTADUAL - SE;CAPIVARI;INDAIATUBA;INDAIATUBA;8;909427;SUZANA BENEDICTA GIGO AYRES PROFESSORA;Bolívia;1
ESTADUAL - SE;CAPIVARI;INDAIATUBA;INDAIATUBA;8;909427;SUZANA BENEDICTA GIGO AYRES PROFESSORA;Cuba;1
ESTADUAL - SE;CAPIVARI;INDAIATUBA;INDAIATUBA;8;909427;SUZANA BENEDICTA GIGO AYRES PROFESSORA;Equador;1
ESTADUAL - SE;CAPIVARI;INDAIATUBA;INDAIATUBA;8;909427;SUZANA BENEDICTA GIGO AYRES PROFESSORA;Japão;1
ESTADUAL - SE;CAPIVARI;INDAIATUBA;INDAIATUBA;8;909427;SUZANA BENEDICTA GIGO AYRES PROFESSORA;Suíça;1
ESTADUAL - SE;CAPIVARI;INDAIATUBA;INDAIATUBA;8;920083;ANNUNZIATTA LEONILDA VIRGINELLI PRADO PROFESSORA;Venezuela;1
ESTADUAL - SE;CAPIVARI;INDAIATUBA;INDAIATUBA;8;920666;JOSE DE CAMPOS PROFESSOR;Bolívia;1
ESTADUAL - SE;CAPIVARI;MONTE MOR;MONTE MOR;8;406272;MARIO COVAS GOVERNADOR;Equador;1
ESTADUAL - SE;CAPIVARI;MONTE MOR;MONTE MOR;8;914009;JOANA DE AGUIRRE MARINS PEIXOTO PROFESSORA;Paraguai;1
ESTADUAL - SE;CAPIVARI;MONTE MOR;MONTE MOR;8;920678;CYRIACO SCARANELLO PIRES CONEGO;Peru;1
ESTADUAL - SE;CARAGUATATUBA;CARAGUATATUBA;CARAGUATATUBA;8;11320;THOMAZ RIBEIRO DE LIMA;Bolívia;1
ESTADUAL - SE;CARAGUATATUBA;CARAGUATATUBA;CARAGUATATUBA;8;11332;ALCIDES DE CASTRO GALVAO;Venezuela;2
ESTADUAL - SE;CARAGUATATUBA;CARAGUATATUBA;CARAGUATATUBA;8;35865;MARIA ESTER DAS NEVES DUTRA DAMASIO PROFESSORA;Colômbia;1
ESTADUAL - SE;CARAGUATATUBA;CARAGUATATUBA;CARAGUATATUBA;8;45147;ANTONIO ALVES BERNARDINO;Japão;1
ESTADUAL - SE;CARAGUATATUBA;CARAGUATATUBA;CARAGUATATUBA;8;48537;COLONIA DOS PESCADORES;Argentina;2
ESTADUAL - SE;CARAGUATATUBA;ILHABELA;ILHABELA;8;4118;BAIRRO AGUA BRANCA;Argentina;1
ESTADUAL - SE;CARAGUATATUBA;ILHABELA;ILHABELA;8;4118;BAIRRO AGUA BRANCA;Uruguai;1
ESTADUAL - SE;CARAGUATATUBA;PORTO NOVO;CARAGUATATUBA;8;11393;AVELINO FERREIRA;Colômbia;1
ESTADUAL - SE;CARAGUATATUBA;SAO SEBASTIAO;SAO SEBASTIAO;8;11368;MAISA THEODORO DA SILVA PROFESSORA;Estados Unidos da América;1
ESTADUAL - SE;CARAGUATATUBA;SAO SEBASTIAO;SAO SEBASTIAO;8;11368;MAISA THEODORO DA SILVA PROFESSORA;Guatemala;1
ESTADUAL - SE;CARAGUATATUBA;SAO SEBASTIAO;SAO SEBASTIAO;8;37230;JOSEPHA DE SANT ANNA NEVES PROFESSORA;Portugal;2
ESTADUAL - SE;CARAGUATATUBA;UBATUBA;UBATUBA;8;11198;AUREA MOREIRA RACHOU PROFESSORA;Paraguai;2
ESTADUAL - SE;CARAGUATATUBA;UBATUBA;UBATUBA;8;11216;DEOLINDO DE OLIVEIRA SANTOS CAPITAO;França;1
ESTADUAL - SE;CARAGUATATUBA;UBATUBA;UBATUBA;8;11216;DEOLINDO DE OLIVEIRA SANTOS CAPITAO;Peru;3
ESTADUAL - SE;CARAGUATATUBA;UBATUBA;UBATUBA;8;11253;ESTEVES DA SILVA DOUTOR;Argentina;1
ESTADUAL - SE;CARAGUATATUBA;UBATUBA;UBATUBA;8;11253;ESTEVES DA SILVA DOUTOR;Japão;1
ESTADUAL - SE;CARAGUATATUBA;UBATUBA;UBATUBA;8;11253;ESTEVES DA SILVA DOUTOR;Peru;1
ESTADUAL - SE;CARAGUATATUBA;UBATUBA;UBATUBA;8;38751;SUELI APARECIDA FIGUEIRA DOS SANTOS PROFESSORA;Argentina;2
ESTADUAL - SE;CARAGUATATUBA;UBATUBA;UBATUBA;8;38751;SUELI APARECIDA FIGUEIRA DOS SANTOS PROFESSORA;Peru;2
ESTADUAL - SE;CARAGUATATUBA;UBATUBA;UBATUBA;8;47824;AURELINA FERREIRA PROFESSORA;Peru;1
ESTADUAL - SE;CARAGUATATUBA;UBATUBA;UBATUBA;8;47824;AURELINA FERREIRA PROFESSORA;Portugal;1
ESTADUAL - SE;CARAPICUIBA;CARAPICUIBA;CARAPICUIBA;8;4191;CIDADE ARISTON ESTELA AZEVEDO VI;Bolívia;13
ESTADUAL - SE;CARAPICUIBA;CARAPICUIBA;CARAPICUIBA;8;4191;CIDADE ARISTON ESTELA AZEVEDO VI;Haiti;2
ESTADUAL - SE;CARAPICUIBA;CARAPICUIBA;CARAPICUIBA;8;4191;CIDADE ARISTON ESTELA AZEVEDO VI;Zâmbia;1
ESTADUAL - SE;CARAPICUIBA;CARAPICUIBA;CARAPICUIBA;8;9635;MARIA ALICE CRISSIUMA MESQUITA DONA;Haiti;8
ESTADUAL - SE;CARAPICUIBA;CARAPICUIBA;CARAPICUIBA;8;9635;MARIA ALICE CRISSIUMA MESQUITA DONA;Japão;1
ESTADUAL - SE;CARAPICUIBA;CARAPICUIBA;CARAPICUIBA;8;9647;FLORA STELLA PROFESSORA;Haiti;4
ESTADUAL - SE;CARAPICUIBA;CARAPICUIBA;CARAPICUIBA;8;9659;BENEDITO DE LIMA TUCUNDUVA DOUTOR;Bolívia;1
ESTADUAL - SE;CARAPICUIBA;CARAPICUIBA;CARAPICUIBA;8;9659;BENEDITO DE LIMA TUCUNDUVA DOUTOR;Colômbia;1
ESTADUAL - SE;CARAPICUIBA;CARAPICUIBA;CARAPICUIBA;8;9659;BENEDITO DE LIMA TUCUNDUVA DOUTOR;Japão;1
ESTADUAL - SE;CARAPICUIBA;CARAPICUIBA;CARAPICUIBA;8;9659;BENEDITO DE LIMA TUCUNDUVA DOUTOR;Venezuela;1
ESTADUAL - SE;CARAPICUIBA;CARAPICUIBA;CARAPICUIBA;8;9660;ESMERALDA BECKER FREIRE DE CARVALHO PROFESSORA;Bolívia;2
ESTADUAL - SE;CARAPICUIBA;CARAPICUIBA;CARAPICUIBA;8;9660;ESMERALDA BECKER FREIRE DE CARVALHO PROFESSORA;Japão;1
ESTADUAL - SE;CARAPICUIBA;CARAPICUIBA;CARAPICUIBA;8;9672;JOSUE MATTOS DE AGUIAR;Haiti;13
ESTADUAL - SE;CARAPICUIBA;CARAPICUIBA;CARAPICUIBA;8;9684;MARISE DA COSTA CORREA DE OLIVEIRA PROFESSORA;Bolívia;3
ESTADUAL - SE;CARAPICUIBA;CARAPICUIBA;CARAPICUIBA;8;9684;MARISE DA COSTA CORREA DE OLIVEIRA PROFESSORA;Espanha;1
ESTADUAL - SE;CARAPICUIBA;CARAPICUIBA;CARAPICUIBA;8;9684;MARISE DA COSTA CORREA DE OLIVEIRA PROFESSORA;Haiti;3
ESTADUAL - SE;CARAPICUIBA;CARAPICUIBA;CARAPICUIBA;8;9696;ALBERTO KENWORTHY;Espanha;2
ESTADUAL - SE;CARAPICUIBA;CARAPICUIBA;CARAPICUIBA;8;9702;OSVALDO ELCI PROFESSOR;Argentina;1
ESTADUAL - SE;CARAPICUIBA;CARAPICUIBA;CARAPICUIBA;8;9702;OSVALDO ELCI PROFESSOR;Bolívia;3
ESTADUAL - SE;CARAPICUIBA;CARAPICUIBA;CARAPICUIBA;8;9726;MARIO SALES SOUTO ENGENHEIRO;Bolívia;3
ESTADUAL - SE;CARAPICUIBA;CARAPICUIBA;CARAPICUIBA;8;9726;MARIO SALES SOUTO ENGENHEIRO;Guiné Equatorial;6
ESTADUAL - SE;CARAPICUIBA;CARAPICUIBA;CARAPICUIBA;8;9726;MARIO SALES SOUTO ENGENHEIRO;Guiné-Conacri;2
ESTADUAL - SE;CARAPICUIBA;CARAPICUIBA;CARAPICUIBA;8;9726;MARIO SALES SOUTO ENGENHEIRO;Haiti;8
ESTADUAL - SE;CARAPICUIBA;CARAPICUIBA;CARAPICUIBA;8;9726;MARIO SALES SOUTO ENGENHEIRO;Venezuela;1
ESTADUAL - SE;CARAPICUIBA;CARAPICUIBA;CARAPICUIBA;8;9738;HADLA FERES PROFESSORA;Arménia;1
ESTADUAL - SE;CARAPICUIBA;CARAPICUIBA;CARAPICUIBA;8;9738;HADLA FERES PROFESSORA;Bolívia;4
ESTADUAL - SE;CARAPICUIBA;CARAPICUIBA;CARAPICUIBA;8;9738;HADLA FERES PROFESSORA;Portugal;2
ESTADUAL - SE;CARAPICUIBA;CARAPICUIBA;CARAPICUIBA;8;9738;HADLA FERES PROFESSORA;Venezuela;1
ESTADUAL - SE;CARAPICUIBA;CARAPICUIBA;CARAPICUIBA;8;9748;IGNEZ DOS SANTOS SILVA;Bolívia;3
ESTADUAL - SE;CARAPICUIBA;CARAPICUIBA;CARAPICUIBA;8;9748;IGNEZ DOS SANTOS SILVA;Haiti;1
ESTADUAL - SE;CARAPICUIBA;CARAPICUIBA;CARAPICUIBA;8;9748;IGNEZ DOS SANTOS SILVA;Venezuela;1
ESTADUAL - SE;CARAPICUIBA;CARAPICUIBA;CARAPICUIBA;8;9751;TOUFIC JOULIAN;Bolívia;5
ESTADUAL - SE;CARAPICUIBA;CARAPICUIBA;CARAPICUIBA;8;9751;TOUFIC JOULIAN;Guiné-Bissau;1
ESTADUAL - SE;CARAPICUIBA;CARAPICUIBA;CARAPICUIBA;8;9763;AMOS MEUCCI;Cuba;1
ESTADUAL - SE;CARAPICUIBA;CARAPICUIBA;CARAPICUIBA;8;9763;AMOS MEUCCI;Haiti;2
ESTADUAL - SE;CARAPICUIBA;CARAPICUIBA;CARAPICUIBA;8;9842;DIVA DA CUNHA BARRA PROFESSORA;Bolívia;1
ESTADUAL - SE;CARAPICUIBA;CARAPICUIBA;CARAPICUIBA;8;9842;DIVA DA CUNHA BARRA PROFESSORA;Haiti;1
ESTADUAL - SE;CARAPICUIBA;CARAPICUIBA;CARAPICUIBA;8;9854;WILLIAN RODRIGUES REBUA PROFESSOR;Guiné-Bissau;1
ESTADUAL - SE;CARAPICUIBA;CARAPICUIBA;CARAPICUIBA;8;9885;EDGARD DE MOURA BITTENCOURT DESEMBARGADOR;Bolívia;1
ESTADUAL - SE;CARAPICUIBA;CARAPICUIBA;CARAPICUIBA;8;35439;MANOEL DA CONCEICAO SANTOS PROFESSOR;Bolívia;1
ESTADUAL - SE;CARAPICUIBA;CARAPICUIBA;CARAPICUIBA;8;35439;MANOEL DA CONCEICAO SANTOS PROFESSOR;Haiti;1
ESTADUAL - SE;CARAPICUIBA;CARAPICUIBA;CARAPICUIBA;8;35439;MANOEL DA CONCEICAO SANTOS PROFESSOR;Japão;1
ESTADUAL - SE;CARAPICUIBA;CARAPICUIBA;CARAPICUIBA;8;35439;MANOEL DA CONCEICAO SANTOS PROFESSOR;Nova Zelândia (Aotearoa);1
ESTADUAL - SE;CARAPICUIBA;CARAPICUIBA;CARAPICUIBA;8;35452;CECILIA DA PALMA VALENTIM SARDINHA PROFESSORA;Haiti;1
ESTADUAL - SE;CARAPICUIBA;CARAPICUIBA;CARAPICUIBA;8;35452;CECILIA DA PALMA VALENTIM SARDINHA PROFESSORA;Honduras;1
ESTADUAL - SE;CARAPICUIBA;CARAPICUIBA;CARAPICUIBA;8;35452;CECILIA DA PALMA VALENTIM SARDINHA PROFESSORA;Uruguai;1
ESTADUAL - SE;CARAPICUIBA;CARAPICUIBA;CARAPICUIBA;8;35464;FRANCISCO RIBEIRO ROSA PROFESSOR;Bolívia;4
ESTADUAL - SE;CARAPICUIBA;CARAPICUIBA;CARAPICUIBA;8;35476;CELSO PACHECO BENTIN PROFESSOR;Argentina;1
ESTADUAL - SE;CARAPICUIBA;CARAPICUIBA;CARAPICUIBA;8;35476;CELSO PACHECO BENTIN PROFESSOR;Bolívia;27
ESTADUAL - SE;CARAPICUIBA;CARAPICUIBA;CARAPICUIBA;8;35476;CELSO PACHECO BENTIN PROFESSOR;Haiti;1
ESTADUAL - SE;CARAPICUIBA;CARAPICUIBA;CARAPICUIBA;8;35476;CELSO PACHECO BENTIN PROFESSOR;Peru;1
ESTADUAL - SE;CARAPICUIBA;CARAPICUIBA;CARAPICUIBA;8;35476;CELSO PACHECO BENTIN PROFESSOR;Venezuela;2
ESTADUAL - SE;CARAPICUIBA;CARAPICUIBA;CARAPICUIBA;8;36377;REGINA HALEPIAN ANTUNES PROFESSORA;Bolívia;1
ESTADUAL - SE;CARAPICUIBA;CARAPICUIBA;CARAPICUIBA;8;36377;REGINA HALEPIAN ANTUNES PROFESSORA;Egipto;2
ESTADUAL - SE;CARAPICUIBA;CARAPICUIBA;CARAPICUIBA;8;38544;SALOMAO JORGE DEPUTADO;Bolívia;4
ESTADUAL - SE;CARAPICUIBA;CARAPICUIBA;CARAPICUIBA;8;38544;SALOMAO JORGE DEPUTADO;Colômbia;1
ESTADUAL - SE;CARAPICUIBA;CARAPICUIBA;CARAPICUIBA;8;38544;SALOMAO JORGE DEPUTADO;Estados Unidos da América;1
ESTADUAL - SE;CARAPICUIBA;CARAPICUIBA;CARAPICUIBA;8;38556;RICARDO ANTONIO PECCHIO PROFESSOR;Bolívia;18
ESTADUAL - SE;CARAPICUIBA;CARAPICUIBA;CARAPICUIBA;8;38556;RICARDO ANTONIO PECCHIO PROFESSOR;Haiti;2
ESTADUAL - SE;CARAPICUIBA;CARAPICUIBA;CARAPICUIBA;8;38568;ODETTE ALGODOAL LANZARA PROFESSORA;Venezuela;1
ESTADUAL - SE;CARAPICUIBA;CARAPICUIBA;CARAPICUIBA;8;40587;LUIZ PEREIRA SOBRINHO PROFESSOR;Argentina;1
ESTADUAL - SE;CARAPICUIBA;CARAPICUIBA;CARAPICUIBA;8;40587;LUIZ PEREIRA SOBRINHO PROFESSOR;Bolívia;5
ESTADUAL - SE;CARAPICUIBA;CARAPICUIBA;CARAPICUIBA;8;40587;LUIZ PEREIRA SOBRINHO PROFESSOR;Espanha;1
ESTADUAL - SE;CARAPICUIBA;CARAPICUIBA;CARAPICUIBA;8;40587;LUIZ PEREIRA SOBRINHO PROFESSOR;Portugal;1
ESTADUAL - SE;CARAPICUIBA;CARAPICUIBA;CARAPICUIBA;8;40599;JOSE BENICIO DOS SANTOS;Bolívia;1
ESTADUAL - SE;CARAPICUIBA;CARAPICUIBA;CARAPICUIBA;8;40599;JOSE BENICIO DOS SANTOS;Peru;1
ESTADUAL - SE;CARAPICUIBA;CARAPICUIBA;CARAPICUIBA;8;40605;JORGE JULIAN;Peru;1
ESTADUAL - SE;CARAPICUIBA;CARAPICUIBA;CARAPICUIBA;8;40617;DERVILLE ALLEGRETTI DEPUTADO;Bolívia;1
ESTADUAL - SE;CARAPICUIBA;CARAPICUIBA;CARAPICUIBA;8;40629;MARIA MARQUES DE NORONHA PROFESSORA;Bolívia;15
ESTADUAL - SE;CARAPICUIBA;CARAPICUIBA;CARAPICUIBA;8;40629;MARIA MARQUES DE NORONHA PROFESSORA;Venezuela;1
ESTADUAL - SE;CARAPICUIBA;CARAPICUIBA;CARAPICUIBA;8;41324;NIDELSE MARTINS DE ALMEIDA PROFESSORA;Haiti;4
ESTADUAL - SE;CARAPICUIBA;CARAPICUIBA;CARAPICUIBA;8;41348;BASILIO BOSNIAC;Bolívia;7
ESTADUAL - SE;CARAPICUIBA;CARAPICUIBA;CARAPICUIBA;8;41348;BASILIO BOSNIAC;Cuba;1
ESTADUAL - SE;CARAPICUIBA;CARAPICUIBA;CARAPICUIBA;8;46528;CELESTINO CORREIA PINA PROFESSOR;Guiné-Conacri;1
ESTADUAL - SE;CARAPICUIBA;CARAPICUIBA;CARAPICUIBA;8;46528;CELESTINO CORREIA PINA PROFESSOR;Haiti;1
ESTADUAL - SE;CARAPICUIBA;CARAPICUIBA;CARAPICUIBA;8;46528;CELESTINO CORREIA PINA PROFESSOR;Portugal;1
ESTADUAL - SE;CARAPICUIBA;CARAPICUIBA;CARAPICUIBA;8;46528;CELESTINO CORREIA PINA PROFESSOR;Reino Unido da Grã-Bretanha e Irlanda do Norte;1
ESTADUAL - SE;CARAPICUIBA;CARAPICUIBA;CARAPICUIBA;8;49049;ELISABETH SILVA DE ARAUJO PROFESSORA;Bolívia;10
ESTADUAL - SE;CARAPICUIBA;CARAPICUIBA;CARAPICUIBA;8;902093;APARECIDA DE FATIMA SILVA PROFESSORA;Cabo Verde;1
ESTADUAL - SE;CARAPICUIBA;CARAPICUIBA;CARAPICUIBA;8;902093;APARECIDA DE FATIMA SILVA PROFESSORA;Guiné-Bissau;1
ESTADUAL - SE;CARAPICUIBA;CARAPICUIBA;CARAPICUIBA;8;902093;APARECIDA DE FATIMA SILVA PROFESSORA;Haiti;5
ESTADUAL - SE;CARAPICUIBA;CARAPICUIBA;CARAPICUIBA;8;902093;APARECIDA DE FATIMA SILVA PROFESSORA;Peru;1
ESTADUAL - SE;CARAPICUIBA;CARAPICUIBA;CARAPICUIBA;8;906694;ANA RODRIGUES DE LISO;Bolívia;1
ESTADUAL - SE;CARAPICUIBA;CARAPICUIBA;CARAPICUIBA;8;906694;ANA RODRIGUES DE LISO;Guiné-Bissau;2
ESTADUAL - SE;CARAPICUIBA;CARAPICUIBA;CARAPICUIBA;8;906694;ANA RODRIGUES DE LISO;Haiti;2
ESTADUAL - SE;CARAPICUIBA;CARAPICUIBA;CARAPICUIBA;8;906694;ANA RODRIGUES DE LISO;Peru;3
ESTADUAL - SE;CARAPICUIBA;CARAPICUIBA;CARAPICUIBA;8;908538;CICERO BARCALA JUNIOR;Bolívia;15
ESTADUAL - SE;CARAPICUIBA;CARAPICUIBA;CARAPICUIBA;8;908538;CICERO BARCALA JUNIOR;Venezuela;1
ESTADUAL - SE;CARAPICUIBA;CARAPICUIBA;CARAPICUIBA;8;908629;PAULO IDEVAR FERRAREZI SUPERVISOR;Guiné-Bissau;1
ESTADUAL - SE;CARAPICUIBA;CARAPICUIBA;CARAPICUIBA;8;908629;PAULO IDEVAR FERRAREZI SUPERVISOR;Haiti;12
ESTADUAL - SE;CARAPICUIBA;CARAPICUIBA;CARAPICUIBA;8;908630;OLIVEIRA RIBEIRO NETO;Venezuela;2
ESTADUAL - SE;CARAPICUIBA;CARAPICUIBA;CARAPICUIBA;8;909221;MARIA DE LOURDES TEIXEIRA;Argentina;1
ESTADUAL - SE;CARAPICUIBA;CARAPICUIBA;CARAPICUIBA;8;909221;MARIA DE LOURDES TEIXEIRA;Bolívia;17
ESTADUAL - SE;CARAPICUIBA;CARAPICUIBA;CARAPICUIBA;8;914800;ADALBERTO MECCA SAMPAIO PROFESSOR;Haiti;4
ESTADUAL - SE;CARAPICUIBA;CARAPICUIBA;CARAPICUIBA;8;917035;ZILDA DOMINGOS DE OLIVEIRA;Equador;1
ESTADUAL - SE;CARAPICUIBA;CARAPICUIBA;CARAPICUIBA;8;917035;ZILDA DOMINGOS DE OLIVEIRA;Guiné-Bissau;1
ESTADUAL - SE;CARAPICUIBA;CARAPICUIBA;CARAPICUIBA;8;917035;ZILDA DOMINGOS DE OLIVEIRA;Haiti;1
ESTADUAL - SE;CARAPICUIBA;CARAPICUIBA;CARAPICUIBA;8;917035;ZILDA DOMINGOS DE OLIVEIRA;Nigéria;1
ESTADUAL - SE;CARAPICUIBA;CARAPICUIBA;CARAPICUIBA;8;918829;JOSE MARIA PEREZ FERREIRA PROFESSOR;Bolívia;12
ESTADUAL - SE;CARAPICUIBA;CARAPICUIBA;CARAPICUIBA;8;919068;ANTONIO DE OLIVEIRA GODINHO PADRE;Haiti;2
ESTADUAL - SE;CARAPICUIBA;CARAPICUIBA;CARAPICUIBA;8;919093;ALICE MARIA DA SILVA FERREIRA;Bolívia;1
ESTADUAL - SE;CARAPICUIBA;CARAPICUIBA;CARAPICUIBA;8;921427;NATALINO FIDENCIO PROFESSOR;Haiti;6
ESTADUAL - SE;CARAPICUIBA;CARAPICUIBA;CARAPICUIBA;8;923459;ANDRE FRANCO MONTORO GOVERNADOR;Bolívia;1
ESTADUAL - SE;CARAPICUIBA;CARAPICUIBA;CARAPICUIBA;8;923801;VILA DIRCE II;Bolívia;1
ESTADUAL - SE;CARAPICUIBA;CAUCAIA DO ALTO;COTIA;8;10601;ROQUE CELESTINO PIRES;Paraguai;1
ESTADUAL - SE;CARAPICUIBA;CAUCAIA DO ALTO;COTIA;8;48112;DAGOBERTO SALLES FILHO DEPUTADO;Venezuela;1
ESTADUAL - SE;CARAPICUIBA;COTIA;COTIA;8;10510;CARLOS FERREIRA DE MORAES PROFESSOR;Haiti;6
ESTADUAL - SE;CARAPICUIBA;COTIA;COTIA;8;10522;ANTONIETA DI LASCIO OZEKI PROFESSORA;Japão;1
ESTADUAL - SE;CARAPICUIBA;COTIA;COTIA;8;10522;ANTONIETA DI LASCIO OZEKI PROFESSORA;Venezuela;3
ESTADUAL - SE;CARAPICUIBA;COTIA;COTIA;8;10546;JARDIM SANTA ANGELA;Haiti;2
ESTADUAL - SE;CARAPICUIBA;COTIA;COTIA;8;10558;IDOMINEU ANTUNES CALDEIRA;Japão;2
ESTADUAL - SE;CARAPICUIBA;COTIA;COTIA;8;10561;ZACARIAS ANTONIO DA SILVA;Venezuela;1
ESTADUAL - SE;CARAPICUIBA;COTIA;COTIA;8;10571;JOSE BARRETO PROFESSOR;Venezuela;1
ESTADUAL - SE;CARAPICUIBA;COTIA;COTIA;8;10583;ODAIR PACHECO PEDROSO PROFESSOR;Japão;1
ESTADUAL - SE;CARAPICUIBA;COTIA;COTIA;8;35488;PEDRO CASEMIRO LEITE PROFESSOR;Haiti;1
ESTADUAL - SE;CARAPICUIBA;COTIA;COTIA;8;35488;PEDRO CASEMIRO LEITE PROFESSOR;Portugal;1
ESTADUAL - SE;CARAPICUIBA;COTIA;COTIA;8;35488;PEDRO CASEMIRO LEITE PROFESSOR;Venezuela;1
ESTADUAL - SE;CARAPICUIBA;COTIA;COTIA;8;43850;CARLOS DIAS DE SANT ANNA PROFESSOR;Japão;1
ESTADUAL - SE;CARAPICUIBA;COTIA;COTIA;8;44748;ROBERTO CORTE REAL JORNALISTA;Equador;1
ESTADUAL - SE;CARAPICUIBA;COTIA;COTIA;8;48136;KENKITI SIMOMOTO;Bolívia;2
ESTADUAL - SE;CARAPICUIBA;COTIA;COTIA;8;48136;KENKITI SIMOMOTO;Haiti;1
ESTADUAL - SE;CARAPICUIBA;COTIA;COTIA;8;48136;KENKITI SIMOMOTO;Venezuela;1
ESTADUAL - SE;CARAPICUIBA;COTIA;COTIA;8;910570;VILA SAO JOAQUIM II;Venezuela;2
ESTADUAL - SE;CATANDUVA;CAJOBI;CAJOBI;8;28174;ELMIRA GOULART PEREIRA PROFESSORA;Portugal;1
ESTADUAL - SE;CATANDUVA;CATANDUVA;CATANDUVA;8;26670;BARAO DO RIO BRANCO;Haiti;1
ESTADUAL - SE;CATANDUVA;CATIGUA;CATIGUA;8;26578;ANTONIO CARLOS;Paraguai;1
ESTADUAL - SE;CATANDUVA;NOVO HORIZONTE;NOVO HORIZONTE;8;27911;SHIRLEY CAMARGO VON ZUBEN PROFESSORA;China;1
ESTADUAL - SE;CATANDUVA;NOVO HORIZONTE;NOVO HORIZONTE;8;27923;MARIO FLORENCE PROFESSOR;Bolívia;1
ESTADUAL - SE;CATANDUVA;NOVO HORIZONTE;NOVO HORIZONTE;8;27947;PEDRO TEIXEIRA DE QUEIROZ;Portugal;1
ESTADUAL - SE;CENTRO;BARRA FUNDA;SAO PAULO;8;3448;PEDRO II;Bolívia;1
ESTADUAL - SE;CENTRO;BOM RETIRO;SAO PAULO;8;3505;DEODORO MARECHAL;Argentina;1
ESTADUAL - SE;CENTRO;BOM RETIRO;SAO PAULO;8;3505;DEODORO MARECHAL;Bolívia;47
ESTADUAL - SE;CENTRO;BOM RETIRO;SAO PAULO;8;3505;DEODORO MARECHAL;Equador;1
ESTADUAL - SE;CENTRO;BOM RETIRO;SAO PAULO;8;3505;DEODORO MARECHAL;Paraguai;21
ESTADUAL - SE;CENTRO;BOM RETIRO;SAO PAULO;8;3505;DEODORO MARECHAL;Peru;2
ESTADUAL - SE;CENTRO;BOM RETIRO;SAO PAULO;8;3505;DEODORO MARECHAL;Venezuela;2
ESTADUAL - SE;CENTRO;BOM RETIRO;SAO PAULO;8;3621;PRUDENTE DE MORAES;Angola;1
ESTADUAL - SE;CENTRO;BOM RETIRO;SAO PAULO;8;3621;PRUDENTE DE MORAES;Argentina;1
ESTADUAL - SE;CENTRO;BOM RETIRO;SAO PAULO;8;3621;PRUDENTE DE MORAES;Bolívia;23
ESTADUAL - SE;CENTRO;BOM RETIRO;SAO PAULO;8;3621;PRUDENTE DE MORAES;China;2
ESTADUAL - SE;CENTRO;BOM RETIRO;SAO PAULO;8;3621;PRUDENTE DE MORAES;Colômbia;2
ESTADUAL - SE;CENTRO;BOM RETIRO;SAO PAULO;8;3621;PRUDENTE DE MORAES;Equador;4
ESTADUAL - SE;CENTRO;BOM RETIRO;SAO PAULO;8;3621;PRUDENTE DE MORAES;Guiné-Conacri;1
ESTADUAL - SE;CENTRO;BOM RETIRO;SAO PAULO;8;3621;PRUDENTE DE MORAES;Haiti;1
ESTADUAL - SE;CENTRO;BOM RETIRO;SAO PAULO;8;3621;PRUDENTE DE MORAES;Paraguai;15
ESTADUAL - SE;CENTRO;BOM RETIRO;SAO PAULO;8;3621;PRUDENTE DE MORAES;Peru;15
ESTADUAL - SE;CENTRO;BOM RETIRO;SAO PAULO;8;3621;PRUDENTE DE MORAES;Venezuela;7
ESTADUAL - SE;CENTRO;BRAS;SAO PAULO;8;1405;ROMAO PUIGARI;Angola;1
ESTADUAL - SE;CENTRO;BRAS;SAO PAULO;8;1405;ROMAO PUIGARI;Bangladesh;4
ESTADUAL - SE;CENTRO;BRAS;SAO PAULO;8;1405;ROMAO PUIGARI;Bolívia;28
ESTADUAL - SE;CENTRO;BRAS;SAO PAULO;8;1405;ROMAO PUIGARI;China;2
ESTADUAL - SE;CENTRO;BRAS;SAO PAULO;8;1405;ROMAO PUIGARI;Haiti;8
ESTADUAL - SE;CENTRO;BRAS;SAO PAULO;8;1405;ROMAO PUIGARI;Paraguai;2
ESTADUAL - SE;CENTRO;BRAS;SAO PAULO;8;1405;ROMAO PUIGARI;Peru;1
ESTADUAL - SE;CENTRO;BRAS;SAO PAULO;8;1405;ROMAO PUIGARI;Venezuela;3
ESTADUAL - SE;CENTRO;BRAS;SAO PAULO;8;1454;ANTONIO FIRMINO DE PROENCA PROF;Angola;2
ESTADUAL - SE;CENTRO;BRAS;SAO PAULO;8;1454;ANTONIO FIRMINO DE PROENCA PROF;Argentina;3
ESTADUAL - SE;CENTRO;BRAS;SAO PAULO;8;1454;ANTONIO FIRMINO DE PROENCA PROF;Bolívia;34
ESTADUAL - SE;CENTRO;BRAS;SAO PAULO;8;1454;ANTONIO FIRMINO DE PROENCA PROF;Colômbia;7
ESTADUAL - SE;CENTRO;BRAS;SAO PAULO;8;1454;ANTONIO FIRMINO DE PROENCA PROF;Congo, República Democrática do (antigo Zaire);2
ESTADUAL - SE;CENTRO;BRAS;SAO PAULO;8;1454;ANTONIO FIRMINO DE PROENCA PROF;Congo, República do;1
ESTADUAL - SE;CENTRO;BRAS;SAO PAULO;8;1454;ANTONIO FIRMINO DE PROENCA PROF;Estados Unidos da América;1
ESTADUAL - SE;CENTRO;BRAS;SAO PAULO;8;1454;ANTONIO FIRMINO DE PROENCA PROF;Haiti;22
ESTADUAL - SE;CENTRO;BRAS;SAO PAULO;8;1454;ANTONIO FIRMINO DE PROENCA PROF;Paraguai;3
ESTADUAL - SE;CENTRO;BRAS;SAO PAULO;8;1454;ANTONIO FIRMINO DE PROENCA PROF;Qatar;1
ESTADUAL - SE;CENTRO;BRAS;SAO PAULO;8;1454;ANTONIO FIRMINO DE PROENCA PROF;Venezuela;1
ESTADUAL - SE;CENTRO;BRAS;SAO PAULO;8;1478;EDUARDO PRADO;Afeganistão;1
ESTADUAL - SE;CENTRO;BRAS;SAO PAULO;8;1478;EDUARDO PRADO;África do Sul;1
ESTADUAL - SE;CENTRO;BRAS;SAO PAULO;8;1478;EDUARDO PRADO;Angola;3
ESTADUAL - SE;CENTRO;BRAS;SAO PAULO;8;1478;EDUARDO PRADO;Argentina;8
ESTADUAL - SE;CENTRO;BRAS;SAO PAULO;8;1478;EDUARDO PRADO;Arménia;1
ESTADUAL - SE;CENTRO;BRAS;SAO PAULO;8;1478;EDUARDO PRADO;Bangladesh;41
ESTADUAL - SE;CENTRO;BRAS;SAO PAULO;8;1478;EDUARDO PRADO;Bolívia;99
ESTADUAL - SE;CENTRO;BRAS;SAO PAULO;8;1478;EDUARDO PRADO;Equador;7
ESTADUAL - SE;CENTRO;BRAS;SAO PAULO;8;1478;EDUARDO PRADO;Marrocos;1
ESTADUAL - SE;CENTRO;BRAS;SAO PAULO;8;1478;EDUARDO PRADO;Paraguai;14
ESTADUAL - SE;CENTRO;BRAS;SAO PAULO;8;1478;EDUARDO PRADO;Peru;5
ESTADUAL - SE;CENTRO;BRAS;SAO PAULO;8;1478;EDUARDO PRADO;São Vicente e Granadinas;1
ESTADUAL - SE;CENTRO;BRAS;SAO PAULO;8;1478;EDUARDO PRADO;Síria;1
ESTADUAL - SE;CENTRO;BRAS;SAO PAULO;8;1478;EDUARDO PRADO;Venezuela;3
ESTADUAL - SE;CENTRO;BRAS;SAO PAULO;8;1659;ANCHIETA PADRE;Afeganistão;5
ESTADUAL - SE;CENTRO;BRAS;SAO PAULO;8;1659;ANCHIETA PADRE;África do Sul;1
ESTADUAL - SE;CENTRO;BRAS;SAO PAULO;8;1659;ANCHIETA PADRE;Angola;8
ESTADUAL - SE;CENTRO;BRAS;SAO PAULO;8;1659;ANCHIETA PADRE;Argentina;2
ESTADUAL - SE;CENTRO;BRAS;SAO PAULO;8;1659;ANCHIETA PADRE;Arménia;2
ESTADUAL - SE;CENTRO;BRAS;SAO PAULO;8;1659;ANCHIETA PADRE;Bangladesh;4
ESTADUAL - SE;CENTRO;BRAS;SAO PAULO;8;1659;ANCHIETA PADRE;Bolívia;133
ESTADUAL - SE;CENTRO;BRAS;SAO PAULO;8;1659;ANCHIETA PADRE;China;3
ESTADUAL - SE;CENTRO;BRAS;SAO PAULO;8;1659;ANCHIETA PADRE;Equador;1
ESTADUAL - SE;CENTRO;BRAS;SAO PAULO;8;1659;ANCHIETA PADRE;Guiné-Bissau;2
ESTADUAL - SE;CENTRO;BRAS;SAO PAULO;8;1659;ANCHIETA PADRE;Haiti;6
ESTADUAL - SE;CENTRO;BRAS;SAO PAULO;8;1659;ANCHIETA PADRE;Hong Kong;1
ESTADUAL - SE;CENTRO;BRAS;SAO PAULO;8;1659;ANCHIETA PADRE;Mali;1
ESTADUAL - SE;CENTRO;BRAS;SAO PAULO;8;1659;ANCHIETA PADRE;Nigéria;1
ESTADUAL - SE;CENTRO;BRAS;SAO PAULO;8;1659;ANCHIETA PADRE;Palestina;3
ESTADUAL - SE;CENTRO;BRAS;SAO PAULO;8;1659;ANCHIETA PADRE;Paquistão;1
ESTADUAL - SE;CENTRO;BRAS;SAO PAULO;8;1659;ANCHIETA PADRE;Paraguai;15
ESTADUAL - SE;CENTRO;BRAS;SAO PAULO;8;1659;ANCHIETA PADRE;Peru;2
ESTADUAL - SE;CENTRO;BRAS;SAO PAULO;8;1659;ANCHIETA PADRE;Síria;1
ESTADUAL - SE;CENTRO;BRAS;SAO PAULO;8;1659;ANCHIETA PADRE;Venezuela;5
ESTADUAL - SE;CENTRO;BRAS;SAO PAULO;8;922250;GIANFRANCESCO S B M GUARNIERI;Angola;5
ESTADUAL - SE;CENTRO;BRAS;SAO PAULO;8;922250;GIANFRANCESCO S B M GUARNIERI;Bolívia;7
ESTADUAL - SE;CENTRO;BRAS;SAO PAULO;8;922250;GIANFRANCESCO S B M GUARNIERI;China;1
ESTADUAL - SE;CENTRO;BRAS;SAO PAULO;8;922250;GIANFRANCESCO S B M GUARNIERI;Colômbia;5
ESTADUAL - SE;CENTRO;BRAS;SAO PAULO;8;922250;GIANFRANCESCO S B M GUARNIERI;Haiti;19
ESTADUAL - SE;CENTRO;BRAS;SAO PAULO;8;922250;GIANFRANCESCO S B M GUARNIERI;Paraguai;4
ESTADUAL - SE;CENTRO;BRAS;SAO PAULO;8;922250;GIANFRANCESCO S B M GUARNIERI;Venezuela;2
ESTADUAL - SE;CENTRO;CASA VERDE;SAO PAULO;8;309;BENEDITO TOLOSA PROFESSOR;Argentina;1
ESTADUAL - SE;CENTRO;CASA VERDE;SAO PAULO;8;309;BENEDITO TOLOSA PROFESSOR;Bolívia;6
ESTADUAL - SE;CENTRO;CASA VERDE;SAO PAULO;8;309;BENEDITO TOLOSA PROFESSOR;Colômbia;1
ESTADUAL - SE;CENTRO;CASA VERDE;SAO PAULO;8;310;ARY BARROSO;Bolívia;10
ESTADUAL - SE;CENTRO;CASA VERDE;SAO PAULO;8;322;PEDRO MONTEIRO DO AMARAL CAPITAO;Bolívia;3
ESTADUAL - SE;CENTRO;CASA VERDE;SAO PAULO;8;322;PEDRO MONTEIRO DO AMARAL CAPITAO;Paraguai;1
ESTADUAL - SE;CENTRO;CASA VERDE;SAO PAULO;8;334;MANUEL DA NOBREGA PADRE;Bolívia;8
ESTADUAL - SE;CENTRO;CASA VERDE;SAO PAULO;8;334;MANUEL DA NOBREGA PADRE;Colômbia;2
ESTADUAL - SE;CENTRO;CASA VERDE;SAO PAULO;8;334;MANUEL DA NOBREGA PADRE;Portugal;1
ESTADUAL - SE;CENTRO;CASA VERDE;SAO PAULO;8;462;AUGUSTO MEIRELLES REIS FILHO PROFESSOR;Bolívia;6
ESTADUAL - SE;CENTRO;CASA VERDE;SAO PAULO;8;462;AUGUSTO MEIRELLES REIS FILHO PROFESSOR;Japão;2
ESTADUAL - SE;CENTRO;CASA VERDE;SAO PAULO;8;462;AUGUSTO MEIRELLES REIS FILHO PROFESSOR;Peru;3
ESTADUAL - SE;CENTRO;CASA VERDE;SAO PAULO;8;516;JOSE CARLOS DIAS PROFESSOR;Bolívia;5
ESTADUAL - SE;CENTRO;CASA VERDE;SAO PAULO;8;516;JOSE CARLOS DIAS PROFESSOR;Peru;1
ESTADUAL - SE;CENTRO;CASA VERDE;SAO PAULO;8;528;COLOMBO DE ALMEIDA PROFESSOR;Bolívia;34
ESTADUAL - SE;CENTRO;CASA VERDE;SAO PAULO;8;528;COLOMBO DE ALMEIDA PROFESSOR;Colômbia;2
ESTADUAL - SE;CENTRO;CASA VERDE;SAO PAULO;8;528;COLOMBO DE ALMEIDA PROFESSOR;Haiti;1
ESTADUAL - SE;CENTRO;CASA VERDE;SAO PAULO;8;528;COLOMBO DE ALMEIDA PROFESSOR;Qatar;1
ESTADUAL - SE;CENTRO;CASA VERDE;SAO PAULO;8;848;JOAQUIM LEME DO PRADO PROFESSOR;Bolívia;11
ESTADUAL - SE;CENTRO;CASA VERDE;SAO PAULO;8;848;JOAQUIM LEME DO PRADO PROFESSOR;Peru;1
ESTADUAL - SE;CENTRO;CASA VERDE;SAO PAULO;8;848;JOAQUIM LEME DO PRADO PROFESSOR;Portugal;1
ESTADUAL - SE;CENTRO;CASA VERDE;SAO PAULO;8;848;JOAQUIM LEME DO PRADO PROFESSOR;Venezuela;2
ESTADUAL - SE;CENTRO;CONSOLACAO;SAO PAULO;8;3712;MARINA CINTRA PROFESSORA;Angola;1
ESTADUAL - SE;CENTRO;CONSOLACAO;SAO PAULO;8;3712;MARINA CINTRA PROFESSORA;Bangladesh;1
ESTADUAL - SE;CENTRO;CONSOLACAO;SAO PAULO;8;3712;MARINA CINTRA PROFESSORA;Bolívia;4
ESTADUAL - SE;CENTRO;CONSOLACAO;SAO PAULO;8;3712;MARINA CINTRA PROFESSORA;Cabo Verde;1
ESTADUAL - SE;CENTRO;CONSOLACAO;SAO PAULO;8;3712;MARINA CINTRA PROFESSORA;China;1
ESTADUAL - SE;CENTRO;CONSOLACAO;SAO PAULO;8;3712;MARINA CINTRA PROFESSORA;Colômbia;5
ESTADUAL - SE;CENTRO;CONSOLACAO;SAO PAULO;8;3712;MARINA CINTRA PROFESSORA;Espanha;1
ESTADUAL - SE;CENTRO;CONSOLACAO;SAO PAULO;8;3712;MARINA CINTRA PROFESSORA;Haiti;1
ESTADUAL - SE;CENTRO;CONSOLACAO;SAO PAULO;8;3712;MARINA CINTRA PROFESSORA;Nigéria;1
ESTADUAL - SE;CENTRO;CONSOLACAO;SAO PAULO;8;3712;MARINA CINTRA PROFESSORA;Paraguai;3
ESTADUAL - SE;CENTRO;CONSOLACAO;SAO PAULO;8;3712;MARINA CINTRA PROFESSORA;Peru;3
ESTADUAL - SE;CENTRO;CONSOLACAO;SAO PAULO;8;3712;MARINA CINTRA PROFESSORA;Venezuela;6
ESTADUAL - SE;CENTRO;CONSOLACAO;SAO PAULO;8;3852;CAETANO DE CAMPOS CONSOLACAO;Angola;9
ESTADUAL - SE;CENTRO;CONSOLACAO;SAO PAULO;8;3852;CAETANO DE CAMPOS CONSOLACAO;Argentina;1
ESTADUAL - SE;CENTRO;CONSOLACAO;SAO PAULO;8;3852;CAETANO DE CAMPOS CONSOLACAO;Bolívia;2
ESTADUAL - SE;CENTRO;CONSOLACAO;SAO PAULO;8;3852;CAETANO DE CAMPOS CONSOLACAO;Colômbia;4
ESTADUAL - SE;CENTRO;CONSOLACAO;SAO PAULO;8;3852;CAETANO DE CAMPOS CONSOLACAO;Cuba;1
ESTADUAL - SE;CENTRO;CONSOLACAO;SAO PAULO;8;3852;CAETANO DE CAMPOS CONSOLACAO;Equador;2
ESTADUAL - SE;CENTRO;CONSOLACAO;SAO PAULO;8;3852;CAETANO DE CAMPOS CONSOLACAO;Guiné Equatorial;2
ESTADUAL - SE;CENTRO;CONSOLACAO;SAO PAULO;8;3852;CAETANO DE CAMPOS CONSOLACAO;Guiné-Bissau;4
ESTADUAL - SE;CENTRO;CONSOLACAO;SAO PAULO;8;3852;CAETANO DE CAMPOS CONSOLACAO;Haiti;12
ESTADUAL - SE;CENTRO;CONSOLACAO;SAO PAULO;8;3852;CAETANO DE CAMPOS CONSOLACAO;Iémen;1
ESTADUAL - SE;CENTRO;CONSOLACAO;SAO PAULO;8;3852;CAETANO DE CAMPOS CONSOLACAO;Japão;1
ESTADUAL - SE;CENTRO;CONSOLACAO;SAO PAULO;8;3852;CAETANO DE CAMPOS CONSOLACAO;Marrocos;1
ESTADUAL - SE;CENTRO;CONSOLACAO;SAO PAULO;8;3852;CAETANO DE CAMPOS CONSOLACAO;Paraguai;5
ESTADUAL - SE;CENTRO;CONSOLACAO;SAO PAULO;8;3852;CAETANO DE CAMPOS CONSOLACAO;Peru;5
ESTADUAL - SE;CENTRO;CONSOLACAO;SAO PAULO;8;3852;CAETANO DE CAMPOS CONSOLACAO;Rússia;1
ESTADUAL - SE;CENTRO;CONSOLACAO;SAO PAULO;8;3852;CAETANO DE CAMPOS CONSOLACAO;Senegal;2
ESTADUAL - SE;CENTRO;CONSOLACAO;SAO PAULO;8;3852;CAETANO DE CAMPOS CONSOLACAO;Uruguai;1
ESTADUAL - SE;CENTRO;CONSOLACAO;SAO PAULO;8;3852;CAETANO DE CAMPOS CONSOLACAO;Venezuela;4
ESTADUAL - SE;CENTRO;CONSOLACAO;SAO PAULO;8;3852;CAETANO DE CAMPOS CONSOLACAO;Zâmbia;1
ESTADUAL - SE;CENTRO;LIMAO;SAO PAULO;8;358;MATILDE MACEDO SOARES;Argentina;1
ESTADUAL - SE;CENTRO;LIMAO;SAO PAULO;8;358;MATILDE MACEDO SOARES;Bolívia;23
ESTADUAL - SE;CENTRO;LIMAO;SAO PAULO;8;358;MATILDE MACEDO SOARES;Colômbia;1
ESTADUAL - SE;CENTRO;LIMAO;SAO PAULO;8;383;ANTOINE DE SAINT EXUPERY;Bolívia;4
ESTADUAL - SE;CENTRO;LIMAO;SAO PAULO;8;383;ANTOINE DE SAINT EXUPERY;Colômbia;1
ESTADUAL - SE;CENTRO;LIMAO;SAO PAULO;8;449;TAUNAY VISCONDE DE;Bolívia;2
ESTADUAL - SE;CENTRO;LIMAO;SAO PAULO;8;498;LUIZ GONZAGA RIGHINI PROFESSOR;Angola;1
ESTADUAL - SE;CENTRO;LIMAO;SAO PAULO;8;498;LUIZ GONZAGA RIGHINI PROFESSOR;Paraguai;1
ESTADUAL - SE;CENTRO;LIMAO;SAO PAULO;8;498;LUIZ GONZAGA RIGHINI PROFESSOR;Serra Leoa;1
ESTADUAL - SE;CENTRO;LIMAO;SAO PAULO;8;504;MARIO TEIXEIRA MARIANO PROFESSOR;Bolívia;2
ESTADUAL - SE;CENTRO;LIMAO;SAO PAULO;8;536;TARCISIO ALVARES LOBO;Bolívia;2
ESTADUAL - SE;CENTRO;LIMAO;SAO PAULO;8;536;TARCISIO ALVARES LOBO;Filipinas;1
ESTADUAL - SE;CENTRO;LIMAO;SAO PAULO;8;541;JOAQUIM NABUCO;Argentina;2
ESTADUAL - SE;CENTRO;LIMAO;SAO PAULO;8;541;JOAQUIM NABUCO;Bolívia;49
ESTADUAL - SE;CENTRO;LIMAO;SAO PAULO;8;541;JOAQUIM NABUCO;Haiti;2
ESTADUAL - SE;CENTRO;LIMAO;SAO PAULO;8;541;JOAQUIM NABUCO;Paraguai;1
ESTADUAL - SE;CENTRO;LIMAO;SAO PAULO;8;541;JOAQUIM NABUCO;Peru;2
ESTADUAL - SE;CENTRO;LIMAO;SAO PAULO;8;577;DULCE FERREIRA BOARIN PROFESSORA;Argentina;1
ESTADUAL - SE;CENTRO;LIMAO;SAO PAULO;8;577;DULCE FERREIRA BOARIN PROFESSORA;Bolívia;14
ESTADUAL - SE;CENTRO;LIMAO;SAO PAULO;8;590;PAULO SETUBAL;Argentina;1
ESTADUAL - SE;CENTRO;LIMAO;SAO PAULO;8;590;PAULO SETUBAL;Bolívia;6
ESTADUAL - SE;CENTRO;LIMAO;SAO PAULO;8;590;PAULO SETUBAL;Equador;1
ESTADUAL - SE;CENTRO;PARI;SAO PAULO;8;1521;PAULO LUIG FREI;Angola;1
ESTADUAL - SE;CENTRO;PARI;SAO PAULO;8;1521;PAULO LUIG FREI;Argentina;15
ESTADUAL - SE;CENTRO;PARI;SAO PAULO;8;1521;PAULO LUIG FREI;Arménia;1
ESTADUAL - SE;CENTRO;PARI;SAO PAULO;8;1521;PAULO LUIG FREI;Bahrain;1
ESTADUAL - SE;CENTRO;PARI;SAO PAULO;8;1521;PAULO LUIG FREI;Bangladesh;29
ESTADUAL - SE;CENTRO;PARI;SAO PAULO;8;1521;PAULO LUIG FREI;Bolívia;120
ESTADUAL - SE;CENTRO;PARI;SAO PAULO;8;1521;PAULO LUIG FREI;Equador;2
ESTADUAL - SE;CENTRO;PARI;SAO PAULO;8;1521;PAULO LUIG FREI;Líbano;1
ESTADUAL - SE;CENTRO;PARI;SAO PAULO;8;1521;PAULO LUIG FREI;Marrocos;1
ESTADUAL - SE;CENTRO;PARI;SAO PAULO;8;1521;PAULO LUIG FREI;Paquistão;3
ESTADUAL - SE;CENTRO;PARI;SAO PAULO;8;1521;PAULO LUIG FREI;Paraguai;21
ESTADUAL - SE;CENTRO;PARI;SAO PAULO;8;1521;PAULO LUIG FREI;Peru;5
ESTADUAL - SE;CENTRO;PARI;SAO PAULO;8;1521;PAULO LUIG FREI;Venezuela;2
ESTADUAL - SE;CENTRO;PARI;SAO PAULO;8;1570;ORESTES GUIMARAES;Angola;4
ESTADUAL - SE;CENTRO;PARI;SAO PAULO;8;1570;ORESTES GUIMARAES;Argentina;5
ESTADUAL - SE;CENTRO;PARI;SAO PAULO;8;1570;ORESTES GUIMARAES;Arménia;1
ESTADUAL - SE;CENTRO;PARI;SAO PAULO;8;1570;ORESTES GUIMARAES;Bangladesh;31
ESTADUAL - SE;CENTRO;PARI;SAO PAULO;8;1570;ORESTES GUIMARAES;Bolívia;66
ESTADUAL - SE;CENTRO;PARI;SAO PAULO;8;1570;ORESTES GUIMARAES;Chile;1
ESTADUAL - SE;CENTRO;PARI;SAO PAULO;8;1570;ORESTES GUIMARAES;China;13
ESTADUAL - SE;CENTRO;PARI;SAO PAULO;8;1570;ORESTES GUIMARAES;Colômbia;1
ESTADUAL - SE;CENTRO;PARI;SAO PAULO;8;1570;ORESTES GUIMARAES;Dominicana, República;2
ESTADUAL - SE;CENTRO;PARI;SAO PAULO;8;1570;ORESTES GUIMARAES;Egipto;1
ESTADUAL - SE;CENTRO;PARI;SAO PAULO;8;1570;ORESTES GUIMARAES;Equador;8
ESTADUAL - SE;CENTRO;PARI;SAO PAULO;8;1570;ORESTES GUIMARAES;Espanha;1
ESTADUAL - SE;CENTRO;PARI;SAO PAULO;8;1570;ORESTES GUIMARAES;Marrocos;3
ESTADUAL - SE;CENTRO;PARI;SAO PAULO;8;1570;ORESTES GUIMARAES;Paquistão;1
ESTADUAL - SE;CENTRO;PARI;SAO PAULO;8;1570;ORESTES GUIMARAES;Paraguai;35
ESTADUAL - SE;CENTRO;PARI;SAO PAULO;8;1570;ORESTES GUIMARAES;Peru;24
ESTADUAL - SE;CENTRO;PARI;SAO PAULO;8;1570;ORESTES GUIMARAES;Síria;2
ESTADUAL - SE;CENTRO;PARI;SAO PAULO;8;1570;ORESTES GUIMARAES;Venezuela;10
ESTADUAL - SE;CENTRO;PERDIZES;SAO PAULO;8;3499;ZULEIKA DE BARROS MARTINS FERREIRA PROFESSORA;Congo, República Democrática do (antigo Zaire);1
ESTADUAL - SE;CENTRO;PERDIZES;SAO PAULO;8;3499;ZULEIKA DE BARROS MARTINS FERREIRA PROFESSORA;Moçambique;1
ESTADUAL - SE;CENTRO;PERDIZES;SAO PAULO;8;3554;MAURO DE OLIVEIRA PROFESSOR;Equador;1
ESTADUAL - SE;CENTRO;PERDIZES;SAO PAULO;8;3566;MISS BROWNE;Síria;2
ESTADUAL - SE;CENTRO;PERDIZES;SAO PAULO;8;3633;FARIA LIMA BRIGADEIRO;Argentina;1
ESTADUAL - SE;CENTRO;PERDIZES;SAO PAULO;8;3633;FARIA LIMA BRIGADEIRO;Colômbia;1
ESTADUAL - SE;CENTRO;PERDIZES;SAO PAULO;8;3633;FARIA LIMA BRIGADEIRO;Israel;3
ESTADUAL - SE;CENTRO;PERDIZES;SAO PAULO;8;3633;FARIA LIMA BRIGADEIRO;Venezuela;1
ESTADUAL - SE;CENTRO;REPUBLICA;SAO PAULO;8;38124;MARIA AUGUSTA SARAIVA DOUTORA;Angola;12
ESTADUAL - SE;CENTRO;REPUBLICA;SAO PAULO;8;38124;MARIA AUGUSTA SARAIVA DOUTORA;Cabo Verde;1
ESTADUAL - SE;CENTRO;REPUBLICA;SAO PAULO;8;38124;MARIA AUGUSTA SARAIVA DOUTORA;Colômbia;2
ESTADUAL - SE;CENTRO;REPUBLICA;SAO PAULO;8;38124;MARIA AUGUSTA SARAIVA DOUTORA;Congo, República do;1
ESTADUAL - SE;CENTRO;REPUBLICA;SAO PAULO;8;38124;MARIA AUGUSTA SARAIVA DOUTORA;Haiti;1
ESTADUAL - SE;CENTRO;REPUBLICA;SAO PAULO;8;38124;MARIA AUGUSTA SARAIVA DOUTORA;Japão;2
ESTADUAL - SE;CENTRO;REPUBLICA;SAO PAULO;8;38124;MARIA AUGUSTA SARAIVA DOUTORA;Paraguai;1
ESTADUAL - SE;CENTRO;REPUBLICA;SAO PAULO;8;38124;MARIA AUGUSTA SARAIVA DOUTORA;Peru;1
ESTADUAL - SE;CENTRO;REPUBLICA;SAO PAULO;8;38124;MARIA AUGUSTA SARAIVA DOUTORA;Serra Leoa;1
ESTADUAL - SE;CENTRO;REPUBLICA;SAO PAULO;8;38124;MARIA AUGUSTA SARAIVA DOUTORA;Venezuela;3
ESTADUAL - SE;CENTRO;REPUBLICA;SAO PAULO;8;918994;PAULO MACHADO DE CARVALHO;Angola;1
ESTADUAL - SE;CENTRO;REPUBLICA;SAO PAULO;8;918994;PAULO MACHADO DE CARVALHO;Colômbia;1
ESTADUAL - SE;CENTRO;REPUBLICA;SAO PAULO;8;918994;PAULO MACHADO DE CARVALHO;Haiti;2
ESTADUAL - SE;CENTRO;SANTA CECILIA;SAO PAULO;8;3426;CANUTO DO VAL;Argentina;2
ESTADUAL - SE;CENTRO;SANTA CECILIA;SAO PAULO;8;3426;CANUTO DO VAL;Bolívia;65
ESTADUAL - SE;CENTRO;SANTA CECILIA;SAO PAULO;8;3426;CANUTO DO VAL;China;1
ESTADUAL - SE;CENTRO;SANTA CECILIA;SAO PAULO;8;3426;CANUTO DO VAL;Congo, República Democrática do (antigo Zaire);1
ESTADUAL - SE;CENTRO;SANTA CECILIA;SAO PAULO;8;3426;CANUTO DO VAL;Dominicana, República;1
ESTADUAL - SE;CENTRO;SANTA CECILIA;SAO PAULO;8;3426;CANUTO DO VAL;Paraguai;13
ESTADUAL - SE;CENTRO;SANTA CECILIA;SAO PAULO;8;3426;CANUTO DO VAL;Peru;3
ESTADUAL - SE;CENTRO;SANTA CECILIA;SAO PAULO;8;3426;CANUTO DO VAL;Venezuela;1
ESTADUAL - SE;CENTRO;SANTA CECILIA;SAO PAULO;8;3451;JOAO KOPKE;Argentina;10
ESTADUAL - SE;CENTRO;SANTA CECILIA;SAO PAULO;8;3451;JOAO KOPKE;Bolívia;50
ESTADUAL - SE;CENTRO;SANTA CECILIA;SAO PAULO;8;3451;JOAO KOPKE;Cabo Verde;1
ESTADUAL - SE;CENTRO;SANTA CECILIA;SAO PAULO;8;3451;JOAO KOPKE;China;1
ESTADUAL - SE;CENTRO;SANTA CECILIA;SAO PAULO;8;3451;JOAO KOPKE;Equador;4
ESTADUAL - SE;CENTRO;SANTA CECILIA;SAO PAULO;8;3451;JOAO KOPKE;Guiné-Conacri;2
ESTADUAL - SE;CENTRO;SANTA CECILIA;SAO PAULO;8;3451;JOAO KOPKE;Haiti;1
ESTADUAL - SE;CENTRO;SANTA CECILIA;SAO PAULO;8;3451;JOAO KOPKE;Iémen;1
ESTADUAL - SE;CENTRO;SANTA CECILIA;SAO PAULO;8;3451;JOAO KOPKE;Paraguai;21
ESTADUAL - SE;CENTRO;SANTA CECILIA;SAO PAULO;8;3451;JOAO KOPKE;Peru;9
ESTADUAL - SE;CENTRO;SANTA CECILIA;SAO PAULO;8;3451;JOAO KOPKE;Venezuela;2
ESTADUAL - SE;CENTRO;SANTA CECILIA;SAO PAULO;8;3487;ARTHUR GUIMARAES;Angola;1
ESTADUAL - SE;CENTRO;SANTA CECILIA;SAO PAULO;8;3487;ARTHUR GUIMARAES;Bangladesh;2
ESTADUAL - SE;CENTRO;SANTA CECILIA;SAO PAULO;8;3487;ARTHUR GUIMARAES;Bolívia;1
ESTADUAL - SE;CENTRO;SANTA CECILIA;SAO PAULO;8;3487;ARTHUR GUIMARAES;Iémen;1
ESTADUAL - SE;CENTRO;SANTA CECILIA;SAO PAULO;8;3487;ARTHUR GUIMARAES;Peru;3
ESTADUAL - SE;CENTRO;SANTA CECILIA;SAO PAULO;8;3487;ARTHUR GUIMARAES;Venezuela;4
ESTADUAL - SE;CENTRO;SANTA CECILIA;SAO PAULO;8;3530;ALARICO SILVEIRA DOUTOR;Argentina;1
ESTADUAL - SE;CENTRO;SANTA CECILIA;SAO PAULO;8;3530;ALARICO SILVEIRA DOUTOR;Bolívia;6
ESTADUAL - SE;CENTRO;SANTA CECILIA;SAO PAULO;8;3530;ALARICO SILVEIRA DOUTOR;Venezuela;1
ESTADUAL - SE;CENTRO;SANTA CECILIA;SAO PAULO;8;3670;FIDELINO DE FIGUEIREDO PROFESSOR;Bolívia;3
ESTADUAL - SE;CENTRO;SANTA CECILIA;SAO PAULO;8;3670;FIDELINO DE FIGUEIREDO PROFESSOR;China;1
ESTADUAL - SE;CENTRO;SANTA CECILIA;SAO PAULO;8;3670;FIDELINO DE FIGUEIREDO PROFESSOR;Colômbia;1
ESTADUAL - SE;CENTRO;SANTA CECILIA;SAO PAULO;8;3670;FIDELINO DE FIGUEIREDO PROFESSOR;Guiné-Conacri;1
ESTADUAL - SE;CENTRO;SANTA CECILIA;SAO PAULO;8;3670;FIDELINO DE FIGUEIREDO PROFESSOR;Paraguai;1
ESTADUAL - SE;CENTRO;SANTA CECILIA;SAO PAULO;8;3670;FIDELINO DE FIGUEIREDO PROFESSOR;Peru;7
ESTADUAL - SE;CENTRO;SANTA CECILIA;SAO PAULO;8;3670;FIDELINO DE FIGUEIREDO PROFESSOR;Síria;1
ESTADUAL - SE;CENTRO;SANTA CECILIA;SAO PAULO;8;3670;FIDELINO DE FIGUEIREDO PROFESSOR;Venezuela;3
ESTADUAL - SE;CENTRO;SANTANA;SAO PAULO;6;985028;CEL JTO A EE BUENOS AIRES;Venezuela;1
ESTADUAL - SE;CENTRO;SANTANA;SAO PAULO;8;656;FRONTINO GUIMARAES;Bolívia;1
ESTADUAL - SE;CENTRO;SANTANA;SAO PAULO;8;668;ROMULO PERO PROFESSOR;Bolívia;3
ESTADUAL - SE;CENTRO;SANTANA;SAO PAULO;8;723;OCTAVIO MENDES DOUTOR;África do Sul;1
ESTADUAL - SE;CENTRO;SANTANA;SAO PAULO;8;723;OCTAVIO MENDES DOUTOR;Bolívia;2
ESTADUAL - SE;CENTRO;SANTANA;SAO PAULO;8;723;OCTAVIO MENDES DOUTOR;Coreia do Sul;1
ESTADUAL - SE;CENTRO;SANTANA;SAO PAULO;8;723;OCTAVIO MENDES DOUTOR;Síria;1
ESTADUAL - SE;CENTRO;SANTANA;SAO PAULO;8;723;OCTAVIO MENDES DOUTOR;Venezuela;1
ESTADUAL - SE;CENTRO;SANTANA;SAO PAULO;8;917;ANTONIO LISBOA PROFESSOR;Bolívia;3
ESTADUAL - SE;CENTRO;SANTANA;SAO PAULO;8;917;ANTONIO LISBOA PROFESSOR;Paraguai;2
ESTADUAL - SE;CENTRO;SANTANA;SAO PAULO;8;929;ANTONIO VIEIRA PADRE;Bolívia;2
ESTADUAL - SE;CENTRO;SANTANA;SAO PAULO;8;929;ANTONIO VIEIRA PADRE;Equador;1
ESTADUAL - SE;CENTRO;SANTANA;SAO PAULO;8;929;ANTONIO VIEIRA PADRE;Estados Unidos da América;1
ESTADUAL - SE;CENTRO;SANTANA;SAO PAULO;8;929;ANTONIO VIEIRA PADRE;Venezuela;1
ESTADUAL - SE;CENTRO;SANTANA;SAO PAULO;8;942;BUENOS AIRES;Argentina;1
ESTADUAL - SE;CENTRO;SANTANA;SAO PAULO;8;942;BUENOS AIRES;Bolívia;7
ESTADUAL - SE;CENTRO;SANTANA;SAO PAULO;8;985;REPUBLICA DA BOLIVIA;Líbano;1
ESTADUAL - SE;CENTRO;SANTANA;SAO PAULO;8;37758;DAILY RESENDE FRANCA PROFESSOR;Bolívia;2
ESTADUAL - SE;CENTRO;SE;SAO PAULO;8;1363;SAO PAULO;Angola;1
ESTADUAL - SE;CENTRO;VILA GUILHERME;SAO PAULO;8;681;TOLEDO BARBOSA;Argentina;2
ESTADUAL - SE;CENTRO;VILA GUILHERME;SAO PAULO;8;681;TOLEDO BARBOSA;Bolívia;32
ESTADUAL - SE;CENTRO;VILA GUILHERME;SAO PAULO;8;681;TOLEDO BARBOSA;Colômbia;1
ESTADUAL - SE;CENTRO;VILA GUILHERME;SAO PAULO;8;681;TOLEDO BARBOSA;Paraguai;1
ESTADUAL - SE;CENTRO;VILA GUILHERME;SAO PAULO;8;681;TOLEDO BARBOSA;Peru;2
ESTADUAL - SE;CENTRO;VILA GUILHERME;SAO PAULO;8;711;NARBAL FONTES PROFESSORA;Argentina;1
ESTADUAL - SE;CENTRO;VILA GUILHERME;SAO PAULO;8;711;NARBAL FONTES PROFESSORA;Bolívia;10
ESTADUAL - SE;CENTRO;VILA GUILHERME;SAO PAULO;8;711;NARBAL FONTES PROFESSORA;Japão;1
ESTADUAL - SE;CENTRO;VILA GUILHERME;SAO PAULO;8;711;NARBAL FONTES PROFESSORA;Paraguai;1
ESTADUAL - SE;CENTRO;VILA GUILHERME;SAO PAULO;8;711;NARBAL FONTES PROFESSORA;Síria;2
ESTADUAL - SE;CENTRO;VILA GUILHERME;SAO PAULO;8;760;AFRANIO PEIXOTO;Argentina;6
ESTADUAL - SE;CENTRO;VILA GUILHERME;SAO PAULO;8;760;AFRANIO PEIXOTO;Bolívia;32
ESTADUAL - SE;CENTRO;VILA GUILHERME;SAO PAULO;8;760;AFRANIO PEIXOTO;Paraguai;1
ESTADUAL - SE;CENTRO;VILA GUILHERME;SAO PAULO;8;784;ANESIA SINCORA PROFESSORA;Argentina;1
ESTADUAL - SE;CENTRO;VILA GUILHERME;SAO PAULO;8;784;ANESIA SINCORA PROFESSORA;Bolívia;25
ESTADUAL - SE;CENTRO;VILA GUILHERME;SAO PAULO;8;784;ANESIA SINCORA PROFESSORA;Colômbia;2
ESTADUAL - SE;CENTRO;VILA GUILHERME;SAO PAULO;8;784;ANESIA SINCORA PROFESSORA;Haiti;1
ESTADUAL - SE;CENTRO;VILA GUILHERME;SAO PAULO;8;784;ANESIA SINCORA PROFESSORA;Peru;2
ESTADUAL - SE;CENTRO;VILA GUILHERME;SAO PAULO;8;784;ANESIA SINCORA PROFESSORA;Venezuela;2
ESTADUAL - SE;CENTRO;VILA GUILHERME;SAO PAULO;8;899;PEDRO COSTA DEPUTADO;Bolívia;6
ESTADUAL - SE;CENTRO;VILA GUILHERME;SAO PAULO;8;899;PEDRO COSTA DEPUTADO;Peru;1
ESTADUAL - SE;CENTRO;VILA GUILHERME;SAO PAULO;8;966;GONCALVES DIAS;Bolívia;5
ESTADUAL - SE;CENTRO;VILA GUILHERME;SAO PAULO;8;966;GONCALVES DIAS;Japão;1
ESTADUAL - SE;CENTRO;VILA GUILHERME;SAO PAULO;8;978;CASIMIRO DE ABREU;Argentina;2
ESTADUAL - SE;CENTRO;VILA GUILHERME;SAO PAULO;8;978;CASIMIRO DE ABREU;Bolívia;13
ESTADUAL - SE;CENTRO;VILA GUILHERME;SAO PAULO;8;978;CASIMIRO DE ABREU;Japão;1
ESTADUAL - SE;CENTRO;VILA GUILHERME;SAO PAULO;8;978;CASIMIRO DE ABREU;Paraguai;1
ESTADUAL - SE;CENTRO;VILA GUILHERME;SAO PAULO;15;454734;PENITENCIARIA FEMININA DA CAPITAL;Bolívia;9
ESTADUAL - SE;CENTRO;VILA GUILHERME;SAO PAULO;15;454734;PENITENCIARIA FEMININA DA CAPITAL;Estados Unidos da América;1
ESTADUAL - SE;CENTRO OESTE;ALTO DE PINHEIROS;SAO PAULO;8;3657;EMILIANO AUGUSTO CAVALCANTI DE ALBUQUERQUE E MELO;Argentina;1
ESTADUAL - SE;CENTRO OESTE;ALTO DE PINHEIROS;SAO PAULO;8;3803;VICTOR OLIVA PROFESSOR;Paraguai;1
ESTADUAL - SE;CENTRO OESTE;BUTANTA;SAO PAULO;8;3955;KEIZO ISHIHARA;Estados Unidos da América;1
ESTADUAL - SE;CENTRO OESTE;BUTANTA;SAO PAULO;8;3955;KEIZO ISHIHARA;Guiné-Conacri;1
ESTADUAL - SE;CENTRO OESTE;BUTANTA;SAO PAULO;8;3955;KEIZO ISHIHARA;Índia;1
ESTADUAL - SE;CENTRO OESTE;BUTANTA;SAO PAULO;8;3955;KEIZO ISHIHARA;Japão;1
ESTADUAL - SE;CENTRO OESTE;BUTANTA;SAO PAULO;8;3967;KYRILLOS DOUTOR;Bolívia;1
ESTADUAL - SE;CENTRO OESTE;BUTANTA;SAO PAULO;8;3967;KYRILLOS DOUTOR;Venezuela;1
ESTADUAL - SE;CENTRO OESTE;BUTANTA;SAO PAULO;8;4085;CLORINDA DANTI PROFESSORA;Bolívia;1
ESTADUAL - SE;CENTRO OESTE;BUTANTA;SAO PAULO;8;4085;CLORINDA DANTI PROFESSORA;Colômbia;1
ESTADUAL - SE;CENTRO OESTE;BUTANTA;SAO PAULO;8;4224;VIRGILIA RODRIGUES ALVES DE CARVALHO PINTO;Japão;1
ESTADUAL - SE;CENTRO OESTE;BUTANTA;SAO PAULO;8;37597;ALCIDES DA COSTA VIDIGAL;Bolívia;1
ESTADUAL - SE;CENTRO OESTE;BUTANTA;SAO PAULO;15;457905;CPPF DRA MARINA MARIGO CARDOSO DE OLIVEIRA DO BUTANTA;África do Sul;1
ESTADUAL - SE;CENTRO OESTE;BUTANTA;SAO PAULO;15;457905;CPPF DRA MARINA MARIGO CARDOSO DE OLIVEIRA DO BUTANTA;Bolívia;12
ESTADUAL - SE;CENTRO OESTE;BUTANTA;SAO PAULO;15;457905;CPPF DRA MARINA MARIGO CARDOSO DE OLIVEIRA DO BUTANTA;Dominicana, República;1
ESTADUAL - SE;CENTRO OESTE;BUTANTA;SAO PAULO;15;457905;CPPF DRA MARINA MARIGO CARDOSO DE OLIVEIRA DO BUTANTA;Estados Unidos da América;1
ESTADUAL - SE;CENTRO OESTE;BUTANTA;SAO PAULO;15;457905;CPPF DRA MARINA MARIGO CARDOSO DE OLIVEIRA DO BUTANTA;Nigéria;1
ESTADUAL - SE;CENTRO OESTE;BUTANTA;SAO PAULO;15;457905;CPPF DRA MARINA MARIGO CARDOSO DE OLIVEIRA DO BUTANTA;Paraguai;1
ESTADUAL - SE;CENTRO OESTE;BUTANTA;SAO PAULO;15;457905;CPPF DRA MARINA MARIGO CARDOSO DE OLIVEIRA DO BUTANTA;Peru;1
ESTADUAL - SE;CENTRO OESTE;BUTANTA;SAO PAULO;15;457905;CPPF DRA MARINA MARIGO CARDOSO DE OLIVEIRA DO BUTANTA;Quénia;1
ESTADUAL - SE;CENTRO OESTE;CAMPO BELO;SAO PAULO;8;3992;MARIO DE ANDRADE;Venezuela;3
ESTADUAL - SE;CENTRO OESTE;CAMPO BELO;SAO PAULO;8;4029;FLAVIA VIZIBELI PIRRO PROFESSORA;Japão;1
ESTADUAL - SE;CENTRO OESTE;CAMPO BELO;SAO PAULO;8;4029;FLAVIA VIZIBELI PIRRO PROFESSORA;Venezuela;1
ESTADUAL - SE;CENTRO OESTE;ITAIM BIBI;SAO PAULO;8;3736;LUDOVINA CREDIDIO PEIXOTO;Angola;2
ESTADUAL - SE;CENTRO OESTE;ITAIM BIBI;SAO PAULO;8;3736;LUDOVINA CREDIDIO PEIXOTO;Síria;1
ESTADUAL - SE;CENTRO OESTE;ITAIM BIBI;SAO PAULO;8;3773;COSTA MANSO MINISTRO;Canadá;1
ESTADUAL - SE;CENTRO OESTE;ITAIM BIBI;SAO PAULO;8;3773;COSTA MANSO MINISTRO;Peru;1
ESTADUAL - SE;CENTRO OESTE;ITAIM BIBI;SAO PAULO;8;3773;COSTA MANSO MINISTRO;Venezuela;1
ESTADUAL - SE;CENTRO OESTE;ITAIM BIBI;SAO PAULO;8;3864;CECILIANO JOSE ENNES PROFESSOR;Peru;1
ESTADUAL - SE;CENTRO OESTE;ITAIM BIBI;SAO PAULO;8;3918;ARISTIDES DE CASTRO;Angola;1
ESTADUAL - SE;CENTRO OESTE;ITAIM BIBI;SAO PAULO;8;3918;ARISTIDES DE CASTRO;Cazaquistão;1
ESTADUAL - SE;CENTRO OESTE;ITAIM BIBI;SAO PAULO;8;3931;OSWALDO ARANHA;Gana;1
ESTADUAL - SE;CENTRO OESTE;ITAIM BIBI;SAO PAULO;8;3931;OSWALDO ARANHA;México;1
ESTADUAL - SE;CENTRO OESTE;ITAIM BIBI;SAO PAULO;8;3931;OSWALDO ARANHA;Peru;2
ESTADUAL - SE;CENTRO OESTE;ITAIM BIBI;SAO PAULO;8;3931;OSWALDO ARANHA;Turquia;2
ESTADUAL - SE;CENTRO OESTE;ITAIM BIBI;SAO PAULO;8;4133;ENNIO VOSS PROFESSOR;Peru;5
ESTADUAL - SE;CENTRO OESTE;JAGUARE;SAO PAULO;8;4005;MARIA EUGENIA MARTINS PROFESSORA;Bolívia;1
ESTADUAL - SE;CENTRO OESTE;JAGUARE;SAO PAULO;8;4005;MARIA EUGENIA MARTINS PROFESSORA;Haiti;4
ESTADUAL - SE;CENTRO OESTE;JAGUARE;SAO PAULO;8;4005;MARIA EUGENIA MARTINS PROFESSORA;Venezuela;1
ESTADUAL - SE;CENTRO OESTE;JAGUARE;SAO PAULO;8;4042;HENRIQUE DUMONT VILLARES;Bolívia;1
ESTADUAL - SE;CENTRO OESTE;JAGUARE;SAO PAULO;8;4042;HENRIQUE DUMONT VILLARES;Venezuela;1
ESTADUAL - SE;CENTRO OESTE;JAGUARE;SAO PAULO;8;4066;ARCHITICLINO SANTOS PROFESSOR;Japão;2
ESTADUAL - SE;CENTRO OESTE;JAGUARE;SAO PAULO;8;38131;AUGUSTO DO AMARAL DEPUTADO;Cuba;1
ESTADUAL - SE;CENTRO OESTE;JAGUARE;SAO PAULO;8;38131;AUGUSTO DO AMARAL DEPUTADO;Haiti;1
ESTADUAL - SE;CENTRO OESTE;JARDIM PAULISTA;SAO PAULO;8;3839;GODOFREDO FURTADO;Angola;1
ESTADUAL - SE;CENTRO OESTE;LAPA;SAO PAULO;8;3347;REYNALDO PORCHAT PROFESSOR;Japão;1
ESTADUAL - SE;CENTRO OESTE;LAPA;SAO PAULO;8;3360;ALFREDO PAULINO;Espanha;1
ESTADUAL - SE;CENTRO OESTE;LAPA;SAO PAULO;8;3372;ROMEU DE MORAES;China;1
ESTADUAL - SE;CENTRO OESTE;LAPA;SAO PAULO;8;3372;ROMEU DE MORAES;Colômbia;1
ESTADUAL - SE;CENTRO OESTE;LAPA;SAO PAULO;8;3372;ROMEU DE MORAES;Portugal;1
ESTADUAL - SE;CENTRO OESTE;LAPA;SAO PAULO;8;3384;ANHANGUERA;Angola;1
ESTADUAL - SE;CENTRO OESTE;LAPA;SAO PAULO;8;3384;ANHANGUERA;Haiti;2
ESTADUAL - SE;CENTRO OESTE;LAPA;SAO PAULO;8;3384;ANHANGUERA;Tunísia;1
ESTADUAL - SE;CENTRO OESTE;LAPA;SAO PAULO;8;3402;PEREIRA BARRETO;Bolívia;1
ESTADUAL - SE;CENTRO OESTE;LAPA;SAO PAULO;8;3585;MANUEL CIRIDIAO BUARQUE PROFESSOR;Japão;1
ESTADUAL - SE;CENTRO OESTE;LAPA;SAO PAULO;8;3591;EDMUNDO DE CARVALHO DOUTOR;Angola;1
ESTADUAL - SE;CENTRO OESTE;LAPA;SAO PAULO;8;3591;EDMUNDO DE CARVALHO DOUTOR;Bolívia;1
ESTADUAL - SE;CENTRO OESTE;LAPA;SAO PAULO;8;3612;GUILHERME KUHLMANN;Haiti;1
ESTADUAL - SE;CENTRO OESTE;LAPA;SAO PAULO;8;925767;RAUL CORTEZ  RAUL CRISTIANO MACHADO CORTEZ;Bolívia;1
ESTADUAL - SE;CENTRO OESTE;LAPA;SAO PAULO;8;925767;RAUL CORTEZ  RAUL CRISTIANO MACHADO CORTEZ;Peru;1
ESTADUAL - SE;CENTRO OESTE;MOEMA;SAO PAULO;8;3888;MARTIM FRANCISCO;Argentina;1
ESTADUAL - SE;CENTRO OESTE;MOEMA;SAO PAULO;8;3888;MARTIM FRANCISCO;Países Baixos (Holanda);1
ESTADUAL - SE;CENTRO OESTE;MOEMA;SAO PAULO;8;3888;MARTIM FRANCISCO;Peru;1
ESTADUAL - SE;CENTRO OESTE;MOEMA;SAO PAULO;8;3924;NAPOLEAO DE CARVALHO FREIRE PROFESSOR;Colômbia;1
ESTADUAL - SE;CENTRO OESTE;MOEMA;SAO PAULO;8;3924;NAPOLEAO DE CARVALHO FREIRE PROFESSOR;Peru;2
ESTADUAL - SE;CENTRO OESTE;MORUMBI;SAO PAULO;8;4212;ADOLFO GORDO SENADOR;Chile;1
ESTADUAL - SE;CENTRO OESTE;MORUMBI;SAO PAULO;8;4212;ADOLFO GORDO SENADOR;Peru;1
ESTADUAL - SE;CENTRO OESTE;MORUMBI;SAO PAULO;8;4212;ADOLFO GORDO SENADOR;Portugal;2
ESTADUAL - SE;CENTRO OESTE;MORUMBI;SAO PAULO;8;4212;ADOLFO GORDO SENADOR;Turquia;1
ESTADUAL - SE;CENTRO OESTE;PINHEIROS;SAO PAULO;8;3682;FERNAO DIAS PAES;Colômbia;1
ESTADUAL - SE;CENTRO OESTE;PINHEIROS;SAO PAULO;8;3840;CARLOS MAXIMILIANO PEREIRA DOS SANTOS;Paraguai;1
ESTADUAL - SE;CENTRO OESTE;RAPOSO TAVARES;SAO PAULO;8;4112;LUIS ELIAS ATTIE;Bolívia;1
ESTADUAL - SE;CENTRO OESTE;RAPOSO TAVARES;SAO PAULO;8;4112;LUIS ELIAS ATTIE;Haiti;1
ESTADUAL - SE;CENTRO OESTE;RAPOSO TAVARES;SAO PAULO;8;37424;LOURIVAL GOMES MACHADO PROFESSOR;Venezuela;2
ESTADUAL - SE;CENTRO OESTE;RAPOSO TAVARES;SAO PAULO;8;901738;LUIZ CINTRA DO PRADO PROFESSOR;Venezuela;2
ESTADUAL - SE;CENTRO OESTE;RAPOSO TAVARES;SAO PAULO;8;904173;JOAO XXIII;Haiti;2
ESTADUAL - SE;CENTRO OESTE;RAPOSO TAVARES;SAO PAULO;8;904173;JOAO XXIII;Honduras;1
ESTADUAL - SE;CENTRO OESTE;RAPOSO TAVARES;SAO PAULO;8;904173;JOAO XXIII;Peru;1
ESTADUAL - SE;CENTRO OESTE;RIO PEQUENO;SAO PAULO;8;4091;DANIEL PAULO VERANO PONTES PROFESSOR;Bolívia;1
ESTADUAL - SE;CENTRO OESTE;RIO PEQUENO;SAO PAULO;8;4121;EMYGDIO DE BARROS PROFESSOR;Bolívia;1
ESTADUAL - SE;CENTRO OESTE;RIO PEQUENO;SAO PAULO;8;4121;EMYGDIO DE BARROS PROFESSOR;Colômbia;1
ESTADUAL - SE;CENTRO OESTE;RIO PEQUENO;SAO PAULO;8;4121;EMYGDIO DE BARROS PROFESSOR;Peru;1
ESTADUAL - SE;CENTRO OESTE;RIO PEQUENO;SAO PAULO;8;4121;EMYGDIO DE BARROS PROFESSOR;Venezuela;2
ESTADUAL - SE;CENTRO OESTE;RIO PEQUENO;SAO PAULO;8;4200;ADOLFINO DE ARRUDA CASTANHO PROFESSOR;Moçambique;1
ESTADUAL - SE;CENTRO OESTE;RIO PEQUENO;SAO PAULO;8;37436;ALMEIDA JUNIOR PROFESSOR;Peru;1
ESTADUAL - SE;CENTRO OESTE;RIO PEQUENO;SAO PAULO;8;37436;ALMEIDA JUNIOR PROFESSOR;Venezuela;1
ESTADUAL - SE;CENTRO OESTE;RIO PEQUENO;SAO PAULO;8;43308;JOSE AMERICO DE ALMEIDA DOUTOR;Argentina;1
ESTADUAL - SE;CENTRO OESTE;RIO PEQUENO;SAO PAULO;8;44350;SAMUEL KLABIN;Japão;2
ESTADUAL - SE;CENTRO OESTE;RIO PEQUENO;SAO PAULO;8;924271;SOLON BORGES DOS REIS;Bolívia;1
ESTADUAL - SE;CENTRO OESTE;RIO PEQUENO;SAO PAULO;8;924271;SOLON BORGES DOS REIS;Haiti;1
ESTADUAL - SE;CENTRO OESTE;RIO PEQUENO;SAO PAULO;8;924271;SOLON BORGES DOS REIS;Nigéria;2
ESTADUAL - SE;CENTRO OESTE;RIO PEQUENO;SAO PAULO;8;924271;SOLON BORGES DOS REIS;Suíça;1
ESTADUAL - SE;CENTRO OESTE;SAUDE;SAO PAULO;6;985132;CEL JTO A EE RUI BLOEM;Japão;2
ESTADUAL - SE;CENTRO OESTE;SAUDE;SAO PAULO;8;4571;PAULO ROSSI PROFESSOR;Angola;1
ESTADUAL - SE;CENTRO OESTE;SAUDE;SAO PAULO;8;4625;MARIA RIBEIRO GUIMARAES BUENO PROFESSORA;Venezuela;1
ESTADUAL - SE;CENTRO OESTE;SAUDE;SAO PAULO;8;4662;HELENA LEMMI PROFESSORA;Venezuela;1
ESTADUAL - SE;CENTRO OESTE;SAUDE;SAO PAULO;8;4716;ERICO DE ABREU SODRE;Colômbia;1
ESTADUAL - SE;CENTRO OESTE;SAUDE;SAO PAULO;8;4765;BARROSO ALMIRANTE;Japão;1
ESTADUAL - SE;CENTRO OESTE;SAUDE;SAO PAULO;8;4765;BARROSO ALMIRANTE;Síria;1
ESTADUAL - SE;CENTRO OESTE;SAUDE;SAO PAULO;8;4832;RUI BLOEM;Bolívia;2
ESTADUAL - SE;CENTRO OESTE;SAUDE;SAO PAULO;8;4832;RUI BLOEM;China;2
ESTADUAL - SE;CENTRO OESTE;SAUDE;SAO PAULO;8;4832;RUI BLOEM;Espanha;1
ESTADUAL - SE;CENTRO OESTE;SAUDE;SAO PAULO;8;4832;RUI BLOEM;Haiti;1
ESTADUAL - SE;CENTRO OESTE;SAUDE;SAO PAULO;8;4832;RUI BLOEM;Japão;2
ESTADUAL - SE;CENTRO OESTE;VILA LEOPOLDINA;SAO PAULO;8;3542;JOSE MONTEIRO BOANOVA PROFESSOR;Japão;2
ESTADUAL - SE;CENTRO OESTE;VILA SONIA;SAO PAULO;8;3943;JACYRA MOYA MARTINS CARVALHO PROFESSORA;Síria;2
ESTADUAL - SE;CENTRO OESTE;VILA SONIA;SAO PAULO;8;4194;ADALGIZA SEGURADO DA SILVEIRA PROFESSORA;Haiti;1
ESTADUAL - SE;CENTRO OESTE;VILA SONIA;SAO PAULO;8;4194;ADALGIZA SEGURADO DA SILVEIRA PROFESSORA;Venezuela;3
ESTADUAL - SE;CENTRO OESTE;VILA SONIA;SAO PAULO;8;4236;PEDRO FONSECA PROFESSOR;Bolívia;1
ESTADUAL - SE;CENTRO SUL;BELA VISTA;SAO PAULO;8;3759;MARIA JOSE;Angola;7
ESTADUAL - SE;CENTRO SUL;BELA VISTA;SAO PAULO;8;3759;MARIA JOSE;Bolívia;1
ESTADUAL - SE;CENTRO SUL;BELA VISTA;SAO PAULO;8;3759;MARIA JOSE;Colômbia;1
ESTADUAL - SE;CENTRO SUL;BELA VISTA;SAO PAULO;8;3759;MARIA JOSE;Equador;1
ESTADUAL - SE;CENTRO SUL;BELA VISTA;SAO PAULO;8;3759;MARIA JOSE;Guiné-Bissau;1
ESTADUAL - SE;CENTRO SUL;BELA VISTA;SAO PAULO;8;3759;MARIA JOSE;Haiti;2
ESTADUAL - SE;CENTRO SUL;BELA VISTA;SAO PAULO;8;3759;MARIA JOSE;Paraguai;2
ESTADUAL - SE;CENTRO SUL;BELA VISTA;SAO PAULO;8;3759;MARIA JOSE;Venezuela;3
ESTADUAL - SE;CENTRO SUL;CAMBUCI;SAO PAULO;8;4303;ADELINA ISSA ASHCAR;Angola;4
ESTADUAL - SE;CENTRO SUL;CAMBUCI;SAO PAULO;8;4303;ADELINA ISSA ASHCAR;Bolívia;3
ESTADUAL - SE;CENTRO SUL;CAMBUCI;SAO PAULO;8;4303;ADELINA ISSA ASHCAR;Haiti;14
ESTADUAL - SE;CENTRO SUL;CAMBUCI;SAO PAULO;8;4303;ADELINA ISSA ASHCAR;Venezuela;1
ESTADUAL - SE;CENTRO SUL;CAMBUCI;SAO PAULO;8;4455;OSCAR THOMPSON;Espanha;1
ESTADUAL - SE;CENTRO SUL;CAMBUCI;SAO PAULO;8;4455;OSCAR THOMPSON;Síria;4
ESTADUAL - SE;CENTRO SUL;CAMBUCI;SAO PAULO;8;4467;GOMES CARDIM PROFESSOR;Colômbia;1
ESTADUAL - SE;CENTRO SUL;CAMBUCI;SAO PAULO;8;4467;GOMES CARDIM PROFESSOR;Haiti;1
ESTADUAL - SE;CENTRO SUL;CAMBUCI;SAO PAULO;8;4467;GOMES CARDIM PROFESSOR;Qatar;1
ESTADUAL - SE;CENTRO SUL;CURSINO;SAO PAULO;8;4546;RAUL FONSECA;Iraque;1
ESTADUAL - SE;CENTRO SUL;CURSINO;SAO PAULO;8;4546;RAUL FONSECA;Japão;1
ESTADUAL - SE;CENTRO SUL;CURSINO;SAO PAULO;8;4561;VALENTIM GENTIL;Haiti;2
ESTADUAL - SE;CENTRO SUL;CURSINO;SAO PAULO;8;4649;CALIXTO DE SOUZA ARANHA PROFESSOR;Japão;1
ESTADUAL - SE;CENTRO SUL;CURSINO;SAO PAULO;8;4649;CALIXTO DE SOUZA ARANHA PROFESSOR;Venezuela;5
ESTADUAL - SE;CENTRO SUL;CURSINO;SAO PAULO;8;4741;JULIO RIBEIRO;Venezuela;2
ESTADUAL - SE;CENTRO SUL;CURSINO;SAO PAULO;8;4777;ANTONIO ALCANTARA MACHADO;Bolívia;1
ESTADUAL - SE;CENTRO SUL;CURSINO;SAO PAULO;8;4777;ANTONIO ALCANTARA MACHADO;Síria;3
ESTADUAL - SE;CENTRO SUL;CURSINO;SAO PAULO;8;4789;ANTONIO CASTELAR DE FRANCESCHI;Equador;1
ESTADUAL - SE;CENTRO SUL;CURSINO;SAO PAULO;8;4789;ANTONIO CASTELAR DE FRANCESCHI;Síria;1
ESTADUAL - SE;CENTRO SUL;CURSINO;SAO PAULO;8;4820;JOSE VICENTE DE AZEVEDO CONDE;Venezuela;1
ESTADUAL - SE;CENTRO SUL;CURSINO;SAO PAULO;8;4873;ISABEL PRINCESA;Peru;1
ESTADUAL - SE;CENTRO SUL;CURSINO;SAO PAULO;8;38155;RUBENS DO AMARAL DEPUTADO;Haiti;2
ESTADUAL - SE;CENTRO SUL;CURSINO;SAO PAULO;8;38179;CARLOS PASQUALE PROFESSOR;Haiti;1
ESTADUAL - SE;CENTRO SUL;CURSINO;SAO PAULO;8;38179;CARLOS PASQUALE PROFESSOR;Venezuela;5
ESTADUAL - SE;CENTRO SUL;CURSINO;SAO PAULO;8;39147;MARTHA FIGUEIRA NETTO DA SILVA PROFESSORA;Angola;2
ESTADUAL - SE;CENTRO SUL;CURSINO;SAO PAULO;8;39147;MARTHA FIGUEIRA NETTO DA SILVA PROFESSORA;Venezuela;2
ESTADUAL - SE;CENTRO SUL;IPIRANGA;SAO PAULO;6;985120;CEL JTO A EE ALEXANDRE DE GUSMAO;Japão;4
ESTADUAL - SE;CENTRO SUL;IPIRANGA;SAO PAULO;8;4297;MURTINHO NOBRE DOUTOR;Angola;1
ESTADUAL - SE;CENTRO SUL;IPIRANGA;SAO PAULO;8;4297;MURTINHO NOBRE DOUTOR;Bolívia;3
ESTADUAL - SE;CENTRO SUL;IPIRANGA;SAO PAULO;8;4297;MURTINHO NOBRE DOUTOR;Haiti;8
ESTADUAL - SE;CENTRO SUL;IPIRANGA;SAO PAULO;8;4315;JULIO DE MESQUITA FILHO;Bolívia;1
ESTADUAL - SE;CENTRO SUL;IPIRANGA;SAO PAULO;8;4315;JULIO DE MESQUITA FILHO;Equador;1
ESTADUAL - SE;CENTRO SUL;IPIRANGA;SAO PAULO;8;4315;JULIO DE MESQUITA FILHO;Haiti;8
ESTADUAL - SE;CENTRO SUL;IPIRANGA;SAO PAULO;8;4327;ITAUNA VISCONDE DE;Japão;1
ESTADUAL - SE;CENTRO SUL;IPIRANGA;SAO PAULO;8;4327;ITAUNA VISCONDE DE;Venezuela;3
ESTADUAL - SE;CENTRO SUL;IPIRANGA;SAO PAULO;8;4388;SEMINARIO NOSSA SENHORA DA GLORIA;Bolívia;1
ESTADUAL - SE;CENTRO SUL;IPIRANGA;SAO PAULO;8;4388;SEMINARIO NOSSA SENHORA DA GLORIA;Japão;1
ESTADUAL - SE;CENTRO SUL;IPIRANGA;SAO PAULO;8;4388;SEMINARIO NOSSA SENHORA DA GLORIA;México;1
ESTADUAL - SE;CENTRO SUL;IPIRANGA;SAO PAULO;8;4388;SEMINARIO NOSSA SENHORA DA GLORIA;Paraguai;1
ESTADUAL - SE;CENTRO SUL;IPIRANGA;SAO PAULO;8;4397;JOSE ESCOBAR PROFESSOR;Haiti;3
ESTADUAL - SE;CENTRO SUL;IPIRANGA;SAO PAULO;8;4397;JOSE ESCOBAR PROFESSOR;Uruguai;1
ESTADUAL - SE;CENTRO SUL;IPIRANGA;SAO PAULO;8;4406;MILDRE ALVARES BIAGGI PROFESSORA;Bolívia;4
ESTADUAL - SE;CENTRO SUL;IPIRANGA;SAO PAULO;8;4406;MILDRE ALVARES BIAGGI PROFESSORA;Paraguai;1
ESTADUAL - SE;CENTRO SUL;IPIRANGA;SAO PAULO;8;4406;MILDRE ALVARES BIAGGI PROFESSORA;Venezuela;3
ESTADUAL - SE;CENTRO SUL;IPIRANGA;SAO PAULO;8;4418;NOSSA SENHORA APARECIDA;Haiti;2
ESTADUAL - SE;CENTRO SUL;IPIRANGA;SAO PAULO;8;4418;NOSSA SENHORA APARECIDA;Venezuela;2
ESTADUAL - SE;CENTRO SUL;IPIRANGA;SAO PAULO;8;4424;FRANCISCO DE ASSIS REYS;Haiti;2
ESTADUAL - SE;CENTRO SUL;IPIRANGA;SAO PAULO;8;4424;FRANCISCO DE ASSIS REYS;Venezuela;1
ESTADUAL - SE;CENTRO SUL;IPIRANGA;SAO PAULO;8;4443;ODON CAVALCANTI PROFESSOR;Haiti;1
ESTADUAL - SE;CENTRO SUL;IPIRANGA;SAO PAULO;8;4479;ALEXANDRE DE GUSMAO;Bolívia;2
ESTADUAL - SE;CENTRO SUL;IPIRANGA;SAO PAULO;8;4479;ALEXANDRE DE GUSMAO;Iraque;1
ESTADUAL - SE;CENTRO SUL;IPIRANGA;SAO PAULO;8;4479;ALEXANDRE DE GUSMAO;Israel;1
ESTADUAL - SE;CENTRO SUL;IPIRANGA;SAO PAULO;8;4479;ALEXANDRE DE GUSMAO;Japão;2
ESTADUAL - SE;CENTRO SUL;IPIRANGA;SAO PAULO;8;4510;TEOTONIO ALVES PEREIRA;Argentina;1
ESTADUAL - SE;CENTRO SUL;IPIRANGA;SAO PAULO;8;4510;TEOTONIO ALVES PEREIRA;Bolívia;1
ESTADUAL - SE;CENTRO SUL;IPIRANGA;SAO PAULO;8;4510;TEOTONIO ALVES PEREIRA;Qatar;1
ESTADUAL - SE;CENTRO SUL;IPIRANGA;SAO PAULO;8;4510;TEOTONIO ALVES PEREIRA;Síria;2
ESTADUAL - SE;CENTRO SUL;LIBERDADE;SAO PAULO;6;498634;CEL JTO A EE ROOSEVELT PRESIDENTE;Angola;1
ESTADUAL - SE;CENTRO SUL;LIBERDADE;SAO PAULO;6;498634;CEL JTO A EE ROOSEVELT PRESIDENTE;China;2
ESTADUAL - SE;CENTRO SUL;LIBERDADE;SAO PAULO;6;498634;CEL JTO A EE ROOSEVELT PRESIDENTE;Coreia, República Democrática da (Coreia do Norte);2
ESTADUAL - SE;CENTRO SUL;LIBERDADE;SAO PAULO;8;4340;ROOSEVELT PRESIDENTE;Angola;1
ESTADUAL - SE;CENTRO SUL;LIBERDADE;SAO PAULO;8;4340;ROOSEVELT PRESIDENTE;Bolívia;1
ESTADUAL - SE;CENTRO SUL;LIBERDADE;SAO PAULO;8;4340;ROOSEVELT PRESIDENTE;China;4
ESTADUAL - SE;CENTRO SUL;LIBERDADE;SAO PAULO;8;4340;ROOSEVELT PRESIDENTE;Haiti;8
ESTADUAL - SE;CENTRO SUL;LIBERDADE;SAO PAULO;8;4340;ROOSEVELT PRESIDENTE;Japão;1
ESTADUAL - SE;CENTRO SUL;LIBERDADE;SAO PAULO;8;4340;ROOSEVELT PRESIDENTE;Palestina;1
ESTADUAL - SE;CENTRO SUL;LIBERDADE;SAO PAULO;8;4340;ROOSEVELT PRESIDENTE;Paraguai;2
ESTADUAL - SE;CENTRO SUL;LIBERDADE;SAO PAULO;8;4340;ROOSEVELT PRESIDENTE;Síria;1
ESTADUAL - SE;CENTRO SUL;LIBERDADE;SAO PAULO;8;38143;CAETANO DE CAMPOS;Alemanha;1
ESTADUAL - SE;CENTRO SUL;LIBERDADE;SAO PAULO;8;38143;CAETANO DE CAMPOS;China;3
ESTADUAL - SE;CENTRO SUL;LIBERDADE;SAO PAULO;8;38143;CAETANO DE CAMPOS;Colômbia;2
ESTADUAL - SE;CENTRO SUL;LIBERDADE;SAO PAULO;8;38143;CAETANO DE CAMPOS;Coreia, República Democrática da (Coreia do Norte);1
ESTADUAL - SE;CENTRO SUL;LIBERDADE;SAO PAULO;8;38143;CAETANO DE CAMPOS;Haiti;51
ESTADUAL - SE;CENTRO SUL;LIBERDADE;SAO PAULO;8;38143;CAETANO DE CAMPOS;Itália;1
ESTADUAL - SE;CENTRO SUL;LIBERDADE;SAO PAULO;8;38143;CAETANO DE CAMPOS;Paraguai;2
ESTADUAL - SE;CENTRO SUL;LIBERDADE;SAO PAULO;8;38143;CAETANO DE CAMPOS;Peru;1
ESTADUAL - SE;CENTRO SUL;LIBERDADE;SAO PAULO;8;38143;CAETANO DE CAMPOS;Venezuela;5
ESTADUAL - SE;CENTRO SUL;MOOCA;SAO PAULO;8;1512;ARMANDO ARAUJO;Argentina;1
ESTADUAL - SE;CENTRO SUL;MOOCA;SAO PAULO;8;1512;ARMANDO ARAUJO;Bolívia;6
ESTADUAL - SE;CENTRO SUL;MOOCA;SAO PAULO;8;1512;ARMANDO ARAUJO;China;1
ESTADUAL - SE;CENTRO SUL;MOOCA;SAO PAULO;8;1512;ARMANDO ARAUJO;Colômbia;1
ESTADUAL - SE;CENTRO SUL;MOOCA;SAO PAULO;8;1512;ARMANDO ARAUJO;Peru;1
ESTADUAL - SE;CENTRO SUL;MOOCA;SAO PAULO;8;1512;ARMANDO ARAUJO;Síria;3
ESTADUAL - SE;CENTRO SUL;MOOCA;SAO PAULO;8;1512;ARMANDO ARAUJO;Venezuela;2
ESTADUAL - SE;CENTRO SUL;MOOCA;SAO PAULO;8;1545;PANDIA CALOGERAS;Argentina;1
ESTADUAL - SE;CENTRO SUL;MOOCA;SAO PAULO;8;1545;PANDIA CALOGERAS;Bolívia;8
ESTADUAL - SE;CENTRO SUL;MOOCA;SAO PAULO;8;1545;PANDIA CALOGERAS;China;1
ESTADUAL - SE;CENTRO SUL;MOOCA;SAO PAULO;8;1545;PANDIA CALOGERAS;Colômbia;1
ESTADUAL - SE;CENTRO SUL;MOOCA;SAO PAULO;8;1545;PANDIA CALOGERAS;Paraguai;1
ESTADUAL - SE;CENTRO SUL;MOOCA;SAO PAULO;8;1545;PANDIA CALOGERAS;Venezuela;1
ESTADUAL - SE;CENTRO SUL;MOOCA;SAO PAULO;8;1569;OSWALDO CRUZ;Bolívia;47
ESTADUAL - SE;CENTRO SUL;MOOCA;SAO PAULO;8;1569;OSWALDO CRUZ;China;2
ESTADUAL - SE;CENTRO SUL;MOOCA;SAO PAULO;8;1569;OSWALDO CRUZ;Estados Unidos da América;1
ESTADUAL - SE;CENTRO SUL;MOOCA;SAO PAULO;8;1569;OSWALDO CRUZ;Guiné-Bissau;1
ESTADUAL - SE;CENTRO SUL;MOOCA;SAO PAULO;8;1569;OSWALDO CRUZ;Japão;2
ESTADUAL - SE;CENTRO SUL;MOOCA;SAO PAULO;8;1569;OSWALDO CRUZ;Moçambique;2
ESTADUAL - SE;CENTRO SUL;MOOCA;SAO PAULO;8;1569;OSWALDO CRUZ;Paraguai;2
ESTADUAL - SE;CENTRO SUL;MOOCA;SAO PAULO;8;1569;OSWALDO CRUZ;Peru;3
ESTADUAL - SE;CENTRO SUL;MOOCA;SAO PAULO;8;1569;OSWALDO CRUZ;Venezuela;1
ESTADUAL - SE;CENTRO SUL;MOOCA;SAO PAULO;8;1661;MMDC;Bolívia;8
ESTADUAL - SE;CENTRO SUL;MOOCA;SAO PAULO;8;1661;MMDC;Espanha;1
ESTADUAL - SE;CENTRO SUL;MOOCA;SAO PAULO;8;1661;MMDC;Estados Unidos da América;1
ESTADUAL - SE;CENTRO SUL;MOOCA;SAO PAULO;8;1661;MMDC;Peru;1
ESTADUAL - SE;CENTRO SUL;MOOCA;SAO PAULO;8;1824;JOSE HEITOR CARUSI PROFESSOR;Bolívia;3
ESTADUAL - SE;CENTRO SUL;MOOCA;SAO PAULO;8;1824;JOSE HEITOR CARUSI PROFESSOR;Itália;1
ESTADUAL - SE;CENTRO SUL;MOOCA;SAO PAULO;8;1824;JOSE HEITOR CARUSI PROFESSOR;Líbano;1
ESTADUAL - SE;CENTRO SUL;MOOCA;SAO PAULO;8;1824;JOSE HEITOR CARUSI PROFESSOR;Venezuela;1
ESTADUAL - SE;CENTRO SUL;SACOMA;SAO PAULO;8;4339;ATALIBA DE OLIVEIRA PROFESSOR;Colômbia;1
ESTADUAL - SE;CENTRO SUL;SACOMA;SAO PAULO;8;4339;ATALIBA DE OLIVEIRA PROFESSOR;Paraguai;1
ESTADUAL - SE;CENTRO SUL;SACOMA;SAO PAULO;8;4431;MANUELA LACERDA VERGUEIRO;Colômbia;1
ESTADUAL - SE;CENTRO SUL;SACOMA;SAO PAULO;8;4431;MANUELA LACERDA VERGUEIRO;Haiti;10
ESTADUAL - SE;CENTRO SUL;SACOMA;SAO PAULO;8;4431;MANUELA LACERDA VERGUEIRO;Venezuela;2
ESTADUAL - SE;CENTRO SUL;SACOMA;SAO PAULO;8;4492;GUALTER DA SILVA PROFESSOR;Bolívia;1
ESTADUAL - SE;CENTRO SUL;SACOMA;SAO PAULO;8;4492;GUALTER DA SILVA PROFESSOR;Venezuela;1
ESTADUAL - SE;CENTRO SUL;SACOMA;SAO PAULO;8;4509;MARIA ODILA GUIMARAES BUENO PROFESSORA;Paraguai;1
ESTADUAL - SE;CENTRO SUL;SACOMA;SAO PAULO;8;4509;MARIA ODILA GUIMARAES BUENO PROFESSORA;Venezuela;3
ESTADUAL - SE;CENTRO SUL;SACOMA;SAO PAULO;8;4522;RAUL CARDOSO DE ALMEIDA PROFESSOR;Venezuela;3
ESTADUAL - SE;CENTRO SUL;SACOMA;SAO PAULO;8;4601;JULIA COLLACO FRANCA PROFESSORA;Bolívia;1
ESTADUAL - SE;CENTRO SUL;SACOMA;SAO PAULO;8;4601;JULIA COLLACO FRANCA PROFESSORA;Venezuela;1
ESTADUAL - SE;CENTRO SUL;SACOMA;SAO PAULO;8;37618;ALVARO DE SOUZA LIMA DOUTOR;Bolívia;1
ESTADUAL - SE;CENTRO SUL;SACOMA;SAO PAULO;8;37618;ALVARO DE SOUZA LIMA DOUTOR;Haiti;2
ESTADUAL - SE;CENTRO SUL;SACOMA;SAO PAULO;8;37618;ALVARO DE SOUZA LIMA DOUTOR;Venezuela;5
ESTADUAL - SE;CENTRO SUL;SACOMA;SAO PAULO;8;38167;JOSE MARIA WHITAKER DOUTOR;Peru;1
ESTADUAL - SE;CENTRO SUL;SACOMA;SAO PAULO;8;409169;TERUKO UEDA YAMAGUTI PROFESSORA;Marrocos;2
ESTADUAL - SE;CENTRO SUL;SACOMA;SAO PAULO;8;409169;TERUKO UEDA YAMAGUTI PROFESSORA;Peru;1
ESTADUAL - SE;CENTRO SUL;SACOMA;SAO PAULO;8;409169;TERUKO UEDA YAMAGUTI PROFESSORA;Venezuela;1
ESTADUAL - SE;CENTRO SUL;SACOMA;SAO PAULO;8;904326;TANCREDO NEVES PRESIDENTE;Venezuela;1
ESTADUAL - SE;CENTRO SUL;VILA MARIANA;SAO PAULO;8;3724;ROLDAO LOPES DE BARROS PROFESSOR;Bolívia;4
ESTADUAL - SE;CENTRO SUL;VILA MARIANA;SAO PAULO;8;3724;ROLDAO LOPES DE BARROS PROFESSOR;Haiti;7
ESTADUAL - SE;CENTRO SUL;VILA MARIANA;SAO PAULO;8;3748;ARCY MAJOR;Egipto;1
ESTADUAL - SE;CENTRO SUL;VILA MARIANA;SAO PAULO;8;3748;ARCY MAJOR;Peru;1
ESTADUAL - SE;CENTRO SUL;VILA MARIANA;SAO PAULO;8;3797;FABIANO LOZANO MAESTRO;El Salvador;1
ESTADUAL - SE;CENTRO SUL;VILA MARIANA;SAO PAULO;8;3815;FLORIANO MARECHAL;Síria;2
ESTADUAL - SE;CENTRO SUL;VILA MARIANA;SAO PAULO;8;3827;RODRIGUES ALVES;Angola;3
ESTADUAL - SE;CENTRO SUL;VILA MARIANA;SAO PAULO;8;3827;RODRIGUES ALVES;Argentina;1
ESTADUAL - SE;CENTRO SUL;VILA MARIANA;SAO PAULO;8;3827;RODRIGUES ALVES;Chile;1
ESTADUAL - SE;CENTRO SUL;VILA MARIANA;SAO PAULO;8;3827;RODRIGUES ALVES;China;4
ESTADUAL - SE;CENTRO SUL;VILA MARIANA;SAO PAULO;8;3827;RODRIGUES ALVES;Colômbia;1
ESTADUAL - SE;CENTRO SUL;VILA MARIANA;SAO PAULO;8;3827;RODRIGUES ALVES;Coreia do Sul;2
ESTADUAL - SE;CENTRO SUL;VILA MARIANA;SAO PAULO;8;3827;RODRIGUES ALVES;Espanha;1
ESTADUAL - SE;CENTRO SUL;VILA MARIANA;SAO PAULO;8;3827;RODRIGUES ALVES;Guiné-Conacri;1
ESTADUAL - SE;CENTRO SUL;VILA MARIANA;SAO PAULO;8;3827;RODRIGUES ALVES;Haiti;23
ESTADUAL - SE;CENTRO SUL;VILA MARIANA;SAO PAULO;8;3827;RODRIGUES ALVES;Iémen;2
ESTADUAL - SE;CENTRO SUL;VILA MARIANA;SAO PAULO;8;3827;RODRIGUES ALVES;Iraque;3
ESTADUAL - SE;CENTRO SUL;VILA MARIANA;SAO PAULO;8;3827;RODRIGUES ALVES;Paraguai;1
ESTADUAL - SE;CENTRO SUL;VILA MARIANA;SAO PAULO;8;3827;RODRIGUES ALVES;Peru;2
ESTADUAL - SE;CENTRO SUL;VILA MARIANA;SAO PAULO;8;4790;BRASILIO MACHADO;Venezuela;1
ESTADUAL - SE;CENTRO SUL;VILA MARIANA;SAO PAULO;8;4893;LASAR SEGALL;Bolívia;2
ESTADUAL - SE;CENTRO SUL;VILA PRUDENTE;SAO PAULO;6;985788;CEL JTO A EE JULIA MACEDO PANTOJA PROFESSORA;Bolívia;4
ESTADUAL - SE;CENTRO SUL;VILA PRUDENTE;SAO PAULO;6;985788;CEL JTO A EE JULIA MACEDO PANTOJA PROFESSORA;Moçambique;6
ESTADUAL - SE;CENTRO SUL;VILA PRUDENTE;SAO PAULO;8;1685;MARIO CASASSANTA PROFESSOR;China;1
ESTADUAL - SE;CENTRO SUL;VILA PRUDENTE;SAO PAULO;8;1739;ANDRE DREYFUS PROFESSOR;Venezuela;3
ESTADUAL - SE;CENTRO SUL;VILA PRUDENTE;SAO PAULO;8;1764;ANNITA ATALLA PROFESSORA;Argentina;1
ESTADUAL - SE;CENTRO SUL;VILA PRUDENTE;SAO PAULO;8;1764;ANNITA ATALLA PROFESSORA;Bolívia;1
ESTADUAL - SE;CENTRO SUL;VILA PRUDENTE;SAO PAULO;8;1764;ANNITA ATALLA PROFESSORA;Portugal;1
ESTADUAL - SE;CENTRO SUL;VILA PRUDENTE;SAO PAULO;8;1843;FRANCISCO BORGES VIEIRA DOUTOR;Colômbia;1
ESTADUAL - SE;CENTRO SUL;VILA PRUDENTE;SAO PAULO;8;1855;AMERICO DE MOURA PROFESSOR;Japão;1
ESTADUAL - SE;CENTRO SUL;VILA PRUDENTE;SAO PAULO;8;1879;JOAO FIRMINO DE CAMPOS;Angola;1
ESTADUAL - SE;CENTRO SUL;VILA PRUDENTE;SAO PAULO;8;1879;JOAO FIRMINO DE CAMPOS;Suriname;1
ESTADUAL - SE;CENTRO SUL;VILA PRUDENTE;SAO PAULO;8;1892;REPUBLICA DO PARAGUAY;Bolívia;1
ESTADUAL - SE;CENTRO SUL;VILA PRUDENTE;SAO PAULO;8;1892;REPUBLICA DO PARAGUAY;Burundi;3
ESTADUAL - SE;CENTRO SUL;VILA PRUDENTE;SAO PAULO;8;1892;REPUBLICA DO PARAGUAY;Cuba;1
ESTADUAL - SE;CENTRO SUL;VILA PRUDENTE;SAO PAULO;8;1892;REPUBLICA DO PARAGUAY;Haiti;1
ESTADUAL - SE;CENTRO SUL;VILA PRUDENTE;SAO PAULO;8;1892;REPUBLICA DO PARAGUAY;Venezuela;4
ESTADUAL - SE;CENTRO SUL;VILA PRUDENTE;SAO PAULO;8;1909;CAROLINA AUGUSTA DA COSTA GALVAO PROFESSORA;Colômbia;1
ESTADUAL - SE;CENTRO SUL;VILA PRUDENTE;SAO PAULO;8;1909;CAROLINA AUGUSTA DA COSTA GALVAO PROFESSORA;Venezuela;1
ESTADUAL - SE;CENTRO SUL;VILA PRUDENTE;SAO PAULO;8;1958;JULIA MACEDO PANTOJA PROFESSORA;Bolívia;2
ESTADUAL - SE;CENTRO SUL;VILA PRUDENTE;SAO PAULO;8;1958;JULIA MACEDO PANTOJA PROFESSORA;Japão;1
ESTADUAL - SE;CENTRO SUL;VILA PRUDENTE;SAO PAULO;8;1958;JULIA MACEDO PANTOJA PROFESSORA;Venezuela;10
ESTADUAL - SE;CENTRO SUL;VILA PRUDENTE;SAO PAULO;8;36985;OSWALDO GUERNER GONZALEZ PROFESSOR;Cuba;1
ESTADUAL - SE;DIADEMA;DIADEMA;DIADEMA;8;7341;NICEIA ALBARELLO FERRARI PROFESSORA;Paraguai;2
ESTADUAL - SE;DIADEMA;DIADEMA;DIADEMA;8;7365;LYDES RACHEL GUTIERRES PROFESSORA;Paraguai;2
ESTADUAL - SE;DIADEMA;DIADEMA;DIADEMA;8;7377;JOSE ARTIGAS GENERAL;Itália;1
ESTADUAL - SE;DIADEMA;DIADEMA;DIADEMA;8;7377;JOSE ARTIGAS GENERAL;Paraguai;1
ESTADUAL - SE;DIADEMA;DIADEMA;DIADEMA;8;7390;ANTONIETA BORGES ALVES PROFESSORA;Espanha;1
ESTADUAL - SE;DIADEMA;DIADEMA;DIADEMA;8;7468;OSVALDO GIACOIA DOUTOR;Venezuela;1
ESTADUAL - SE;DIADEMA;DIADEMA;DIADEMA;8;7493;SYLVIA RAMOS ESQUIVEL;Japão;2
ESTADUAL - SE;DIADEMA;DIADEMA;DIADEMA;8;7500;FABIO EDUARDO RAMOS ESQUIVEL;Bolívia;1
ESTADUAL - SE;DIADEMA;DIADEMA;DIADEMA;8;7500;FABIO EDUARDO RAMOS ESQUIVEL;Paraguai;1
ESTADUAL - SE;DIADEMA;DIADEMA;DIADEMA;8;7523;PEDRO MADOGLIO PROFESSOR;Venezuela;3
ESTADUAL - SE;DIADEMA;DIADEMA;DIADEMA;8;7535;SIMON BOLIVAR;Portugal;1
ESTADUAL - SE;DIADEMA;DIADEMA;DIADEMA;8;7535;SIMON BOLIVAR;Venezuela;1
ESTADUAL - SE;DIADEMA;DIADEMA;DIADEMA;8;37285;JOAO CARLOS GOMES CARDIM PROF;Japão;1
ESTADUAL - SE;DIADEMA;DIADEMA;DIADEMA;8;39329;HOMERO SILVA;Suíça;1
ESTADUAL - SE;DIADEMA;DIADEMA;DIADEMA;8;39329;HOMERO SILVA;Venezuela;1
ESTADUAL - SE;DIADEMA;DIADEMA;DIADEMA;8;39500;LIVIO MARCOS GUERCIA PROFESSOR;Venezuela;1
ESTADUAL - SE;DIADEMA;DIADEMA;DIADEMA;8;41178;OSWALDO LACERDA GOMES CARDIM PROFESSOR;Japão;1
ESTADUAL - SE;DIADEMA;DIADEMA;DIADEMA;8;43321;JOAO DE MELO MACEDO;Venezuela;3
ESTADUAL - SE;DIADEMA;DIADEMA;DIADEMA;8;46462;MARIE NADER CALFAT PROFESSORA;Venezuela;5
ESTADUAL - SE;DIADEMA;DIADEMA;DIADEMA;8;901957;ROBERTO FRADE MONTE PROFESSOR;Venezuela;1
ESTADUAL - SE;DIADEMA;DIADEMA;DIADEMA;8;901970;GREGORIO BEZERRA DEPUTADO;Venezuela;1
ESTADUAL - SE;DIADEMA;DIADEMA;DIADEMA;8;904661;AMADEU ODORICO DE SOUZA;Venezuela;4
ESTADUAL - SE;DIADEMA;DIADEMA;DIADEMA;8;904685;ECA DE QUEIROZ;Venezuela;4
ESTADUAL - SE;DIADEMA;DIADEMA;DIADEMA;8;904703;ADONIAS FILHO;Venezuela;1
ESTADUAL - SE;DIADEMA;DIADEMA;DIADEMA;8;906621;JORGE FERREIRA;Haiti;5
ESTADUAL - SE;DIADEMA;DIADEMA;DIADEMA;8;906621;JORGE FERREIRA;Venezuela;1
ESTADUAL - SE;DIADEMA;DIADEMA;DIADEMA;8;906633;JARDIM ARCO IRIS;Venezuela;1
ESTADUAL - SE;DIADEMA;DIADEMA;DIADEMA;8;906645;CLAUDIO ABRAMO;Venezuela;1
ESTADUAL - SE;DIADEMA;DIADEMA;DIADEMA;8;910223;RIOLANDO CANNO PROFESSOR;Arábia Saudita;2
ESTADUAL - SE;DIADEMA;DIADEMA;DIADEMA;8;910223;RIOLANDO CANNO PROFESSOR;Bolívia;2
ESTADUAL - SE;DIADEMA;DIADEMA;DIADEMA;8;915749;JOSE MARCATO;Japão;1
ESTADUAL - SE;DIADEMA;DIADEMA;DIADEMA;8;915749;JOSE MARCATO;Peru;1
ESTADUAL - SE;DIADEMA;DIADEMA;DIADEMA;8;921397;AUGUSTO DE OLIVEIRA JORDAO PROFESSOR;Haiti;1
ESTADUAL - SE;DIADEMA;DIADEMA;DIADEMA;8;921397;AUGUSTO DE OLIVEIRA JORDAO PROFESSOR;Japão;1
ESTADUAL - SE;DIADEMA;DIADEMA;DIADEMA;8;923148;MIGUEL REALE PROFESSOR;Venezuela;3
ESTADUAL - SE;FERNANDOPOLIS;FERNANDOPOLIS;FERNANDOPOLIS;6;985824;CEL JTO A EE JOAQUIM ANTONIO PEREIRA;Argentina;1
ESTADUAL - SE;FERNANDOPOLIS;FERNANDOPOLIS;FERNANDOPOLIS;6;985824;CEL JTO A EE JOAQUIM ANTONIO PEREIRA;Japão;2
ESTADUAL - SE;FERNANDOPOLIS;FERNANDOPOLIS;FERNANDOPOLIS;8;26797;JOAQUIM ANTONIO PEREIRA;Japão;1
ESTADUAL - SE;FERNANDOPOLIS;FERNANDOPOLIS;FERNANDOPOLIS;8;26839;CARLOS BAROZZI;Angola;2
ESTADUAL - SE;FERNANDOPOLIS;FERNANDOPOLIS;FERNANDOPOLIS;8;26876;ANTONIO TANURI PROFESSOR;Japão;3
ESTADUAL - SE;FERNANDOPOLIS;FERNANDOPOLIS;FERNANDOPOLIS;8;26979;SATURNINO LEON ARROYO;Espanha;1
ESTADUAL - SE;FERNANDOPOLIS;FERNANDOPOLIS;FERNANDOPOLIS;8;26979;SATURNINO LEON ARROYO;Portugal;1
ESTADUAL - SE;FERNANDOPOLIS;FERNANDOPOLIS;FERNANDOPOLIS;8;26980;LIBERO DE ALMEIDA SILVARES;Argentina;1
ESTADUAL - SE;FERNANDOPOLIS;FERNANDOPOLIS;FERNANDOPOLIS;8;26980;LIBERO DE ALMEIDA SILVARES;Japão;1
ESTADUAL - SE;FERNANDOPOLIS;MACEDONIA;MACEDONIA;8;26906;HAROLDO GUIMARAES BASTOS ENGENHEIRO;Espanha;1
ESTADUAL - SE;FRANCA;FRANCA;FRANCA;8;22950;DANTE GUEDINE FILHO PROF;Venezuela;1
ESTADUAL - SE;FRANCA;FRANCA;FRANCA;8;22986;HOMERO ALVES;Venezuela;1
ESTADUAL - SE;FRANCA;FRANCA;FRANCA;8;23115;BARAO DE FRANCA;Colômbia;1
ESTADUAL - SE;FRANCA;FRANCA;FRANCA;8;23127;TORQUATO CALEIRO;Espanha;1
ESTADUAL - SE;FRANCA;FRANCA;FRANCA;8;23127;TORQUATO CALEIRO;Japão;1
ESTADUAL - SE;FRANCA;FRANCA;FRANCA;8;23127;TORQUATO CALEIRO;Venezuela;1
ESTADUAL - SE;FRANCA;FRANCA;FRANCA;8;23176;MARIO D ELIA;Bolívia;1
ESTADUAL - SE;FRANCA;FRANCA;FRANCA;8;36870;ANGELO GOSUEN PROF;Venezuela;2
ESTADUAL - SE;FRANCA;FRANCA;FRANCA;8;70038;MARIA CINTRA NUNES ROCHA PROFA DONA BRANCA;Venezuela;1
ESTADUAL - SE;FRANCA;FRANCA;FRANCA;8;496534;ASSUERO QUADRI PRESTES DR PROFESSOR;Venezuela;3
ESTADUAL - SE;FRANCA;FRANCA;FRANCA;8;496546;ROBERTO SCARABUCI PROFESSOR;Venezuela;1
ESTADUAL - SE;FRANCA;FRANCA;FRANCA;8;903395;ADALGISA DE SAO JOSE GUALTIERI;Uruguai;1
ESTADUAL - SE;FRANCA;FRANCA;FRANCA;8;907790;CELSO TOLEDO PROF;Colômbia;1
ESTADUAL - SE;FRANCA;FRANCA;FRANCA;8;916110;MARIA PIA SILVA CASTRO PROFA;Venezuela;1
ESTADUAL - SE;FRANCA;ITIRAPUA;ITIRAPUA;8;23059;HENRIQUE LESPINASSE PROF;Japão;1
ESTADUAL - SE;GUARATINGUETA;CRUZEIRO;CRUZEIRO;8;12373;HUMBERTO TURNER;Angola;1
ESTADUAL - SE;GUARATINGUETA;GUARATINGUETA;GUARATINGUETA;6;985557;CEL JTO A EE RODRIGUES ALVES CONSELHEIRO;Equador;1
ESTADUAL - SE;GUARATINGUETA;GUARATINGUETA;GUARATINGUETA;8;12661;RODRIGUES ALVES CONSELHEIRO;Equador;1
ESTADUAL - SE;GUARATINGUETA;GUARATINGUETA;GUARATINGUETA;8;12661;RODRIGUES ALVES CONSELHEIRO;Síria;2
ESTADUAL - SE;GUARATINGUETA;GUARATINGUETA;GUARATINGUETA;8;12683;JOAQUIM VILELA DE OLIVEIRA MARCONDES;Japão;1
ESTADUAL - SE;GUARATINGUETA;GUARATINGUETA;GUARATINGUETA;8;12920;FRANCISCO AUGUSTO DA COSTA BRAGA PROF;Itália;1
ESTADUAL - SE;GUARATINGUETA;GUARATINGUETA;GUARATINGUETA;8;12920;FRANCISCO AUGUSTO DA COSTA BRAGA PROF;Venezuela;1
ESTADUAL - SE;GUARATINGUETA;LORENA;LORENA;8;13109;ARNOLFO AZEVEDO;Venezuela;1
ESTADUAL - SE;GUARATINGUETA;ROSEIRA;ROSEIRA;8;12877;ANDRE BROCA PROF;Japão;1
ESTADUAL - SE;GUARULHOS NORTE;GUARULHOS NORTE;GUARULHOS;8;5800;JOAQUIM GARCIA SALVADOR PROFESSOR;Bolívia;3
ESTADUAL - SE;GUARULHOS NORTE;GUARULHOS NORTE;GUARULHOS;8;5812;MARIA ROSA BROTA PROFESSORA;Japão;1
ESTADUAL - SE;GUARULHOS NORTE;GUARULHOS NORTE;GUARULHOS;8;5812;MARIA ROSA BROTA PROFESSORA;Venezuela;2
ESTADUAL - SE;GUARULHOS NORTE;GUARULHOS NORTE;GUARULHOS;8;5836;BRASILIA CASTANHO DE OLIVEIRA DONA;Colômbia;5
ESTADUAL - SE;GUARULHOS NORTE;GUARULHOS NORTE;GUARULHOS;8;5836;BRASILIA CASTANHO DE OLIVEIRA DONA;Japão;1
ESTADUAL - SE;GUARULHOS NORTE;GUARULHOS NORTE;GUARULHOS;8;5836;BRASILIA CASTANHO DE OLIVEIRA DONA;Síria;2
ESTADUAL - SE;GUARULHOS NORTE;GUARULHOS NORTE;GUARULHOS;8;5859;MARIA ANGELICA SOAVE PROFESSORA;Bolívia;5
ESTADUAL - SE;GUARULHOS NORTE;GUARULHOS NORTE;GUARULHOS;8;5859;MARIA ANGELICA SOAVE PROFESSORA;Haiti;1
ESTADUAL - SE;GUARULHOS NORTE;GUARULHOS NORTE;GUARULHOS;8;5859;MARIA ANGELICA SOAVE PROFESSORA;Japão;1
ESTADUAL - SE;GUARULHOS NORTE;GUARULHOS NORTE;GUARULHOS;8;5873;CONRADO SIVILA ALSINA PADRE;Bolívia;1
ESTADUAL - SE;GUARULHOS NORTE;GUARULHOS NORTE;GUARULHOS;8;5873;CONRADO SIVILA ALSINA PADRE;Peru;2
ESTADUAL - SE;GUARULHOS NORTE;GUARULHOS NORTE;GUARULHOS;8;5939;PLINIO PAULO BRAGA PROFESSOR;Bolívia;1
ESTADUAL - SE;GUARULHOS NORTE;GUARULHOS NORTE;GUARULHOS;8;5939;PLINIO PAULO BRAGA PROFESSOR;Haiti;1
ESTADUAL - SE;GUARULHOS NORTE;GUARULHOS NORTE;GUARULHOS;8;5964;DULCE BREVES NEVES PROFESSORA;Benin;1
ESTADUAL - SE;GUARULHOS NORTE;GUARULHOS NORTE;GUARULHOS;8;5976;MARIA HELENA BARBOSA MARTINS PROFESSORA;Bolívia;1
ESTADUAL - SE;GUARULHOS NORTE;GUARULHOS NORTE;GUARULHOS;8;5976;MARIA HELENA BARBOSA MARTINS PROFESSORA;Venezuela;1
ESTADUAL - SE;GUARULHOS NORTE;GUARULHOS NORTE;GUARULHOS;8;5988;MARIA LEONI;Irão;2
ESTADUAL - SE;GUARULHOS NORTE;GUARULHOS NORTE;GUARULHOS;8;5988;MARIA LEONI;Japão;1
ESTADUAL - SE;GUARULHOS NORTE;GUARULHOS NORTE;GUARULHOS;8;6002;AMARO JOSE DOS SANTOS PASTOR;Bolívia;1
ESTADUAL - SE;GUARULHOS NORTE;GUARULHOS NORTE;GUARULHOS;8;6002;AMARO JOSE DOS SANTOS PASTOR;Venezuela;1
ESTADUAL - SE;GUARULHOS NORTE;GUARULHOS NORTE;GUARULHOS;8;6014;FRANCISCA DE ASSIS FERREIRA NOVAK;Bolívia;1
ESTADUAL - SE;GUARULHOS NORTE;GUARULHOS NORTE;GUARULHOS;8;6014;FRANCISCA DE ASSIS FERREIRA NOVAK;Moçambique;1
ESTADUAL - SE;GUARULHOS NORTE;GUARULHOS NORTE;GUARULHOS;8;6087;GENOEFA D AQUINO PACITTI PROFESSORA;Bolívia;2
ESTADUAL - SE;GUARULHOS NORTE;GUARULHOS NORTE;GUARULHOS;8;6099;JUVENAL RAMOS BARBOSA;Bolívia;2
ESTADUAL - SE;GUARULHOS NORTE;GUARULHOS NORTE;GUARULHOS;8;6099;JUVENAL RAMOS BARBOSA;Portugal;2
ESTADUAL - SE;GUARULHOS NORTE;GUARULHOS NORTE;GUARULHOS;8;6142;MILTON CERNACH PROFESSOR;Bolívia;3
ESTADUAL - SE;GUARULHOS NORTE;GUARULHOS NORTE;GUARULHOS;8;6142;MILTON CERNACH PROFESSOR;Haiti;1
ESTADUAL - SE;GUARULHOS NORTE;GUARULHOS NORTE;GUARULHOS;8;6154;ROBERTO ALVES DOS SANTOS PROFESSOR;Bolívia;8
ESTADUAL - SE;GUARULHOS NORTE;GUARULHOS NORTE;GUARULHOS;8;6178;ODETE FERNANDES PINTO DA SILVA PROFA;Argentina;1
ESTADUAL - SE;GUARULHOS NORTE;GUARULHOS NORTE;GUARULHOS;8;6178;ODETE FERNANDES PINTO DA SILVA PROFA;Japão;3
ESTADUAL - SE;GUARULHOS NORTE;GUARULHOS NORTE;GUARULHOS;8;6178;ODETE FERNANDES PINTO DA SILVA PROFA;Portugal;1
ESTADUAL - SE;GUARULHOS NORTE;GUARULHOS NORTE;GUARULHOS;8;6294;CHIYO YAMAMOTO DONA;Japão;2
ESTADUAL - SE;GUARULHOS NORTE;GUARULHOS NORTE;GUARULHOS;8;6300;ARTHUR MARRET PROFESSOR;Argentina;1
ESTADUAL - SE;GUARULHOS NORTE;GUARULHOS NORTE;GUARULHOS;8;6300;ARTHUR MARRET PROFESSOR;Bolívia;6
ESTADUAL - SE;GUARULHOS NORTE;GUARULHOS NORTE;GUARULHOS;8;6312;ILIA ZILDA INNOCENTI BLANCO PROFESSORA;Bolívia;8
ESTADUAL - SE;GUARULHOS NORTE;GUARULHOS NORTE;GUARULHOS;8;6312;ILIA ZILDA INNOCENTI BLANCO PROFESSORA;Paraguai;1
ESTADUAL - SE;GUARULHOS NORTE;GUARULHOS NORTE;GUARULHOS;8;6488;ESTEVAM DIAS TAVARES PROFESSOR;Bolívia;2
ESTADUAL - SE;GUARULHOS NORTE;GUARULHOS NORTE;GUARULHOS;8;6506;HAROLDO VELOSO BRIGADEIRO;Argentina;1
ESTADUAL - SE;GUARULHOS NORTE;GUARULHOS NORTE;GUARULHOS;8;6506;HAROLDO VELOSO BRIGADEIRO;Bolívia;2
ESTADUAL - SE;GUARULHOS NORTE;GUARULHOS NORTE;GUARULHOS;8;35701;ANTONIO GROTKOWSKY PASTOR E VEREADOR;Bolívia;2
ESTADUAL - SE;GUARULHOS NORTE;GUARULHOS NORTE;GUARULHOS;8;35713;CYRO BARREIROS PROFESSOR;Bolívia;3
ESTADUAL - SE;GUARULHOS NORTE;GUARULHOS NORTE;GUARULHOS;8;36687;HILDA PRATES GALLO PROFESSORA;Bolívia;1
ESTADUAL - SE;GUARULHOS NORTE;GUARULHOS NORTE;GUARULHOS;8;36699;SILVERIO BERTONI PROFESSOR;Bolívia;1
ESTADUAL - SE;GUARULHOS NORTE;GUARULHOS NORTE;GUARULHOS;8;37497;BENEDITA DE OLIVEIRA ALE PROFESSORA;Bolívia;1
ESTADUAL - SE;GUARULHOS NORTE;GUARULHOS NORTE;GUARULHOS;8;37497;BENEDITA DE OLIVEIRA ALE PROFESSORA;Venezuela;1
ESTADUAL - SE;GUARULHOS NORTE;GUARULHOS NORTE;GUARULHOS;8;37503;FLAVIO XAVIER ARANTES PROFESSOR;Bolívia;8
ESTADUAL - SE;GUARULHOS NORTE;GUARULHOS NORTE;GUARULHOS;8;37503;FLAVIO XAVIER ARANTES PROFESSOR;Gana;4
ESTADUAL - SE;GUARULHOS NORTE;GUARULHOS NORTE;GUARULHOS;8;37503;FLAVIO XAVIER ARANTES PROFESSOR;Haiti;30
ESTADUAL - SE;GUARULHOS NORTE;GUARULHOS NORTE;GUARULHOS;8;39184;ROBERTA MARIA LOPES CHAVES PROFESSORA;Venezuela;1
ESTADUAL - SE;GUARULHOS NORTE;GUARULHOS NORTE;GUARULHOS;8;41099;ALLYRIO DE FIGUEIREDO BRASIL PROFESSOR;Cuba;1
ESTADUAL - SE;GUARULHOS NORTE;GUARULHOS NORTE;GUARULHOS;8;41099;ALLYRIO DE FIGUEIREDO BRASIL PROFESSOR;Japão;1
ESTADUAL - SE;GUARULHOS NORTE;GUARULHOS NORTE;GUARULHOS;8;41099;ALLYRIO DE FIGUEIREDO BRASIL PROFESSOR;Moçambique;1
ESTADUAL - SE;GUARULHOS NORTE;GUARULHOS NORTE;GUARULHOS;8;41889;CARLOS GIULIETTO;Espanha;1
ESTADUAL - SE;GUARULHOS NORTE;GUARULHOS NORTE;GUARULHOS;8;41889;CARLOS GIULIETTO;Peru;1
ESTADUAL - SE;GUARULHOS NORTE;GUARULHOS NORTE;GUARULHOS;8;41890;GLAUBER ROCHA;Cuba;1
ESTADUAL - SE;GUARULHOS NORTE;GUARULHOS NORTE;GUARULHOS;8;41890;GLAUBER ROCHA;Japão;1
ESTADUAL - SE;GUARULHOS NORTE;GUARULHOS NORTE;GUARULHOS;8;43312;BOM PASTOR;Bolívia;1
ESTADUAL - SE;GUARULHOS NORTE;GUARULHOS NORTE;GUARULHOS;8;43312;BOM PASTOR;Venezuela;2
ESTADUAL - SE;GUARULHOS NORTE;GUARULHOS NORTE;GUARULHOS;8;46395;WALDOMIRO POMPEO PREFEITO;Bolívia;4
ESTADUAL - SE;GUARULHOS NORTE;GUARULHOS NORTE;GUARULHOS;8;46395;WALDOMIRO POMPEO PREFEITO;Venezuela;1
ESTADUAL - SE;GUARULHOS NORTE;GUARULHOS NORTE;GUARULHOS;8;46413;MAURICIO NAZAR PROFESSOR;Bolívia;7
ESTADUAL - SE;GUARULHOS NORTE;GUARULHOS NORTE;GUARULHOS;8;46413;MAURICIO NAZAR PROFESSOR;Venezuela;4
ESTADUAL - SE;GUARULHOS NORTE;GUARULHOS NORTE;GUARULHOS;8;46425;HELIO POLESEL PROFESSOR;Bolívia;7
ESTADUAL - SE;GUARULHOS NORTE;GUARULHOS NORTE;GUARULHOS;8;46437;SALIME MUDEH PROFESSORA;Bolívia;1
ESTADUAL - SE;GUARULHOS NORTE;GUARULHOS NORTE;GUARULHOS;8;46437;SALIME MUDEH PROFESSORA;Nigéria;1
ESTADUAL - SE;GUARULHOS NORTE;GUARULHOS NORTE;GUARULHOS;8;48069;MARIA APPARECIDA RANSANI MAGALHAES PROFESSORA;Bolívia;3
ESTADUAL - SE;GUARULHOS NORTE;GUARULHOS NORTE;GUARULHOS;8;48859;VALDERICE THEREZINHA DA MOTTA CAMPOS MARCHINI PROFESSORA;Bolívia;1
ESTADUAL - SE;GUARULHOS NORTE;GUARULHOS NORTE;GUARULHOS;8;48859;VALDERICE THEREZINHA DA MOTTA CAMPOS MARCHINI PROFESSORA;Peru;2
ESTADUAL - SE;GUARULHOS NORTE;GUARULHOS NORTE;GUARULHOS;8;48860;ANTONIO VELASCO ARAGON PADRE;Bolívia;5
ESTADUAL - SE;GUARULHOS NORTE;GUARULHOS NORTE;GUARULHOS;8;352585;BOM PASTOR II;Bolívia;1
ESTADUAL - SE;GUARULHOS NORTE;GUARULHOS NORTE;GUARULHOS;8;561009;JARDIM SANTA TEREZINHA;Argentina;1
ESTADUAL - SE;GUARULHOS NORTE;GUARULHOS NORTE;GUARULHOS;8;561009;JARDIM SANTA TEREZINHA;Bolívia;1
ESTADUAL - SE;GUARULHOS NORTE;GUARULHOS NORTE;GUARULHOS;8;578022;PROFESSOR MARCOS HOLANDA ALMEIDA;Bolívia;3
ESTADUAL - SE;GUARULHOS NORTE;GUARULHOS NORTE;GUARULHOS;8;578022;PROFESSOR MARCOS HOLANDA ALMEIDA;Haiti;1
ESTADUAL - SE;GUARULHOS NORTE;GUARULHOS NORTE;GUARULHOS;8;578022;PROFESSOR MARCOS HOLANDA ALMEIDA;Peru;1
ESTADUAL - SE;GUARULHOS NORTE;GUARULHOS NORTE;GUARULHOS;8;900126;RINALDO POLI PREFEITO;Bolívia;2
ESTADUAL - SE;GUARULHOS NORTE;GUARULHOS NORTE;GUARULHOS;8;900126;RINALDO POLI PREFEITO;Paraguai;1
ESTADUAL - SE;GUARULHOS NORTE;GUARULHOS NORTE;GUARULHOS;8;901829;JOSE MARUN ATALLA;Líbano;1
ESTADUAL - SE;GUARULHOS NORTE;GUARULHOS NORTE;GUARULHOS;8;901842;JOSE BENEDITO FERREIRA PROFESSOR;Venezuela;2
ESTADUAL - SE;GUARULHOS NORTE;GUARULHOS NORTE;GUARULHOS;8;906268;ANNA MARIA HOEPPNER GOMES PROFESSORA;Bolívia;1
ESTADUAL - SE;GUARULHOS NORTE;GUARULHOS NORTE;GUARULHOS;8;906268;ANNA MARIA HOEPPNER GOMES PROFESSORA;Haiti;1
ESTADUAL - SE;GUARULHOS NORTE;GUARULHOS NORTE;GUARULHOS;8;908459;WANDA MASCAGNI DE SA PROFESSORA;Bolívia;1
ESTADUAL - SE;GUARULHOS NORTE;GUARULHOS NORTE;GUARULHOS;8;908861;JOSE STOROPOLI DEPUTADO;Cuba;1
ESTADUAL - SE;GUARULHOS NORTE;GUARULHOS NORTE;GUARULHOS;8;912487;JOSE LEME LOPES DOUTOR;Bolívia;1
ESTADUAL - SE;GUARULHOS NORTE;GUARULHOS NORTE;GUARULHOS;8;914757;MARIA CELIA FALCAO RODRIGUES PROFESSORA;Japão;1
ESTADUAL - SE;GUARULHOS NORTE;GUARULHOS NORTE;GUARULHOS;8;914757;MARIA CELIA FALCAO RODRIGUES PROFESSORA;Venezuela;3
ESTADUAL - SE;GUARULHOS NORTE;GUARULHOS NORTE;GUARULHOS;8;916821;PEDRO ROBERTO VAGHI;Colômbia;1
ESTADUAL - SE;GUARULHOS NORTE;GUARULHOS NORTE;GUARULHOS;8;916821;PEDRO ROBERTO VAGHI;Paraguai;2
ESTADUAL - SE;GUARULHOS NORTE;GUARULHOS NORTE;GUARULHOS;8;916833;ANTONIO ROSAS DA SILVA GALVAO PROFESSOR;Bolívia;4
ESTADUAL - SE;GUARULHOS NORTE;GUARULHOS NORTE;GUARULHOS;8;921048;FRANCISCO MILTON DE ANDRADE;Bolívia;1
ESTADUAL - SE;GUARULHOS NORTE;GUARULHOS NORTE;GUARULHOS;8;921048;FRANCISCO MILTON DE ANDRADE;Espanha;1
ESTADUAL - SE;GUARULHOS NORTE;GUARULHOS NORTE;GUARULHOS;8;921385;ELISIO DE OLIVEIRA NEVES VEREADOR;Bolívia;1
ESTADUAL - SE;GUARULHOS NORTE;GUARULHOS NORTE;GUARULHOS;8;921385;ELISIO DE OLIVEIRA NEVES VEREADOR;Japão;4
ESTADUAL - SE;GUARULHOS NORTE;GUARULHOS NORTE;GUARULHOS;8;921385;ELISIO DE OLIVEIRA NEVES VEREADOR;Reino Unido da Grã-Bretanha e Irlanda do Norte;1
ESTADUAL - SE;GUARULHOS NORTE;GUARULHOS NORTE;GUARULHOS;8;922171;CIDADE SERODIO;Estados Unidos da América;1
ESTADUAL - SE;GUARULHOS NORTE;GUARULHOS NORTE;GUARULHOS;8;923175;JOAO LUIZ DE GODOY MOREIRA PROFESSOR;Bolívia;2
ESTADUAL - SE;GUARULHOS NORTE;GUARULHOS NORTE;GUARULHOS;8;923175;JOAO LUIZ DE GODOY MOREIRA PROFESSOR;Chile;1
ESTADUAL - SE;GUARULHOS NORTE;GUARULHOS NORTE;GUARULHOS;8;923175;JOAO LUIZ DE GODOY MOREIRA PROFESSOR;Japão;1
ESTADUAL - SE;GUARULHOS NORTE;GUARULHOS NORTE;GUARULHOS;8;923187;MARIO BOMBASSEI FILHO PROFESSOR;África do Sul;1
ESTADUAL - SE;GUARULHOS NORTE;GUARULHOS NORTE;GUARULHOS;8;923187;MARIO BOMBASSEI FILHO PROFESSOR;Bolívia;6
ESTADUAL - SE;GUARULHOS NORTE;GUARULHOS NORTE;GUARULHOS;8;923357;LYDIA KITZ MOREIRA;Bolívia;4
ESTADUAL - SE;GUARULHOS NORTE;GUARULHOS NORTE;GUARULHOS;8;923357;LYDIA KITZ MOREIRA;Japão;1
ESTADUAL - SE;GUARULHOS NORTE;GUARULHOS NORTE;GUARULHOS;8;923424;CARMINA MENDES SERODIO;Bolívia;1
ESTADUAL - SE;GUARULHOS NORTE;GUARULHOS NORTE;GUARULHOS;8;923424;CARMINA MENDES SERODIO;Itália;1
ESTADUAL - SE;GUARULHOS NORTE;GUARULHOS NORTE;GUARULHOS;8;923761;CELSO PIVA PROFESSOR;Japão;1
ESTADUAL - SE;GUARULHOS NORTE;GUARULHOS NORTE;GUARULHOS;8;923771;ZILDA GRACA MARTINS DE OLIVEIRA PROFESSORA;Bolívia;12
ESTADUAL - SE;GUARULHOS NORTE;GUARULHOS NORTE;GUARULHOS;8;923771;ZILDA GRACA MARTINS DE OLIVEIRA PROFESSORA;Haiti;2
ESTADUAL - SE;GUARULHOS NORTE;GUARULHOS NORTE;GUARULHOS;8;923783;HERNANI FURINI PROFESSOR;Nigéria;1
ESTADUAL - SE;GUARULHOS NORTE;GUARULHOS NORTE;GUARULHOS;8;924052;TOMIE OHTAKE;Bolívia;2
ESTADUAL - SE;GUARULHOS NORTE;GUARULHOS NORTE;GUARULHOS;8;924052;TOMIE OHTAKE;Japão;1
ESTADUAL - SE;GUARULHOS NORTE;GUARULHOS NORTE;GUARULHOS;8;924052;TOMIE OHTAKE;Paraguai;1
ESTADUAL - SE;GUARULHOS NORTE;GUARULHOS NORTE;GUARULHOS;8;924052;TOMIE OHTAKE;Venezuela;1
ESTADUAL - SE;GUARULHOS NORTE;GUARULHOS NORTE;GUARULHOS;8;925032;PARQUE SANTOS DUMONT;Bolívia;2
ESTADUAL - SE;GUARULHOS NORTE;GUARULHOS NORTE;GUARULHOS;8;925032;PARQUE SANTOS DUMONT;Venezuela;4
ESTADUAL - SE;GUARULHOS NORTE;GUARULHOS NORTE;GUARULHOS;8;925044;PONTE ALTA V;Bolívia;2
ESTADUAL - SE;GUARULHOS NORTE;GUARULHOS NORTE;GUARULHOS;8;925044;PONTE ALTA V;Paraguai;1
ESTADUAL - SE;GUARULHOS NORTE;GUARULHOS NORTE;GUARULHOS;8;925044;PONTE ALTA V;Peru;1
ESTADUAL - SE;GUARULHOS NORTE;GUARULHOS NORTE;GUARULHOS;8;925056;MAESTRO JOAO CARLOS MARTINS;Bolívia;6
ESTADUAL - SE;GUARULHOS NORTE;GUARULHOS NORTE;GUARULHOS;8;925056;MAESTRO JOAO CARLOS MARTINS;Congo, República Democrática do (antigo Zaire);1
ESTADUAL - SE;GUARULHOS NORTE;GUARULHOS NORTE;GUARULHOS;8;925056;MAESTRO JOAO CARLOS MARTINS;Congo, República do;1
ESTADUAL - SE;GUARULHOS NORTE;GUARULHOS NORTE;GUARULHOS;8;925073;JARDIM SANTA LIDIA;Argentina;1
ESTADUAL - SE;GUARULHOS NORTE;GUARULHOS NORTE;GUARULHOS;8;925073;JARDIM SANTA LIDIA;Bolívia;26
ESTADUAL - SE;GUARULHOS NORTE;GUARULHOS NORTE;GUARULHOS;8;925073;JARDIM SANTA LIDIA;Haiti;4
ESTADUAL - SE;GUARULHOS NORTE;GUARULHOS NORTE;GUARULHOS;8;925073;JARDIM SANTA LIDIA;Japão;2
ESTADUAL - SE;GUARULHOS NORTE;GUARULHOS NORTE;GUARULHOS;8;925081;PARQUE MIKAIL;Bolívia;1
ESTADUAL - SE;GUARULHOS NORTE;GUARULHOS NORTE;GUARULHOS;8;925548;COCAIA;Bolívia;1
ESTADUAL - SE;GUARULHOS NORTE;GUARULHOS NORTE;GUARULHOS;8;925559;PROFESSORA SIMONE MACHADO DA SILVA TORRES;Bolívia;6
ESTADUAL - SE;GUARULHOS NORTE;GUARULHOS NORTE;GUARULHOS;8;925559;PROFESSORA SIMONE MACHADO DA SILVA TORRES;Japão;1
ESTADUAL - SE;GUARULHOS NORTE;GUARULHOS NORTE;GUARULHOS;8;925561;IDALINA LADEIRA FERREIRA PROFESSORA;Bolívia;2
ESTADUAL - SE;GUARULHOS NORTE;GUARULHOS NORTE;GUARULHOS;8;925561;IDALINA LADEIRA FERREIRA PROFESSORA;Haiti;1
ESTADUAL - SE;GUARULHOS NORTE;GUARULHOS NORTE;GUARULHOS;15;454266;PENITENCIARIA JOSE PARADA NETO I;Argentina;2
ESTADUAL - SE;GUARULHOS NORTE;GUARULHOS NORTE;GUARULHOS;15;454266;PENITENCIARIA JOSE PARADA NETO I;Peru;1
ESTADUAL - SE;GUARULHOS SUL;GUARULHOS SUL;GUARULHOS;6;985673;CEL JTO A EE ALICE CHUERY PROFESSORA;Cuba;2
ESTADUAL - SE;GUARULHOS SUL;GUARULHOS SUL;GUARULHOS;8;5782;ENNIO CHIESA PROFESSOR;Japão;2
ESTADUAL - SE;GUARULHOS SUL;GUARULHOS SUL;GUARULHOS;8;5782;ENNIO CHIESA PROFESSOR;Venezuela;1
ESTADUAL - SE;GUARULHOS SUL;GUARULHOS SUL;GUARULHOS;8;5794;CAPISTRANO DE ABREU;Colômbia;1
ESTADUAL - SE;GUARULHOS SUL;GUARULHOS SUL;GUARULHOS;8;5794;CAPISTRANO DE ABREU;Haiti;1
ESTADUAL - SE;GUARULHOS SUL;GUARULHOS SUL;GUARULHOS;8;5824;CRISPINIANO CONSELHEIRO;Argentina;1
ESTADUAL - SE;GUARULHOS SUL;GUARULHOS SUL;GUARULHOS;8;5824;CRISPINIANO CONSELHEIRO;Nigéria;1
ESTADUAL - SE;GUARULHOS SUL;GUARULHOS SUL;GUARULHOS;8;5848;ALBERTO MENDES JR CAPITAO PM;Venezuela;1
ESTADUAL - SE;GUARULHOS SUL;GUARULHOS SUL;GUARULHOS;8;5861;JOSE SCARAMELLI PROFESSOR;Espanha;1
ESTADUAL - SE;GUARULHOS SUL;GUARULHOS SUL;GUARULHOS;8;5861;JOSE SCARAMELLI PROFESSOR;Rússia;1
ESTADUAL - SE;GUARULHOS SUL;GUARULHOS SUL;GUARULHOS;8;5861;JOSE SCARAMELLI PROFESSOR;Venezuela;2
ESTADUAL - SE;GUARULHOS SUL;GUARULHOS SUL;GUARULHOS;8;5885;ROTARY;Angola;1
ESTADUAL - SE;GUARULHOS SUL;GUARULHOS SUL;GUARULHOS;8;5885;ROTARY;Bolívia;2
ESTADUAL - SE;GUARULHOS SUL;GUARULHOS SUL;GUARULHOS;8;5885;ROTARY;Colômbia;1
ESTADUAL - SE;GUARULHOS SUL;GUARULHOS SUL;GUARULHOS;8;5885;ROTARY;Peru;1
ESTADUAL - SE;GUARULHOS SUL;GUARULHOS SUL;GUARULHOS;8;5897;PAULO NOGUEIRA PROFESSOR;China;1
ESTADUAL - SE;GUARULHOS SUL;GUARULHOS SUL;GUARULHOS;8;5897;PAULO NOGUEIRA PROFESSOR;Colômbia;1
ESTADUAL - SE;GUARULHOS SUL;GUARULHOS SUL;GUARULHOS;8;5897;PAULO NOGUEIRA PROFESSOR;Japão;1
ESTADUAL - SE;GUARULHOS SUL;GUARULHOS SUL;GUARULHOS;8;5897;PAULO NOGUEIRA PROFESSOR;Venezuela;5
ESTADUAL - SE;GUARULHOS SUL;GUARULHOS SUL;GUARULHOS;8;5915;JOSE ALVES DE CERQUEIRA CESAR;Colômbia;1
ESTADUAL - SE;GUARULHOS SUL;GUARULHOS SUL;GUARULHOS;8;5927;EMILIA ANNA ANTONIO PROFESSORA;Argentina;1
ESTADUAL - SE;GUARULHOS SUL;GUARULHOS SUL;GUARULHOS;8;5927;EMILIA ANNA ANTONIO PROFESSORA;Bolívia;2
ESTADUAL - SE;GUARULHOS SUL;GUARULHOS SUL;GUARULHOS;8;6026;ANTONIO DE RE VEREADOR;Venezuela;2
ESTADUAL - SE;GUARULHOS SUL;GUARULHOS SUL;GUARULHOS;8;6048;ARY GOMES CORONEL;Bolívia;1
ESTADUAL - SE;GUARULHOS SUL;GUARULHOS SUL;GUARULHOS;8;6048;ARY GOMES CORONEL;Japão;1
ESTADUAL - SE;GUARULHOS SUL;GUARULHOS SUL;GUARULHOS;8;6051;JOSE ROBERTO FRIEBOLIN PROFESSOR;Bolívia;2
ESTADUAL - SE;GUARULHOS SUL;GUARULHOS SUL;GUARULHOS;8;6051;JOSE ROBERTO FRIEBOLIN PROFESSOR;Espanha;2
ESTADUAL - SE;GUARULHOS SUL;GUARULHOS SUL;GUARULHOS;8;6051;JOSE ROBERTO FRIEBOLIN PROFESSOR;Venezuela;3
ESTADUAL - SE;GUARULHOS SUL;GUARULHOS SUL;GUARULHOS;8;6063;FREDERICO DE BARROS BROTERO PROFESSOR;Estados Unidos da América;1
ESTADUAL - SE;GUARULHOS SUL;GUARULHOS SUL;GUARULHOS;8;6063;FREDERICO DE BARROS BROTERO PROFESSOR;Japão;1
ESTADUAL - SE;GUARULHOS SUL;GUARULHOS SUL;GUARULHOS;8;6063;FREDERICO DE BARROS BROTERO PROFESSOR;Venezuela;3
ESTADUAL - SE;GUARULHOS SUL;GUARULHOS SUL;GUARULHOS;8;6075;ERICO VERISSIMO;Bolívia;2
ESTADUAL - SE;GUARULHOS SUL;GUARULHOS SUL;GUARULHOS;8;6075;ERICO VERISSIMO;Venezuela;2
ESTADUAL - SE;GUARULHOS SUL;GUARULHOS SUL;GUARULHOS;8;6105;CARLOS MACHADO BITENCOURT MARECHAL;Bolívia;5
ESTADUAL - SE;GUARULHOS SUL;GUARULHOS SUL;GUARULHOS;8;6105;CARLOS MACHADO BITENCOURT MARECHAL;Japão;1
ESTADUAL - SE;GUARULHOS SUL;GUARULHOS SUL;GUARULHOS;8;6105;CARLOS MACHADO BITENCOURT MARECHAL;Peru;1
ESTADUAL - SE;GUARULHOS SUL;GUARULHOS SUL;GUARULHOS;8;6117;PAULO ROLIM LOUREIRO DOM;Japão;2
ESTADUAL - SE;GUARULHOS SUL;GUARULHOS SUL;GUARULHOS;8;6117;PAULO ROLIM LOUREIRO DOM;Peru;3
ESTADUAL - SE;GUARULHOS SUL;GUARULHOS SUL;GUARULHOS;8;6129;FRANCISCA BATISTA TRINDADE PROFESSORA;Bolívia;1
ESTADUAL - SE;GUARULHOS SUL;GUARULHOS SUL;GUARULHOS;8;6185;WALDEMAR FREIRE VERAS VEREADOR;Haiti;1
ESTADUAL - SE;GUARULHOS SUL;GUARULHOS SUL;GUARULHOS;8;6185;WALDEMAR FREIRE VERAS VEREADOR;Venezuela;1
ESTADUAL - SE;GUARULHOS SUL;GUARULHOS SUL;GUARULHOS;8;6208;ALICE CHUERY PROFESSORA;Colômbia;1
ESTADUAL - SE;GUARULHOS SUL;GUARULHOS SUL;GUARULHOS;8;6208;ALICE CHUERY PROFESSORA;Cuba;1
ESTADUAL - SE;GUARULHOS SUL;GUARULHOS SUL;GUARULHOS;8;6208;ALICE CHUERY PROFESSORA;Japão;2
ESTADUAL - SE;GUARULHOS SUL;GUARULHOS SUL;GUARULHOS;8;6208;ALICE CHUERY PROFESSORA;Portugal;1
ESTADUAL - SE;GUARULHOS SUL;GUARULHOS SUL;GUARULHOS;8;6208;ALICE CHUERY PROFESSORA;Venezuela;3
ESTADUAL - SE;GUARULHOS SUL;GUARULHOS SUL;GUARULHOS;8;6221;JOAO ALVARES DE SIQUEIRA BUENO;Emiratos Árabes Unidos;2
ESTADUAL - SE;GUARULHOS SUL;GUARULHOS SUL;GUARULHOS;8;6221;JOAO ALVARES DE SIQUEIRA BUENO;Haiti;3
ESTADUAL - SE;GUARULHOS SUL;GUARULHOS SUL;GUARULHOS;8;6233;JOAO CRISPINIANO SOARES;Roménia;1
ESTADUAL - SE;GUARULHOS SUL;GUARULHOS SUL;GUARULHOS;8;6233;JOAO CRISPINIANO SOARES;Venezuela;1
ESTADUAL - SE;GUARULHOS SUL;GUARULHOS SUL;GUARULHOS;8;6257;HOMERO RUBENS DE SA PROFESSOR;Argentina;1
ESTADUAL - SE;GUARULHOS SUL;GUARULHOS SUL;GUARULHOS;8;6257;HOMERO RUBENS DE SA PROFESSOR;Bolívia;4
ESTADUAL - SE;GUARULHOS SUL;GUARULHOS SUL;GUARULHOS;8;6257;HOMERO RUBENS DE SA PROFESSOR;Colômbia;4
ESTADUAL - SE;GUARULHOS SUL;GUARULHOS SUL;GUARULHOS;8;6257;HOMERO RUBENS DE SA PROFESSOR;Estados Unidos da América;1
ESTADUAL - SE;GUARULHOS SUL;GUARULHOS SUL;GUARULHOS;8;6257;HOMERO RUBENS DE SA PROFESSOR;Venezuela;1
ESTADUAL - SE;GUARULHOS SUL;GUARULHOS SUL;GUARULHOS;8;6269;FABIO FANUCCHI PROFESSOR;Bolívia;1
ESTADUAL - SE;GUARULHOS SUL;GUARULHOS SUL;GUARULHOS;8;6269;FABIO FANUCCHI PROFESSOR;Japão;2
ESTADUAL - SE;GUARULHOS SUL;GUARULHOS SUL;GUARULHOS;8;6270;ZILDA ROMEIRO PINTO MOREIRA DA SILVA PROF;Bolívia;1
ESTADUAL - SE;GUARULHOS SUL;GUARULHOS SUL;GUARULHOS;8;6270;ZILDA ROMEIRO PINTO MOREIRA DA SILVA PROF;Haiti;1
ESTADUAL - SE;GUARULHOS SUL;GUARULHOS SUL;GUARULHOS;8;6270;ZILDA ROMEIRO PINTO MOREIRA DA SILVA PROF;Japão;1
ESTADUAL - SE;GUARULHOS SUL;GUARULHOS SUL;GUARULHOS;8;6270;ZILDA ROMEIRO PINTO MOREIRA DA SILVA PROF;Paraguai;2
ESTADUAL - SE;GUARULHOS SUL;GUARULHOS SUL;GUARULHOS;8;6282;BRUNO RICCO PADRE;Bolívia;1
ESTADUAL - SE;GUARULHOS SUL;GUARULHOS SUL;GUARULHOS;8;6282;BRUNO RICCO PADRE;Colômbia;1
ESTADUAL - SE;GUARULHOS SUL;GUARULHOS SUL;GUARULHOS;8;6282;BRUNO RICCO PADRE;Portugal;1
ESTADUAL - SE;GUARULHOS SUL;GUARULHOS SUL;GUARULHOS;8;6348;VALENTIN GONZALEZ ALONSO PADRE;Angola;1
ESTADUAL - SE;GUARULHOS SUL;GUARULHOS SUL;GUARULHOS;8;6348;VALENTIN GONZALEZ ALONSO PADRE;Bolívia;1
ESTADUAL - SE;GUARULHOS SUL;GUARULHOS SUL;GUARULHOS;8;6359;JOAO RIBEIRO DE BARROS COMANDANTE;Haiti;1
ESTADUAL - SE;GUARULHOS SUL;GUARULHOS SUL;GUARULHOS;8;6361;ROBERTO HIPOLITO DA COSTA BRIGADEIRO DO AR;Venezuela;1
ESTADUAL - SE;GUARULHOS SUL;GUARULHOS SUL;GUARULHOS;8;6373;ANTONIO VIANA DE SOUZA PROFESSOR;Bolívia;1
ESTADUAL - SE;GUARULHOS SUL;GUARULHOS SUL;GUARULHOS;8;6373;ANTONIO VIANA DE SOUZA PROFESSOR;Venezuela;1
ESTADUAL - SE;GUARULHOS SUL;GUARULHOS SUL;GUARULHOS;8;6397;CID AUGUSTO GUELLI PROFESSOR;Argentina;1
ESTADUAL - SE;GUARULHOS SUL;GUARULHOS SUL;GUARULHOS;8;6397;CID AUGUSTO GUELLI PROFESSOR;Bolívia;17
ESTADUAL - SE;GUARULHOS SUL;GUARULHOS SUL;GUARULHOS;8;6397;CID AUGUSTO GUELLI PROFESSOR;Paraguai;5
ESTADUAL - SE;GUARULHOS SUL;GUARULHOS SUL;GUARULHOS;8;6427;JOAO CAVALHEIRO SALEM PROFESSOR;Japão;2
ESTADUAL - SE;GUARULHOS SUL;GUARULHOS SUL;GUARULHOS;8;6439;GUILHERMINO RODRIGUES DE LIMA;Bolívia;12
ESTADUAL - SE;GUARULHOS SUL;GUARULHOS SUL;GUARULHOS;8;6439;GUILHERMINO RODRIGUES DE LIMA;Peru;2
ESTADUAL - SE;GUARULHOS SUL;GUARULHOS SUL;GUARULHOS;8;6440;OSWALDO SAMPAIO ALVES;Angola;3
ESTADUAL - SE;GUARULHOS SUL;GUARULHOS SUL;GUARULHOS;8;6440;OSWALDO SAMPAIO ALVES;Peru;1
ESTADUAL - SE;GUARULHOS SUL;GUARULHOS SUL;GUARULHOS;8;6452;AUGUST JOHANNES FERDINANDUS STAUDER PADRE;Bolívia;2
ESTADUAL - SE;GUARULHOS SUL;GUARULHOS SUL;GUARULHOS;8;6464;THEREZINHA CLOSA ELEUTERIO PROFESSORA;Bolívia;2
ESTADUAL - SE;GUARULHOS SUL;GUARULHOS SUL;GUARULHOS;8;6497;VICENTE MELRO;Camarões;3
ESTADUAL - SE;GUARULHOS SUL;GUARULHOS SUL;GUARULHOS;8;6497;VICENTE MELRO;Tonga;1
ESTADUAL - SE;GUARULHOS SUL;GUARULHOS SUL;GUARULHOS;8;35725;MARIA HILDA ORNELAS DE OLIVEIRA PROFESSORA;Venezuela;1
ESTADUAL - SE;GUARULHOS SUL;GUARULHOS SUL;GUARULHOS;8;36158;MARIO NAKATA PROFESSOR;Bolívia;11
ESTADUAL - SE;GUARULHOS SUL;GUARULHOS SUL;GUARULHOS;8;37631;JOCILA PEREIRA GUIMARAES PROFESSORA;Bolívia;3
ESTADUAL - SE;GUARULHOS SUL;GUARULHOS SUL;GUARULHOS;8;38362;BARTHOLOMEU DE CARLOS;Bolívia;5
ESTADUAL - SE;GUARULHOS SUL;GUARULHOS SUL;GUARULHOS;8;41919;SEBASTIAO WALTER FUSCO;Bolívia;1
ESTADUAL - SE;GUARULHOS SUL;GUARULHOS SUL;GUARULHOS;8;41919;SEBASTIAO WALTER FUSCO;Venezuela;2
ESTADUAL - SE;GUARULHOS SUL;GUARULHOS SUL;GUARULHOS;8;41920;LICINIO CARPINELLI PROFESSOR;Arménia;1
ESTADUAL - SE;GUARULHOS SUL;GUARULHOS SUL;GUARULHOS;8;41920;LICINIO CARPINELLI PROFESSOR;Bolívia;7
ESTADUAL - SE;GUARULHOS SUL;GUARULHOS SUL;GUARULHOS;8;48872;MAURICIO GOULART DEPUTADO;Bolívia;1
ESTADUAL - SE;GUARULHOS SUL;GUARULHOS SUL;GUARULHOS;8;48872;MAURICIO GOULART DEPUTADO;Portugal;1
ESTADUAL - SE;GUARULHOS SUL;GUARULHOS SUL;GUARULHOS;8;191206;PARQUE JUREMA III;Bolívia;4
ESTADUAL - SE;GUARULHOS SUL;GUARULHOS SUL;GUARULHOS;8;191206;PARQUE JUREMA III;Paraguai;1
ESTADUAL - SE;GUARULHOS SUL;GUARULHOS SUL;GUARULHOS;8;269402;JARDIM ARUJA;Argentina;1
ESTADUAL - SE;GUARULHOS SUL;GUARULHOS SUL;GUARULHOS;8;269402;JARDIM ARUJA;Bolívia;4
ESTADUAL - SE;GUARULHOS SUL;GUARULHOS SUL;GUARULHOS;8;285785;REPUBLICA DA VENEZUELA II;Espanha;1
ESTADUAL - SE;GUARULHOS SUL;GUARULHOS SUL;GUARULHOS;8;297513;RAFAEL RODRIGUES FILHO PREFEITO;Colômbia;1
ESTADUAL - SE;GUARULHOS SUL;GUARULHOS SUL;GUARULHOS;8;297525;PIMENTAS VII;Bolívia;12
ESTADUAL - SE;GUARULHOS SUL;GUARULHOS SUL;GUARULHOS;8;297525;PIMENTAS VII;Peru;1
ESTADUAL - SE;GUARULHOS SUL;GUARULHOS SUL;GUARULHOS;8;297525;PIMENTAS VII;Portugal;2
ESTADUAL - SE;GUARULHOS SUL;GUARULHOS SUL;GUARULHOS;8;297537;LOUIS BRAILLE;Argentina;1
ESTADUAL - SE;GUARULHOS SUL;GUARULHOS SUL;GUARULHOS;8;297537;LOUIS BRAILLE;Arménia;1
ESTADUAL - SE;GUARULHOS SUL;GUARULHOS SUL;GUARULHOS;8;297537;LOUIS BRAILLE;Bolívia;10
ESTADUAL - SE;GUARULHOS SUL;GUARULHOS SUL;GUARULHOS;8;297537;LOUIS BRAILLE;Paraguai;2
ESTADUAL - SE;GUARULHOS SUL;GUARULHOS SUL;GUARULHOS;8;437736;LEVI VIEIRA DA MAIA PROFESSOR;Bolívia;5
ESTADUAL - SE;GUARULHOS SUL;GUARULHOS SUL;GUARULHOS;8;437736;LEVI VIEIRA DA MAIA PROFESSOR;Qatar;1
ESTADUAL - SE;GUARULHOS SUL;GUARULHOS SUL;GUARULHOS;8;900138;ORLANDO MINELLA;Bolívia;14
ESTADUAL - SE;GUARULHOS SUL;GUARULHOS SUL;GUARULHOS;8;900138;ORLANDO MINELLA;Paraguai;2
ESTADUAL - SE;GUARULHOS SUL;GUARULHOS SUL;GUARULHOS;8;900138;ORLANDO MINELLA;Peru;1
ESTADUAL - SE;GUARULHOS SUL;GUARULHOS SUL;GUARULHOS;8;900148;MARIA LEDA FERNANDES BRIGO PROFESSORA;Peru;2
ESTADUAL - SE;GUARULHOS SUL;GUARULHOS SUL;GUARULHOS;8;900151;MARIA APARECIDA RODRIGUES PROFESSORA;Bolívia;1
ESTADUAL - SE;GUARULHOS SUL;GUARULHOS SUL;GUARULHOS;8;900151;MARIA APARECIDA RODRIGUES PROFESSORA;Tunísia;1
ESTADUAL - SE;GUARULHOS SUL;GUARULHOS SUL;GUARULHOS;8;900163;ALAYDE MARIA VICENTE PROFESSORA;Bolívia;6
ESTADUAL - SE;GUARULHOS SUL;GUARULHOS SUL;GUARULHOS;8;900163;ALAYDE MARIA VICENTE PROFESSORA;Itália;1
ESTADUAL - SE;GUARULHOS SUL;GUARULHOS SUL;GUARULHOS;8;901830;ANTONIO PRATICI PREFEITO;Japão;1
ESTADUAL - SE;GUARULHOS SUL;GUARULHOS SUL;GUARULHOS;8;904788;MARINHA FERREIRA DO NASCIMENTO PROFESSORA;Argentina;1
ESTADUAL - SE;GUARULHOS SUL;GUARULHOS SUL;GUARULHOS;8;904788;MARINHA FERREIRA DO NASCIMENTO PROFESSORA;Bolívia;2
ESTADUAL - SE;GUARULHOS SUL;GUARULHOS SUL;GUARULHOS;8;904806;PEDRO MORCELI;Argentina;3
ESTADUAL - SE;GUARULHOS SUL;GUARULHOS SUL;GUARULHOS;8;904806;PEDRO MORCELI;Bolívia;6
ESTADUAL - SE;GUARULHOS SUL;GUARULHOS SUL;GUARULHOS;8;906273;JOAO NUNES PASTOR;Bolívia;14
ESTADUAL - SE;GUARULHOS SUL;GUARULHOS SUL;GUARULHOS;8;906273;JOAO NUNES PASTOR;Bósnia-Herzegovina;2
ESTADUAL - SE;GUARULHOS SUL;GUARULHOS SUL;GUARULHOS;8;907078;AGOSTINHO CANO;Bolívia;1
ESTADUAL - SE;GUARULHOS SUL;GUARULHOS SUL;GUARULHOS;8;907078;AGOSTINHO CANO;Colômbia;1
ESTADUAL - SE;GUARULHOS SUL;GUARULHOS SUL;GUARULHOS;8;907085;HUGO DE AGUIAR;Bolívia;8
ESTADUAL - SE;GUARULHOS SUL;GUARULHOS SUL;GUARULHOS;8;907085;HUGO DE AGUIAR;Japão;2
ESTADUAL - SE;GUARULHOS SUL;GUARULHOS SUL;GUARULHOS;8;907085;HUGO DE AGUIAR;Peru;1
ESTADUAL - SE;GUARULHOS SUL;GUARULHOS SUL;GUARULHOS;8;907085;HUGO DE AGUIAR;Venezuela;1
ESTADUAL - SE;GUARULHOS SUL;GUARULHOS SUL;GUARULHOS;8;908859;PASCOAL MAIMONI FILHO PROFESSOR;Argentina;1
ESTADUAL - SE;GUARULHOS SUL;GUARULHOS SUL;GUARULHOS;8;908859;PASCOAL MAIMONI FILHO PROFESSOR;Bolívia;7
ESTADUAL - SE;GUARULHOS SUL;GUARULHOS SUL;GUARULHOS;8;908859;PASCOAL MAIMONI FILHO PROFESSOR;Japão;2
ESTADUAL - SE;GUARULHOS SUL;GUARULHOS SUL;GUARULHOS;8;908873;ALEXANDRE LOPES OLIVEIRA;Cuba;1
ESTADUAL - SE;GUARULHOS SUL;GUARULHOS SUL;GUARULHOS;8;913832;MARIA APARECIDA FELIX PORTO PROFESSORA;Bolívia;2
ESTADUAL - SE;GUARULHOS SUL;GUARULHOS SUL;GUARULHOS;8;913832;MARIA APARECIDA FELIX PORTO PROFESSORA;Estados Unidos da América;1
ESTADUAL - SE;GUARULHOS SUL;GUARULHOS SUL;GUARULHOS;8;916845;ANNA LAMBERGA ZEGLIO;Bolívia;6
ESTADUAL - SE;GUARULHOS SUL;GUARULHOS SUL;GUARULHOS;8;916845;ANNA LAMBERGA ZEGLIO;Peru;2
ESTADUAL - SE;GUARULHOS SUL;GUARULHOS SUL;GUARULHOS;8;916857;CONJUNTO HABITACIONAL BAIRRO DOS PIMENTAS II;Bolívia;3
ESTADUAL - SE;GUARULHOS SUL;GUARULHOS SUL;GUARULHOS;8;916857;CONJUNTO HABITACIONAL BAIRRO DOS PIMENTAS II;Venezuela;2
ESTADUAL - SE;GUARULHOS SUL;GUARULHOS SUL;GUARULHOS;8;920496;JOSE DA COSTA BOUCINHAS PROFESSOR;Bolívia;2
ESTADUAL - SE;GUARULHOS SUL;GUARULHOS SUL;GUARULHOS;8;921476;CIDADE SOIMCO II;Bolívia;2
ESTADUAL - SE;GUARULHOS SUL;GUARULHOS SUL;GUARULHOS;8;921476;CIDADE SOIMCO II;Haiti;1
ESTADUAL - SE;GUARULHOS SUL;GUARULHOS SUL;GUARULHOS;8;923199;LINDAMIL BARBOSA DE OLIVEIRA PROFESSORA;Argentina;2
ESTADUAL - SE;GUARULHOS SUL;GUARULHOS SUL;GUARULHOS;8;923199;LINDAMIL BARBOSA DE OLIVEIRA PROFESSORA;Bolívia;3
ESTADUAL - SE;GUARULHOS SUL;GUARULHOS SUL;GUARULHOS;8;923199;LINDAMIL BARBOSA DE OLIVEIRA PROFESSORA;Peru;1
ESTADUAL - SE;GUARULHOS SUL;GUARULHOS SUL;GUARULHOS;8;925111;JARDIM MARIA DIRCE III;Bolívia;3
ESTADUAL - SE;GUARULHOS SUL;GUARULHOS SUL;GUARULHOS;8;925111;JARDIM MARIA DIRCE III;Paraguai;1
ESTADUAL - SE;GUARULHOS SUL;GUARULHOS SUL;GUARULHOS;8;925111;JARDIM MARIA DIRCE III;Peru;2
ESTADUAL - SE;GUARULHOS SUL;GUARULHOS SUL;GUARULHOS;8;925123;INOCOOP II;Argentina;1
ESTADUAL - SE;GUARULHOS SUL;GUARULHOS SUL;GUARULHOS;8;925123;INOCOOP II;Bolívia;1
ESTADUAL - SE;GUARULHOS SUL;GUARULHOS SUL;GUARULHOS;8;925123;INOCOOP II;Japão;1
ESTADUAL - SE;GUARULHOS SUL;GUARULHOS SUL;GUARULHOS;8;925123;INOCOOP II;Venezuela;1
ESTADUAL - SE;GUARULHOS SUL;GUARULHOS SUL;GUARULHOS;8;925986;JARDIM NOVA CUMBICA II;Colômbia;2
ESTADUAL - SE;GUARULHOS SUL;GUARULHOS SUL;GUARULHOS;8;925986;JARDIM NOVA CUMBICA II;Venezuela;1
ESTADUAL - SE;ITAPECERICA DA SERRA;EMBU-GUACU;EMBU-GUACU;8;10273;MARIA ANDRE SCHUNCK DONA;Japão;1
ESTADUAL - SE;ITAPECERICA DA SERRA;EMBU-GUACU;EMBU-GUACU;8;10285;PASCHOAL CARLOS MAGNO;Bolívia;4
ESTADUAL - SE;ITAPECERICA DA SERRA;EMBU-GUACU;EMBU-GUACU;8;10285;PASCHOAL CARLOS MAGNO;Peru;1
ESTADUAL - SE;ITAPECERICA DA SERRA;EMBU-GUACU;EMBU-GUACU;8;10285;PASCHOAL CARLOS MAGNO;Portugal;2
ESTADUAL - SE;ITAPECERICA DA SERRA;EMBU-GUACU;EMBU-GUACU;8;35403;ALEXANDRE RODRIGUES NOGUEIRA;Venezuela;2
ESTADUAL - SE;ITAPECERICA DA SERRA;EMBU-GUACU;EMBU-GUACU;8;40708;LEONICE DE AQUINO OLIVEIRA;Peru;2
ESTADUAL - SE;ITAPECERICA DA SERRA;EMBU-GUACU;EMBU-GUACU;8;46536;HELIO LUIZ DOBROCHINSKI PROF;Indonésia;1
ESTADUAL - SE;ITAPECERICA DA SERRA;EMBU-GUACU;EMBU-GUACU;8;46536;HELIO LUIZ DOBROCHINSKI PROF;Japão;1
ESTADUAL - SE;ITAPECERICA DA SERRA;EMBU-GUACU;EMBU-GUACU;8;46541;PEDRO VILLAS BOAS DE SOUZA DOM;Cuba;1
ESTADUAL - SE;ITAPECERICA DA SERRA;EMBU-GUACU;EMBU-GUACU;8;914782;DONIZETTI APARECIDO LEITE PROFESSOR;Venezuela;1
ESTADUAL - SE;ITAPECERICA DA SERRA;EMBU-GUACU;EMBU-GUACU;8;918817;NEIDE CELESTINA DE OLIVEIRA PROFA;Japão;1
ESTADUAL - SE;ITAPECERICA DA SERRA;EMBU-GUACU;EMBU-GUACU;8;919007;CHACARA FLORIDA II;Venezuela;1
ESTADUAL - SE;ITAPECERICA DA SERRA;ITAPECERICA DA SERRA;ITAPECERICA DA SERRA;8;9957;PORCINO RODRIGUES PROF;Bolívia;3
ESTADUAL - SE;ITAPECERICA DA SERRA;ITAPECERICA DA SERRA;ITAPECERICA DA SERRA;8;9994;SEBASTIAO DE MORAES CARDOSO;Portugal;1
ESTADUAL - SE;ITAPECERICA DA SERRA;ITAPECERICA DA SERRA;ITAPECERICA DA SERRA;8;10005;JOAO BAPTISTA DE OLIVEIRA;Japão;1
ESTADUAL - SE;ITAPECERICA DA SERRA;ITAPECERICA DA SERRA;ITAPECERICA DA SERRA;8;35427;LUCIA AKEMI MIYA PROFA;Estados Unidos da América;1
ESTADUAL - SE;ITAPECERICA DA SERRA;ITAPECERICA DA SERRA;ITAPECERICA DA SERRA;8;36407;JARDIM JACIRA;Angola;1
ESTADUAL - SE;ITAPECERICA DA SERRA;ITAPECERICA DA SERRA;ITAPECERICA DA SERRA;8;37138;GERTRUDES EDER;Dominicana, República;1
ESTADUAL - SE;ITAPECERICA DA SERRA;ITAPECERICA DA SERRA;ITAPECERICA DA SERRA;8;44854;ANTONIO FLORENTINO;Japão;1
ESTADUAL - SE;ITAPECERICA DA SERRA;ITAPECERICA DA SERRA;ITAPECERICA DA SERRA;8;61608;JARDIM DO CARMO;Angola;1
ESTADUAL - SE;ITAPECERICA DA SERRA;ITAPECERICA DA SERRA;ITAPECERICA DA SERRA;8;906517;SOPHIA MARIA JANUARIA AMARAL;Argentina;1
ESTADUAL - SE;ITAPECERICA DA SERRA;ITAPECERICA DA SERRA;ITAPECERICA DA SERRA;8;906517;SOPHIA MARIA JANUARIA AMARAL;Bolívia;1
ESTADUAL - SE;ITAPECERICA DA SERRA;ITAPECERICA DA SERRA;ITAPECERICA DA SERRA;8;906517;SOPHIA MARIA JANUARIA AMARAL;China;2
ESTADUAL - SE;ITAPECERICA DA SERRA;ITAPECERICA DA SERRA;ITAPECERICA DA SERRA;8;914794;EURICO DA SILVA BASTOS DOUTOR PROFESSOR;Cuba;1
ESTADUAL - SE;ITAPECERICA DA SERRA;ITAPECERICA DA SERRA;ITAPECERICA DA SERRA;8;923308;NATERCIA CREMM DE MORAES PEDRO PROFESSORA;Japão;1
ESTADUAL - SE;ITAPECERICA DA SERRA;ITAPECERICA DA SERRA;ITAPECERICA DA SERRA;8;925597;ASDRUBAL DO NASCIMENTO QUEIROZ PROFESSOR;Espanha;1
ESTADUAL - SE;ITAPECERICA DA SERRA;ITAPECERICA DA SERRA;ITAPECERICA DA SERRA;8;925615;PAULO DE CASTRO FERREIRA JUNIOR JORNALISTA;Argentina;1
ESTADUAL - SE;ITAPECERICA DA SERRA;ITAPECERICA DA SERRA;ITAPECERICA DA SERRA;8;925615;PAULO DE CASTRO FERREIRA JUNIOR JORNALISTA;Grécia;1
ESTADUAL - SE;ITAPECERICA DA SERRA;JUQUITIBA;JUQUITIBA;8;10157;OREDO RODRIGUES DA CRUZ;Venezuela;1
ESTADUAL - SE;ITAPECERICA DA SERRA;JUQUITIBA;JUQUITIBA;8;902184;BAIRRO DA PALMEIRINHA;Japão;1
ESTADUAL - SE;ITAPECERICA DA SERRA;JUQUITIBA;JUQUITIBA;8;910569;BAIRRO NOSSA SENHORA DA CONCEICAO;Venezuela;2
ESTADUAL - SE;ITAPECERICA DA SERRA;JUQUITIBA;JUQUITIBA;8;913424;ELIANA FISCHER BAMBI DELFINO PINTO PROFESSORA;Argentina;1
ESTADUAL - SE;ITAPECERICA DA SERRA;SAO LOURENCO DA SERRA;SAO LOURENCO DA SERRA;8;10017;MARIANINHA QUEIROZ PROFESSORA;Estados Unidos da América;1
ESTADUAL - SE;ITAPECERICA DA SERRA;SAO LOURENCO DA SERRA;SAO LOURENCO DA SERRA;8;10017;MARIANINHA QUEIROZ PROFESSORA;Japão;1
ESTADUAL - SE;ITAPECERICA DA SERRA;SAO LOURENCO DA SERRA;SAO LOURENCO DA SERRA;8;910685;ANTONIO BALDUSCO PREFEITO;Venezuela;1
ESTADUAL - SE;ITAPETININGA;ITAPETININGA;ITAPETININGA;6;444339;CEL JTO A EE PEIXOTO GOMIDE;Japão;1
ESTADUAL - SE;ITAPETININGA;ITAPETININGA;ITAPETININGA;8;15040;PEIXOTO GOMIDE;Argentina;1
ESTADUAL - SE;ITAPETININGA;ITAPETININGA;ITAPETININGA;8;15040;PEIXOTO GOMIDE;China;1
ESTADUAL - SE;ITAPETININGA;ITAPETININGA;ITAPETININGA;8;15040;PEIXOTO GOMIDE;Japão;3
ESTADUAL - SE;ITAPETININGA;ITAPETININGA;ITAPETININGA;8;15040;PEIXOTO GOMIDE;Síria;1
ESTADUAL - SE;ITAPETININGA;ITAPETININGA;ITAPETININGA;8;15064;FERNANDO PRESTES CEL;Argentina;1
ESTADUAL - SE;ITAPETININGA;ITAPETININGA;ITAPETININGA;8;15064;FERNANDO PRESTES CEL;Síria;1
ESTADUAL - SE;ITAPETININGA;ITAPETININGA;ITAPETININGA;8;15088;ADHERBAL DE PAULA FERREIRA;Jordânia;2
ESTADUAL - SE;ITAPETININGA;ITAPETININGA;ITAPETININGA;8;15106;ABILIO FONTES PROF;Japão;1
ESTADUAL - SE;ITAPETININGA;ITAPETININGA;ITAPETININGA;8;43965;ELISIARIO MARTINS DE MELLO PROF;Japão;2
ESTADUAL - SE;ITAPETININGA;ITAPETININGA;ITAPETININGA;8;905239;PERICLES GALVAO PROF;Espanha;1
ESTADUAL - SE;ITAPETININGA;ITAPETININGA;ITAPETININGA;8;908236;ASTOR VASQUES LOPES PROF;Colômbia;1
ESTADUAL - SE;ITAPETININGA;SAO MIGUEL ARCANJO;SAO MIGUEL ARCANJO;8;15258;NESTOR FOGACA;Japão;2
ESTADUAL - SE;ITAPETININGA;SAO MIGUEL ARCANJO;SAO MIGUEL ARCANJO;8;15258;NESTOR FOGACA;Venezuela;1
ESTADUAL - SE;ITAPETININGA;SAO MIGUEL ARCANJO;SAO MIGUEL ARCANJO;8;46917;MASSANORI KARAZAWA;Japão;1
ESTADUAL - SE;ITAPETININGA;SAO MIGUEL ARCANJO;SAO MIGUEL ARCANJO;8;46917;MASSANORI KARAZAWA;Paraguai;1
ESTADUAL - SE;ITAPETININGA;SAO MIGUEL ARCANJO;SAO MIGUEL ARCANJO;8;905288;JOSE BALTAZAR DE SOUZA;Paraguai;1
ESTADUAL - SE;ITAPETININGA;SAO MIGUEL ARCANJO;SAO MIGUEL ARCANJO;8;921750;MARIA ELISA DE OLIVEIRA PROFA;Canadá;1
ESTADUAL - SE;ITAPETININGA;SAO MIGUEL ARCANJO;SAO MIGUEL ARCANJO;8;921750;MARIA ELISA DE OLIVEIRA PROFA;Japão;4
ESTADUAL - SE;ITAPETININGA;TATUI;TATUI;8;16639;CHICO PEREIRA;Argentina;2
ESTADUAL - SE;ITAPETININGA;TATUI;TATUI;8;903309;LIENETTE AVALONE RIBEIRO PROFA;Japão;1
ESTADUAL - SE;ITAPETININGA;TATUI;TATUI;8;923035;DEOCLES VIEIRA DE CAMARGO PROF;Argentina;1
ESTADUAL - SE;ITAPEVA;BURI;BURI;8;15568;FRANCELINA FRANCO PROFESSORA;Cuba;1
ESTADUAL - SE;ITAPEVA;CAPAO BONITO;CAPAO BONITO;6;459495;CEL JTO A EE RAUL VENTURELLI DR;Cuba;1
ESTADUAL - SE;ITAPEVA;CAPAO BONITO;CAPAO BONITO;8;15118;ARLINDO VIEIRA PADRE;Cuba;1
ESTADUAL - SE;ITAPEVA;CAPAO BONITO;CAPAO BONITO;8;15118;ARLINDO VIEIRA PADRE;Portugal;1
ESTADUAL - SE;ITAPEVA;CAPAO BONITO;CAPAO BONITO;8;15222;RAUL VENTURELLI DOUTOR;Japão;2
ESTADUAL - SE;ITAPEVA;ITAPEVA;ITAPEVA;8;15477;JEMINIANO DAVID MUZEL;Japão;2
ESTADUAL - SE;ITAPEVA;ITAPEVA;ITAPEVA;8;15544;ZULMIRA DE OLIVEIRA PROFESSORA;Colômbia;1
ESTADUAL - SE;ITAPEVA;ITAPEVA;ITAPEVA;8;15544;ZULMIRA DE OLIVEIRA PROFESSORA;Japão;1
ESTADUAL - SE;ITAPEVI;BARUERI;BARUERI;8;9830;REPUBLICA DO EQUADOR;Haiti;25
ESTADUAL - SE;ITAPEVI;BARUERI;BARUERI;8;9878;ALAYDE DOMINGUES COUTO MACEDO PROFESSORA;Bolívia;2
ESTADUAL - SE;ITAPEVI;BARUERI;BARUERI;8;9891;JOSE WILSON PADINHA PROFESSOR;Bolívia;5
ESTADUAL - SE;ITAPEVI;BARUERI;BARUERI;8;9891;JOSE WILSON PADINHA PROFESSOR;Paraguai;1
ESTADUAL - SE;ITAPEVI;BARUERI;BARUERI;8;36389;REPUBLICA DE EL SALVADOR;Haiti;3
ESTADUAL - SE;ITAPEVI;BARUERI;BARUERI;8;44921;MYRTHES THEREZINHA ASSAD VILLELA PROFA;Antigua e Barbuda;1
ESTADUAL - SE;ITAPEVI;BARUERI;BARUERI;8;44921;MYRTHES THEREZINHA ASSAD VILLELA PROFA;Bolívia;1
ESTADUAL - SE;ITAPEVI;BARUERI;BARUERI;8;908836;ITAJAHY FEITOSA MARTINS PROFESSOR;Bolívia;1
ESTADUAL - SE;ITAPEVI;BARUERI;BARUERI;8;918702;JOSE LEANDRO DE BARROS PIMENTEL;Haiti;2
ESTADUAL - SE;ITAPEVI;ITAPEVI;ITAPEVI;8;10424;CELINA DE BARROS BAIRAO PROFESSORA;Guiné-Bissau;1
ESTADUAL - SE;ITAPEVI;ITAPEVI;ITAPEVI;8;10424;CELINA DE BARROS BAIRAO PROFESSORA;Haiti;1
ESTADUAL - SE;ITAPEVI;ITAPEVI;ITAPEVI;8;10443;NACIF AMIN CHALUPE;Haiti;1
ESTADUAL - SE;ITAPEVI;ITAPEVI;ITAPEVI;8;10443;NACIF AMIN CHALUPE;Venezuela;1
ESTADUAL - SE;ITAPEVI;ITAPEVI;ITAPEVI;8;10467;RAUL BRIQUET DOUTOR;Haiti;8
ESTADUAL - SE;ITAPEVI;ITAPEVI;ITAPEVI;8;10479;CLARO CAMARGO RIBEIRO;Argentina;2
ESTADUAL - SE;ITAPEVI;ITAPEVI;ITAPEVI;8;10479;CLARO CAMARGO RIBEIRO;Bolívia;1
ESTADUAL - SE;ITAPEVI;ITAPEVI;ITAPEVI;8;10480;DIMARAES ANTONIO SANDEI PROFESSOR;Bolívia;1
ESTADUAL - SE;ITAPEVI;ITAPEVI;ITAPEVI;8;10613;CANDIDO RONDON MARECHAL;Haiti;1
ESTADUAL - SE;ITAPEVI;ITAPEVI;ITAPEVI;8;10613;CANDIDO RONDON MARECHAL;Venezuela;1
ESTADUAL - SE;ITAPEVI;ITAPEVI;ITAPEVI;8;10650;JOSE NEYDE CESAR LESSA DOUTOR;Bolívia;1
ESTADUAL - SE;ITAPEVI;ITAPEVI;ITAPEVI;8;10650;JOSE NEYDE CESAR LESSA DOUTOR;Guiné-Conacri;2
ESTADUAL - SE;ITAPEVI;ITAPEVI;ITAPEVI;8;10650;JOSE NEYDE CESAR LESSA DOUTOR;Haiti;5
ESTADUAL - SE;ITAPEVI;ITAPEVI;ITAPEVI;8;10650;JOSE NEYDE CESAR LESSA DOUTOR;Marrocos;2
ESTADUAL - SE;ITAPEVI;ITAPEVI;ITAPEVI;8;46607;JOAO NASCIF CHALUPP;Bolívia;1
ESTADUAL - SE;ITAPEVI;ITAPEVI;ITAPEVI;8;48999;ROMEO MECCA PADRE;Bolívia;1
ESTADUAL - SE;ITAPEVI;ITAPEVI;ITAPEVI;8;48999;ROMEO MECCA PADRE;Japão;1
ESTADUAL - SE;ITAPEVI;ITAPEVI;ITAPEVI;8;908548;PAULO DE ABREU;Haiti;2
ESTADUAL - SE;ITAPEVI;ITAPEVI;ITAPEVI;8;908548;PAULO DE ABREU;Japão;2
ESTADUAL - SE;ITAPEVI;ITAPEVI;ITAPEVI;8;910454;MARIA SOARES SANTOS PROFESSORA;Venezuela;1
ESTADUAL - SE;ITAPEVI;ITAPEVI;ITAPEVI;8;921439;PAULO DA COSTA PAN CHACON PROFESSOR;Bolívia;1
ESTADUAL - SE;ITAPEVI;ITAPEVI;ITAPEVI;8;921439;PAULO DA COSTA PAN CHACON PROFESSOR;Japão;1
ESTADUAL - SE;ITAPEVI;ITAPEVI;ITAPEVI;8;923874;ELIANA ANDRES DE ALMEIDA SOUZA PROFESSORA;Bolívia;1
ESTADUAL - SE;ITAPEVI;ITAPEVI;ITAPEVI;8;923874;ELIANA ANDRES DE ALMEIDA SOUZA PROFESSORA;Venezuela;1
ESTADUAL - SE;ITAPEVI;JANDIRA;JANDIRA;8;10364;DORVALINO ABILIO TEIXEIRA;Haiti;4
ESTADUAL - SE;ITAPEVI;JANDIRA;JANDIRA;8;10397;VICENTE THEMUDO LESSA PROFESSOR;Portugal;1
ESTADUAL - SE;ITAPEVI;JANDIRA;JANDIRA;8;10649;HENRIQUE SAMMARTINO ALFERES;Guiné-Bissau;1
ESTADUAL - SE;ITAPEVI;JANDIRA;JANDIRA;8;10649;HENRIQUE SAMMARTINO ALFERES;Haiti;2
ESTADUAL - SE;ITAPEVI;JANDIRA;JANDIRA;8;10649;HENRIQUE SAMMARTINO ALFERES;Portugal;1
ESTADUAL - SE;ITAPEVI;JANDIRA;JANDIRA;8;10662;OSWALDO SAMMARTINO;Bolívia;3
ESTADUAL - SE;ITAPEVI;JANDIRA;JANDIRA;8;41385;MOACIR THOMAZ DA SILVA;Bolívia;2
ESTADUAL - SE;ITAPEVI;JANDIRA;JANDIRA;8;44817;LUIS DA CAMARA CASCUDO;Bolívia;4
ESTADUAL - SE;ITAPEVI;JANDIRA;JANDIRA;8;44817;LUIS DA CAMARA CASCUDO;Haiti;3
ESTADUAL - SE;ITAPEVI;JANDIRA;JANDIRA;8;908563;DOLORES GARCIA PASCHOALIN;Bolívia;3
ESTADUAL - SE;ITAPEVI;JANDIRA;JANDIRA;8;921440;GIUSEPPE ANGELO BERTOLLI PADRE;Venezuela;1
ESTADUAL - SE;ITAPEVI;JANDIRA;JANDIRA;8;923333;JOSEPHA PINTO CHIAVELLI PROFESSORA;Bolívia;6
ESTADUAL - SE;ITAPEVI;JANDIRA;JANDIRA;8;923333;JOSEPHA PINTO CHIAVELLI PROFESSORA;Cuba;1
ESTADUAL - SE;ITAPEVI;JANDIRA;JANDIRA;8;923333;JOSEPHA PINTO CHIAVELLI PROFESSORA;Haiti;5
ESTADUAL - SE;ITAPEVI;JARDIM BELVAL;BARUERI;8;35440;REPUBLICA DE CUBA;Haiti;2
ESTADUAL - SE;ITAQUAQUECETUBA;CIDADE KEMEL;POA;8;43989;NANCI CRISTINA DO ESPIRITO SANTO PROFESSORA;Bolívia;1
ESTADUAL - SE;ITAQUAQUECETUBA;CIDADE KEMEL;POA;8;43989;NANCI CRISTINA DO ESPIRITO SANTO PROFESSORA;Peru;1
ESTADUAL - SE;ITAQUAQUECETUBA;ITAQUAQUECETUBA;ITAQUAQUECETUBA;6;458545;CEL JTO A EE ZILDA BRACONI AMADOR PROFA;Bolívia;1
ESTADUAL - SE;ITAQUAQUECETUBA;ITAQUAQUECETUBA;ITAQUAQUECETUBA;8;7079;ZILDA BRACONI AMADOR PROFESSORA;Bolívia;2
ESTADUAL - SE;ITAQUAQUECETUBA;ITAQUAQUECETUBA;ITAQUAQUECETUBA;8;7079;ZILDA BRACONI AMADOR PROFESSORA;Haiti;3
ESTADUAL - SE;ITAQUAQUECETUBA;ITAQUAQUECETUBA;ITAQUAQUECETUBA;8;7080;EUGENIO VICTORIO DELIBERATO;Bolívia;2
ESTADUAL - SE;ITAQUAQUECETUBA;ITAQUAQUECETUBA;ITAQUAQUECETUBA;8;7109;JOSE GAMA DE MIRANDA;Bolívia;7
ESTADUAL - SE;ITAQUAQUECETUBA;ITAQUAQUECETUBA;ITAQUAQUECETUBA;8;7122;HOMERO FERNANDO MILANO;Angola;1
ESTADUAL - SE;ITAQUAQUECETUBA;ITAQUAQUECETUBA;ITAQUAQUECETUBA;8;7122;HOMERO FERNANDO MILANO;Bolívia;1
ESTADUAL - SE;ITAQUAQUECETUBA;ITAQUAQUECETUBA;ITAQUAQUECETUBA;8;7134;ODILA LEITE DOS SANTOS PROFESSORA;Argentina;1
ESTADUAL - SE;ITAQUAQUECETUBA;ITAQUAQUECETUBA;ITAQUAQUECETUBA;8;7286;EDINA ALVARES BARBOSA PROFESSORA;Bolívia;2
ESTADUAL - SE;ITAQUAQUECETUBA;ITAQUAQUECETUBA;ITAQUAQUECETUBA;8;7286;EDINA ALVARES BARBOSA PROFESSORA;Cabo Verde;2
ESTADUAL - SE;ITAQUAQUECETUBA;ITAQUAQUECETUBA;ITAQUAQUECETUBA;8;7286;EDINA ALVARES BARBOSA PROFESSORA;Estados Unidos da América;1
ESTADUAL - SE;ITAQUAQUECETUBA;ITAQUAQUECETUBA;ITAQUAQUECETUBA;8;7286;EDINA ALVARES BARBOSA PROFESSORA;Paraguai;2
ESTADUAL - SE;ITAQUAQUECETUBA;ITAQUAQUECETUBA;ITAQUAQUECETUBA;8;38428;ERVIN HORVATH DOUTOR;Argentina;1
ESTADUAL - SE;ITAQUAQUECETUBA;ITAQUAQUECETUBA;ITAQUAQUECETUBA;8;38428;ERVIN HORVATH DOUTOR;Bolívia;21
ESTADUAL - SE;ITAQUAQUECETUBA;ITAQUAQUECETUBA;ITAQUAQUECETUBA;8;45007;CARMEN NETTO DOS SANTOS PROFESSORA;Bolívia;2
ESTADUAL - SE;ITAQUAQUECETUBA;ITAQUAQUECETUBA;ITAQUAQUECETUBA;8;45019;KAKUNOSUKE HASEGAWA;África do Sul;1
ESTADUAL - SE;ITAQUAQUECETUBA;ITAQUAQUECETUBA;ITAQUAQUECETUBA;8;45019;KAKUNOSUKE HASEGAWA;Argentina;1
ESTADUAL - SE;ITAQUAQUECETUBA;ITAQUAQUECETUBA;ITAQUAQUECETUBA;8;45019;KAKUNOSUKE HASEGAWA;Bolívia;13
ESTADUAL - SE;ITAQUAQUECETUBA;ITAQUAQUECETUBA;ITAQUAQUECETUBA;8;45019;KAKUNOSUKE HASEGAWA;Peru;2
ESTADUAL - SE;ITAQUAQUECETUBA;ITAQUAQUECETUBA;ITAQUAQUECETUBA;8;902408;DURVAL EVARISTO DOS SANTOS VEREADOR;Bolívia;1
ESTADUAL - SE;ITAQUAQUECETUBA;ITAQUAQUECETUBA;ITAQUAQUECETUBA;8;902408;DURVAL EVARISTO DOS SANTOS VEREADOR;Haiti;1
ESTADUAL - SE;ITAQUAQUECETUBA;ITAQUAQUECETUBA;ITAQUAQUECETUBA;8;902408;DURVAL EVARISTO DOS SANTOS VEREADOR;Japão;1
ESTADUAL - SE;ITAQUAQUECETUBA;ITAQUAQUECETUBA;ITAQUAQUECETUBA;8;904430;ROQUE BARBOSA DE MIRANDA;Bolívia;5
ESTADUAL - SE;ITAQUAQUECETUBA;ITAQUAQUECETUBA;ITAQUAQUECETUBA;8;908642;JARDIM AMERICA DO;Paraguai;2
ESTADUAL - SE;ITAQUAQUECETUBA;ITAQUAQUECETUBA;ITAQUAQUECETUBA;8;910181;MARIO MARTINS PEREIRA;Bolívia;4
ESTADUAL - SE;ITAQUAQUECETUBA;ITAQUAQUECETUBA;ITAQUAQUECETUBA;8;910181;MARIO MARTINS PEREIRA;Haiti;1
ESTADUAL - SE;ITAQUAQUECETUBA;ITAQUAQUECETUBA;ITAQUAQUECETUBA;8;910181;MARIO MARTINS PEREIRA;Paraguai;1
ESTADUAL - SE;ITAQUAQUECETUBA;ITAQUAQUECETUBA;ITAQUAQUECETUBA;8;912293;NEMESIO CANDIDO GOMES;Bolívia;2
ESTADUAL - SE;ITAQUAQUECETUBA;ITAQUAQUECETUBA;ITAQUAQUECETUBA;8;912293;NEMESIO CANDIDO GOMES;Paraguai;2
ESTADUAL - SE;ITAQUAQUECETUBA;ITAQUAQUECETUBA;ITAQUAQUECETUBA;8;912300;JOSE OLYMPIO PEREIRA FILHO;Japão;2
ESTADUAL - SE;ITAQUAQUECETUBA;ITAQUAQUECETUBA;ITAQUAQUECETUBA;8;912311;MAURICIO ALVES BRAZ VEREADOR;Bolívia;4
ESTADUAL - SE;ITAQUAQUECETUBA;ITAQUAQUECETUBA;ITAQUAQUECETUBA;8;912311;MAURICIO ALVES BRAZ VEREADOR;Paraguai;1
ESTADUAL - SE;ITAQUAQUECETUBA;ITAQUAQUECETUBA;ITAQUAQUECETUBA;8;912323;JOAQUIM GONCALVES FERREIRA DA SILVA;Bolívia;8
ESTADUAL - SE;ITAQUAQUECETUBA;ITAQUAQUECETUBA;ITAQUAQUECETUBA;8;912347;ROSARIA ISOLINA DE MORAES DONA;Bolívia;2
ESTADUAL - SE;ITAQUAQUECETUBA;ITAQUAQUECETUBA;ITAQUAQUECETUBA;8;912347;ROSARIA ISOLINA DE MORAES DONA;Paraguai;1
ESTADUAL - SE;ITAQUAQUECETUBA;ITAQUAQUECETUBA;ITAQUAQUECETUBA;8;915269;CONDOMINIO RESIDENCIAL VILLAGE;Bolívia;3
ESTADUAL - SE;ITAQUAQUECETUBA;ITAQUAQUECETUBA;ITAQUAQUECETUBA;8;916584;PARQUE PIRATININGA;Bermuda;1
ESTADUAL - SE;ITAQUAQUECETUBA;ITAQUAQUECETUBA;ITAQUAQUECETUBA;8;916584;PARQUE PIRATININGA;Bolívia;4
ESTADUAL - SE;ITAQUAQUECETUBA;ITAQUAQUECETUBA;ITAQUAQUECETUBA;8;916584;PARQUE PIRATININGA;Qatar;1
ESTADUAL - SE;ITAQUAQUECETUBA;ITAQUAQUECETUBA;ITAQUAQUECETUBA;8;917102;DOMINGOS MILANO;Venezuela;1
ESTADUAL - SE;ITAQUAQUECETUBA;ITAQUAQUECETUBA;ITAQUAQUECETUBA;8;921257;AMALIA MARIA DOS SANTOS;China;1
ESTADUAL - SE;ITAQUAQUECETUBA;ITAQUAQUECETUBA;ITAQUAQUECETUBA;8;921497;DULCE MARIA SAMPAIO PROFESSORA;Bolívia;3
ESTADUAL - SE;ITAQUAQUECETUBA;ITAQUAQUECETUBA;ITAQUAQUECETUBA;8;923709;VILA ARIZONA I;Bolívia;1
ESTADUAL - SE;ITAQUAQUECETUBA;ITAQUAQUECETUBA;ITAQUAQUECETUBA;8;923709;VILA ARIZONA I;Espanha;1
ESTADUAL - SE;ITAQUAQUECETUBA;ITAQUAQUECETUBA;ITAQUAQUECETUBA;8;923722;VILA ERCILIA ALGARVE;Bolívia;1
ESTADUAL - SE;ITAQUAQUECETUBA;ITAQUAQUECETUBA;ITAQUAQUECETUBA;8;923722;VILA ERCILIA ALGARVE;Japão;3
ESTADUAL - SE;ITAQUAQUECETUBA;ITAQUAQUECETUBA;ITAQUAQUECETUBA;8;923928;JARDIM ITAQUA;Bolívia;4
ESTADUAL - SE;ITAQUAQUECETUBA;ITAQUAQUECETUBA;ITAQUAQUECETUBA;8;923928;JARDIM ITAQUA;Chile;1
ESTADUAL - SE;ITAQUAQUECETUBA;ITAQUAQUECETUBA;ITAQUAQUECETUBA;8;923936;PEQUENO CORACAO II;Argentina;1
ESTADUAL - SE;ITAQUAQUECETUBA;ITAQUAQUECETUBA;ITAQUAQUECETUBA;8;923936;PEQUENO CORACAO II;Bolívia;12
ESTADUAL - SE;ITAQUAQUECETUBA;ITAQUAQUECETUBA;ITAQUAQUECETUBA;8;923936;PEQUENO CORACAO II;Peru;2
ESTADUAL - SE;ITAQUAQUECETUBA;ITAQUAQUECETUBA;ITAQUAQUECETUBA;8;923941;PARQUE PIRATININGA II;Bolívia;12
ESTADUAL - SE;ITAQUAQUECETUBA;ITAQUAQUECETUBA;ITAQUAQUECETUBA;8;923953;PARQUE PIRATININGA III;Argentina;2
ESTADUAL - SE;ITAQUAQUECETUBA;ITAQUAQUECETUBA;ITAQUAQUECETUBA;8;923953;PARQUE PIRATININGA III;Bolívia;17
ESTADUAL - SE;ITAQUAQUECETUBA;ITAQUAQUECETUBA;ITAQUAQUECETUBA;8;924416;RECANTO MONICA II;Paraguai;2
ESTADUAL - SE;ITAQUAQUECETUBA;ITAQUAQUECETUBA;ITAQUAQUECETUBA;8;925512;JARDIM ODETE III;Bolívia;2
ESTADUAL - SE;ITAQUAQUECETUBA;ITAQUAQUECETUBA;ITAQUAQUECETUBA;8;926059;PARQUE VIVIANE JARDIM ADRIANA;Argentina;1
ESTADUAL - SE;ITAQUAQUECETUBA;ITAQUAQUECETUBA;ITAQUAQUECETUBA;8;926059;PARQUE VIVIANE JARDIM ADRIANA;Bolívia;30
ESTADUAL - SE;ITAQUAQUECETUBA;ITAQUAQUECETUBA;ITAQUAQUECETUBA;8;926059;PARQUE VIVIANE JARDIM ADRIANA;Paraguai;1
ESTADUAL - SE;ITAQUAQUECETUBA;ITAQUAQUECETUBA;ITAQUAQUECETUBA;8;926059;PARQUE VIVIANE JARDIM ADRIANA;Peru;1
ESTADUAL - SE;ITAQUAQUECETUBA;POA;POA;6;446026;CEL JTO A EE PAULO EDUARDO OLINTHO REHDER JORNALISTA;Equador;1
ESTADUAL - SE;ITAQUAQUECETUBA;POA;POA;8;7006;BERTHA CORREA E CASTRO DA ROCHA;Bolívia;1
ESTADUAL - SE;ITAQUAQUECETUBA;POA;POA;8;7006;BERTHA CORREA E CASTRO DA ROCHA;Venezuela;1
ESTADUAL - SE;ITAQUAQUECETUBA;POA;POA;8;7316;MARGARIDA DE CAMILLIS;Haiti;1
ESTADUAL - SE;ITAQUAQUECETUBA;POA;POA;8;7328;BATUIRA;Uruguai;2
ESTADUAL - SE;ITAQUAQUECETUBA;POA;POA;8;46188;MARIA APARECIDA FERREIRA PROFESSORA;Bolívia;1
ESTADUAL - SE;ITAQUAQUECETUBA;POA;POA;8;48896;IVONE DA SILVA DE OLIVEIRA PROFESSORA;Bolívia;1
ESTADUAL - SE;ITAQUAQUECETUBA;POA;POA;8;901912;ELISEU JORGE PROFESSOR;Bolívia;2
ESTADUAL - SE;ITAQUAQUECETUBA;POA;POA;8;901912;ELISEU JORGE PROFESSOR;Portugal;1
ESTADUAL - SE;ITAQUAQUECETUBA;POA;POA;8;910193;VERA LUCIA TORRES RODRIGUES AFFONSO PROFESSORA;Paraguai;1
ESTADUAL - SE;ITAQUAQUECETUBA;POA;POA;8;913418;PAULO EDUARDO OLINTHO REHDER JORNALISTA;Equador;1
ESTADUAL - SE;ITARARE;BARAO DE ANTONINA;BARAO DE ANTONINA;8;15581;SANDRA REGINA PIRES PROFESSORA;Japão;1
ESTADUAL - SE;ITARARE;ITABERA;ITABERA;8;15441;GABRIEL PINTO DE FARIA PROFESSOR;Canadá;1
ESTADUAL - SE;ITARARE;ITABERA;ITABERA;8;39718;ALBERTO PEREIRA PROFESSOR;Portugal;1
ESTADUAL - SE;ITARARE;ITABERA;ITABERA;8;915105;BAIRRO DO TOME;Cambodja;1
ESTADUAL - SE;ITARARE;ITAPORANGA;ITAPORANGA;8;15362;EPITACIO PESSOA;Estados Unidos da América;3
ESTADUAL - SE;ITARARE;ITAPORANGA;ITAPORANGA;8;15362;EPITACIO PESSOA;Portugal;2
ESTADUAL - SE;ITARARE;ITAPORANGA;ITAPORANGA;8;918556;ELISA DE CAMPOS LIMA NOVELLI DONA;Japão;2
ESTADUAL - SE;ITARARE;ITARARE;ITARARE;8;15325;TOME TEIXEIRA;Venezuela;1
ESTADUAL - SE;ITU;BOITUVA;BOITUVA;8;16697;MARIO PEDRO VERCELLINO ALFERES;Haiti;6
ESTADUAL - SE;ITU;BOITUVA;BOITUVA;8;908174;JOAO MORETTI;Haiti;3
ESTADUAL - SE;ITU;BOITUVA;BOITUVA;8;908174;JOAO MORETTI;Japão;1
ESTADUAL - SE;ITU;BOM FIM DO BOM JESUS;CABREUVA;8;36171;ANA MESQUITA LAURINI;Japão;1
ESTADUAL - SE;ITU;CABREUVA;CABREUVA;8;70233;ANTONIO ODILON FRANCESCHINI PREFEITO;Japão;1
ESTADUAL - SE;ITU;CABREUVA;CABREUVA;8;70233;ANTONIO ODILON FRANCESCHINI PREFEITO;Venezuela;1
ESTADUAL - SE;ITU;CABREUVA;CABREUVA;8;924659;EUGENIA FERRAREZI NUNES;Paraguai;1
ESTADUAL - SE;ITU;CERQUILHO;CERQUILHO;8;922766;VICTORIA MARCON BELLUCCI PROFA;Bolívia;3
ESTADUAL - SE;ITU;ITU;ITU;8;15660;FRANCISCO NARDY FILHO;Haiti;1
ESTADUAL - SE;ITU;ITU;ITU;8;15672;CICERO SIQUEIRA CAMPOS PROF;Japão;1
ESTADUAL - SE;ITU;ITU;ITU;8;15672;CICERO SIQUEIRA CAMPOS PROF;Paraguai;1
ESTADUAL - SE;ITU;ITU;ITU;8;15672;CICERO SIQUEIRA CAMPOS PROF;Venezuela;3
ESTADUAL - SE;ITU;ITU;ITU;8;15696;JOSE LEITE PINHEIRO JR PROF;Guiné-Conacri;1
ESTADUAL - SE;ITU;ITU;ITU;8;15696;JOSE LEITE PINHEIRO JR PROF;Venezuela;1
ESTADUAL - SE;ITU;ITU;ITU;8;15748;REGENTE FEIJO;Argentina;1
ESTADUAL - SE;ITU;ITU;ITU;8;15748;REGENTE FEIJO;Guiné-Conacri;1
ESTADUAL - SE;ITU;ITU;ITU;8;42389;PERY GUARANY BLACKMAN PROF;Colômbia;1
ESTADUAL - SE;ITU;ITU;ITU;8;362759;PRISCILA DE FATIMA PINTO PROFESSORA;Venezuela;2
ESTADUAL - SE;ITU;ITU;ITU;8;436057;JOAO ANTONIO MOTTA NAVARRO PROFESSOR;Japão;1
ESTADUAL - SE;ITU;ITU;ITU;8;900291;SYLVIA DE PAULA LEITE BAUER;Portugal;1
ESTADUAL - SE;ITU;ITU;ITU;8;920940;ANTHENOR FRUET PROF;Espanha;1
ESTADUAL - SE;ITU;ITU;ITU;8;920940;ANTHENOR FRUET PROF;Haiti;1
ESTADUAL - SE;ITU;ITU;ITU;8;925895;MERCIA MARIA CAZARINI PROFA;Venezuela;2
ESTADUAL - SE;ITU;SALTO;SALTO;8;15647;LEONOR FERNANDES DA SILVA PROFA;Bolívia;1
ESTADUAL - SE;ITU;SALTO;SALTO;8;15647;LEONOR FERNANDES DA SILVA PROFA;Espanha;1
ESTADUAL - SE;ITU;SALTO;SALTO;8;15647;LEONOR FERNANDES DA SILVA PROFA;Haiti;1
ESTADUAL - SE;ITU;SALTO;SALTO;8;15647;LEONOR FERNANDES DA SILVA PROFA;Venezuela;3
ESTADUAL - SE;ITU;SALTO;SALTO;8;15817;ACYLINO AMARAL GURGEL PROF;Bolívia;1
ESTADUAL - SE;ITU;SALTO;SALTO;8;15817;ACYLINO AMARAL GURGEL PROF;Líbano;1
ESTADUAL - SE;ITU;SALTO;SALTO;8;15817;ACYLINO AMARAL GURGEL PROF;Portugal;1
ESTADUAL - SE;ITU;SALTO;SALTO;8;15817;ACYLINO AMARAL GURGEL PROF;Venezuela;1
ESTADUAL - SE;ITU;SALTO;SALTO;8;39755;MIRINHA TONELLO;Venezuela;1
ESTADUAL - SE;ITU;SALTO;SALTO;8;46929;MARIA NAZARENA CORREA IRMA;Haiti;6
ESTADUAL - SE;ITU;SALTO;SALTO;8;46929;MARIA NAZARENA CORREA IRMA;Venezuela;4
ESTADUAL - SE;ITU;SALTO;SALTO;8;46930;JOSEANO COSTA PINTO PROF;Haiti;2
ESTADUAL - SE;ITU;SALTO;SALTO;8;905264;IRACEMA PINHEIRO FRANCO PROFA;Bolívia;4
ESTADUAL - SE;ITU;SALTO;SALTO;8;905264;IRACEMA PINHEIRO FRANCO PROFA;Haiti;8
ESTADUAL - SE;ITU;SALTO;SALTO;8;905264;IRACEMA PINHEIRO FRANCO PROFA;Venezuela;1
ESTADUAL - SE;ITU;SALTO;SALTO;8;914514;OTILIA DE PAULA LEITE PROFA;Haiti;2
ESTADUAL - SE;ITU;SALTO;SALTO;8;914514;OTILIA DE PAULA LEITE PROFA;Venezuela;3
ESTADUAL - SE;ITU;SALTO;SALTO;8;918581;DOLORES ANTUNES DA SILVA;Haiti;2
ESTADUAL - SE;ITU;SALTO;SALTO;8;918581;DOLORES ANTUNES DA SILVA;Japão;1
ESTADUAL - SE;ITU;SALTO;SALTO;8;921804;FRANCISCO RIGOLIN PADRE;Bolívia;1
ESTADUAL - SE;ITU;SALTO;SALTO;8;921804;FRANCISCO RIGOLIN PADRE;Haiti;2
ESTADUAL - SE;ITU;SALTO;SALTO;8;921804;FRANCISCO RIGOLIN PADRE;Japão;1
ESTADUAL - SE;ITU;SALTO;SALTO;8;921804;FRANCISCO RIGOLIN PADRE;Venezuela;1
ESTADUAL - SE;JABOTICABAL;BEBEDOURO;BEBEDOURO;8;22603;ABILIO MANOEL;Japão;1
ESTADUAL - SE;JABOTICABAL;BEBEDOURO;BEBEDOURO;8;22724;PARAISO CAVALCANTI DOUTOR;Alemanha;1
ESTADUAL - SE;JABOTICABAL;BEBEDOURO;BEBEDOURO;8;22724;PARAISO CAVALCANTI DOUTOR;Japão;1
ESTADUAL - SE;JABOTICABAL;BEBEDOURO;BEBEDOURO;8;22724;PARAISO CAVALCANTI DOUTOR;Portugal;1
ESTADUAL - SE;JABOTICABAL;BEBEDOURO;BEBEDOURO;8;22767;ABILIO ALVES MARQUES;Colômbia;2
ESTADUAL - SE;JABOTICABAL;GUATAPARA;GUATAPARA;8;24132;GAVINO VIRDES JORNALISTA;Japão;1
ESTADUAL - SE;JABOTICABAL;JABOTICABAL;JABOTICABAL;8;23541;JOAQUIM BATISTA DOUTOR;Japão;1
ESTADUAL - SE;JABOTICABAL;JABOTICABAL;JABOTICABAL;8;23760;ANTONIO JOSE PEDROSO PROFESSOR;Venezuela;2
ESTADUAL - SE;JABOTICABAL;MONTE ALTO;MONTE ALTO;8;23668;JEREMIAS DE PAULA EDUARDO;Espanha;1
ESTADUAL - SE;JABOTICABAL;MONTE ALTO;MONTE ALTO;8;23668;JEREMIAS DE PAULA EDUARDO;Itália;1
ESTADUAL - SE;JABOTICABAL;MONTE ALTO;MONTE ALTO;8;44623;NELLY BAHDUR CANO PROFESSORA;Japão;1
ESTADUAL - SE;JABOTICABAL;MONTE AZUL PAULISTA;MONTE AZUL PAULISTA;8;22697;NENA GIANNASI BUCK PROFESSORA;Portugal;1
ESTADUAL - SE;JABOTICABAL;MONTE AZUL PAULISTA;MONTE AZUL PAULISTA;8;22697;NENA GIANNASI BUCK PROFESSORA;Venezuela;2
ESTADUAL - SE;JABOTICABAL;PRADOPOLIS;PRADOPOLIS;8;23516;CONSTANTE OMETTO;Alemanha;1
ESTADUAL - SE;JABOTICABAL;TAIUVA;TAIUVA;8;22512;BENEDITO ORTIZ CORONEL;Japão;2
ESTADUAL - SE;JACAREI;ARUJA;ARUJA;8;6385;WASHINGTON LUIZ PEREIRA DE SOUZA DR;Bolívia;3
ESTADUAL - SE;JACAREI;ARUJA;ARUJA;8;6385;WASHINGTON LUIZ PEREIRA DE SOUZA DR;Haiti;3
ESTADUAL - SE;JACAREI;ARUJA;ARUJA;8;6385;WASHINGTON LUIZ PEREIRA DE SOUZA DR;Venezuela;1
ESTADUAL - SE;JACAREI;ARUJA;ARUJA;8;6403;ESLI GARCIA DINIZ PROF;Bolívia;1
ESTADUAL - SE;JACAREI;ARUJA;ARUJA;8;6403;ESLI GARCIA DINIZ PROF;Japão;2
ESTADUAL - SE;JACAREI;ARUJA;ARUJA;8;6415;RENE DE OLIVEIRA BARBOSA DR;Japão;1
ESTADUAL - SE;JACAREI;ARUJA;ARUJA;8;6415;RENE DE OLIVEIRA BARBOSA DR;Venezuela;1
ESTADUAL - SE;JACAREI;ARUJA;ARUJA;8;46401;REPUBLICA DOMINICANA;Japão;3
ESTADUAL - SE;JACAREI;ARUJA;ARUJA;8;908903;MARIANO BARBOSA DE SOUZA PROF;Bolívia;3
ESTADUAL - SE;JACAREI;ARUJA;ARUJA;8;910375;ANA MARIA DE CARVALHO PEREIRA;Venezuela;1
ESTADUAL - SE;JACAREI;ARUJA;ARUJA;8;923205;EDIR PAULINO ALBUQUERQUE PROFA;Haiti;1
ESTADUAL - SE;JACAREI;GUARAREMA;GUARAREMA;8;6774;ANTONIO LERARIO;Venezuela;1
ESTADUAL - SE;JACAREI;GUARAREMA;GUARAREMA;8;38398;IVAN BRASIL;Egipto;2
ESTADUAL - SE;JACAREI;GUARAREMA;GUARAREMA;8;38398;IVAN BRASIL;Haiti;2
ESTADUAL - SE;JACAREI;GUARAREMA;GUARAREMA;8;38398;IVAN BRASIL;Portugal;1
ESTADUAL - SE;JACAREI;GUARAREMA;GUARAREMA;8;38398;IVAN BRASIL;Venezuela;1
ESTADUAL - SE;JACAREI;JACAREI;JACAREI;6;459586;CEL JTO A EE FRANCISCO F FERREIRA DA SILVA PROF;México;1
ESTADUAL - SE;JACAREI;JACAREI;JACAREI;8;13687;FRANCISCO GOMES DA SILVA PRADO DR;Japão;2
ESTADUAL - SE;JACAREI;JACAREI;JACAREI;8;13687;FRANCISCO GOMES DA SILVA PRADO DR;Portugal;1
ESTADUAL - SE;JACAREI;JACAREI;JACAREI;8;13705;HERMINIA SILVA DE MESQUITA PROFA;Japão;1
ESTADUAL - SE;JACAREI;JACAREI;JACAREI;8;13808;POMPILIO MERCADANTE DR;Japão;2
ESTADUAL - SE;JACAREI;JACAREI;JACAREI;8;13808;POMPILIO MERCADANTE DR;Venezuela;1
ESTADUAL - SE;JACAREI;JACAREI;JACAREI;8;13812;DOROTHOVEO GASPAR VIANNA PROF;Venezuela;1
ESTADUAL - SE;JACAREI;JACAREI;JACAREI;8;13821;JOAO FELICIANO;China;1
ESTADUAL - SE;JACAREI;JACAREI;JACAREI;8;13821;JOAO FELICIANO;Haiti;1
ESTADUAL - SE;JACAREI;JACAREI;JACAREI;8;13821;JOAO FELICIANO;Japão;2
ESTADUAL - SE;JACAREI;JACAREI;JACAREI;8;13821;JOAO FELICIANO;Paraguai;1
ESTADUAL - SE;JACAREI;JACAREI;JACAREI;8;13821;JOAO FELICIANO;Portugal;1
ESTADUAL - SE;JACAREI;JACAREI;JACAREI;8;36341;FRANCISCO FELICIANO FERREIRA DA SILVA PROF CHICO FERREIRA;Estados Unidos da América;1
ESTADUAL - SE;JACAREI;JACAREI;JACAREI;8;36341;FRANCISCO FELICIANO FERREIRA DA SILVA PROF CHICO FERREIRA;México;1
ESTADUAL - SE;JACAREI;JACAREI;JACAREI;8;39597;BENEDITA FREIRE DE MACEDO DONA;Palestina;1
ESTADUAL - SE;JACAREI;JACAREI;JACAREI;8;39639;OLIVIA DO AMARAL SANTOS CANETTIERI PROFA;Portugal;1
ESTADUAL - SE;JACAREI;JACAREI;JACAREI;8;42286;ADHERBAL DE CASTRO PROF;Colômbia;2
ESTADUAL - SE;JACAREI;JACAREI;JACAREI;8;42286;ADHERBAL DE CASTRO PROF;Haiti;1
ESTADUAL - SE;JACAREI;JACAREI;JACAREI;8;42286;ADHERBAL DE CASTRO PROF;Japão;2
ESTADUAL - SE;JACAREI;JACAREI;JACAREI;8;42286;ADHERBAL DE CASTRO PROF;Portugal;1
ESTADUAL - SE;JACAREI;JACAREI;JACAREI;8;42286;ADHERBAL DE CASTRO PROF;Venezuela;1
ESTADUAL - SE;JACAREI;JACAREI;JACAREI;8;45433;MARIA HELENA DENIS FIGUEIREDO PROFA;Portugal;1
ESTADUAL - SE;JACAREI;JACAREI;JACAREI;8;49232;JOAO VICTOR LAMANNA DR;Estados Unidos da América;2
ESTADUAL - SE;JACAREI;JACAREI;JACAREI;8;49232;JOAO VICTOR LAMANNA DR;Japão;1
ESTADUAL - SE;JACAREI;JACAREI;JACAREI;8;49256;JOAO CRUZ PROF;Japão;1
ESTADUAL - SE;JACAREI;JACAREI;JACAREI;8;127292;AMANCIA DIAS SAMPAIO PROFA;Japão;2
ESTADUAL - SE;JACAREI;JACAREI;JACAREI;8;901465;ANTONIO MARTINS DA SILVA PROF;Portugal;1
ESTADUAL - SE;JACAREI;SANTA ISABEL;SANTA ISABEL;8;6555;MARIA SANTOS BAIRAO PROFA;Estados Unidos da América;1
ESTADUAL - SE;JACAREI;SANTA ISABEL;SANTA ISABEL;8;6555;MARIA SANTOS BAIRAO PROFA;Venezuela;1
ESTADUAL - SE;JACAREI;SANTA ISABEL;SANTA ISABEL;8;38386;HYEROCLIO ELOY PESSOA BARROS;Japão;1
ESTADUAL - SE;JACAREI;SAO SILVESTRE DE JACAREI;JACAREI;8;13845;ANTONIO JOSE DE SIQUEIRA PROF;Espanha;1
ESTADUAL - SE;JALES;JALES;JALES;6;985715;CEL JTO A EE DOM ARTUR HORSTHUIS;Portugal;2
ESTADUAL - SE;JALES;JALES;JALES;8;27145;EUPHLY JALLES DOUTOR;Japão;1
ESTADUAL - SE;JALES;PARANAPUA;PARANAPUA;8;27194;JOSE RIBEIRO PREFEITO;Japão;3
ESTADUAL - SE;JALES;PONTALINDA;PONTALINDA;8;27182;ZELIA DE LOURDES ZACCARELLI LOPES PROFESSORA;Portugal;2
ESTADUAL - SE;JALES;RUBINEIA;RUBINEIA;8;28381;RUBENS DE OLIVEIRA CAMARGO ESCOLA ESTADUAL;Bolívia;4
ESTADUAL - SE;JALES;SANTA ALBERTINA;SANTA ALBERTINA;8;27112;CARLOS CELSO LENARDUZZI;Japão;1
ESTADUAL - SE;JALES;SANTA RITA D'OESTE;SANTA RITA D'OESTE;8;28289;MARIA DAS DORES FERREIRA DA ROCHA PROFESSORA;Japão;1
ESTADUAL - SE;JALES;SAO FRANCISCO;SAO FRANCISCO;8;27066;OSCAR ANTONIO DA COSTA;Cuba;1
ESTADUAL - SE;JALES;URANIA;URANIA;8;27248;AKIO SATORU PROFESSOR;Japão;3
ESTADUAL - SE;JAU;BARRA BONITA;BARRA BONITA;8;25975;GERALDO PEREIRA DE BARROS DOUTOR;Espanha;1
ESTADUAL - SE;JAU;BROTAS;BROTAS;8;21805;DINAH LUCIA BALESTRERO PROFESSORA;Estados Unidos da América;1
ESTADUAL - SE;JAU;DOIS CORREGOS;DOIS CORREGOS;8;901027;BENEDITO DOS SANTOS GUERREIRO;Colômbia;1
ESTADUAL - SE;JAU;ITAJU;ITAJU;8;25773;ERASTO CASTANHO DE ANDRADE PROFESSOR;Portugal;1
ESTADUAL - SE;JAU;JAU;JAU;8;25636;TULLIO ESPINDOLA DE CASTRO PROFESSOR;Japão;1
ESTADUAL - SE;JAU;JAU;JAU;8;25636;TULLIO ESPINDOLA DE CASTRO PROFESSOR;Paraguai;1
ESTADUAL - SE;JAU;JAU;JAU;8;25835;DOMINGOS DE MAGALHAES DOUTOR;Japão;1
ESTADUAL - SE;JAU;JAU;JAU;8;25847;LOPES RODRIGUES DOUTOR;Colômbia;1
ESTADUAL - SE;JAU;JAU;JAU;8;900023;ALVARO FRAGA MOREIRA;Itália;1
ESTADUAL - SE;JAU;JAU;JAU;8;900023;ALVARO FRAGA MOREIRA;Venezuela;1
ESTADUAL - SE;JAU;MINEIROS DO TIETE;MINEIROS DO TIETE;8;25653;ANTONIO FERRAZ;Venezuela;5
ESTADUAL - SE;JAU;PEDERNEIRAS;PEDERNEIRAS;8;25665;ANCHIETA;Venezuela;5
ESTADUAL - SE;JAU;PEDERNEIRAS;PEDERNEIRAS;8;911069;DINAH DE MORAES E SEIXAS PROFESSORA;Venezuela;1
ESTADUAL - SE;JOSE BONIFACIO;JOSE BONIFACIO;JOSE BONIFACIO;8;906116;ARISTIDES PEREIRA FILHO PROFESSOR;Bolívia;2
ESTADUAL - SE;JOSE BONIFACIO;MIRASSOL;MIRASSOL;6;985375;CEL JTO A EE GENARO DOMARCO;Bolívia;6
ESTADUAL - SE;JOSE BONIFACIO;MIRASSOL;MIRASSOL;8;28472;EDMUR NEVES PROFESSOR;Bolívia;1
ESTADUAL - SE;JOSE BONIFACIO;MIRASSOL;MIRASSOL;8;28800;GENARO DOMARCO;Bolívia;8
ESTADUAL - SE;JOSE BONIFACIO;MIRASSOL;MIRASSOL;8;28812;ANISIO JOSE MOREIRA;Bolívia;1
ESTADUAL - SE;JOSE BONIFACIO;NOVA ALIANCA;NOVA ALIANCA;8;27397;GABRIEL COZZETTO;México;1
ESTADUAL - SE;JOSE BONIFACIO;SALES;SALES;8;27960;MARIA CARDOSO CASTILHO;Itália;2
ESTADUAL - SE;JOSE BONIFACIO;SALES;SALES;8;27960;MARIA CARDOSO CASTILHO;Japão;1
ESTADUAL - SE;JOSE BONIFACIO;ZACARIAS;ZACARIAS;8;27418;ANTONIO TEIXEIRA DOS SANTOS;Japão;1
ESTADUAL - SE;JUNDIAI;CAMPO LIMPO PAULISTA;CAMPO LIMPO PAULISTA;8;19823;QUINZE DE OUTUBRO;Colômbia;1
ESTADUAL - SE;JUNDIAI;CAMPO LIMPO PAULISTA;CAMPO LIMPO PAULISTA;8;19823;QUINZE DE OUTUBRO;Haiti;1
ESTADUAL - SE;JUNDIAI;CAMPO LIMPO PAULISTA;CAMPO LIMPO PAULISTA;8;19896;ELZA FACCA MARTINS BONILHA PROFESSORA;Japão;1
ESTADUAL - SE;JUNDIAI;CAMPO LIMPO PAULISTA;CAMPO LIMPO PAULISTA;8;36080;MARIO PEREIRA PINTO;Haiti;1
ESTADUAL - SE;JUNDIAI;CAMPO LIMPO PAULISTA;CAMPO LIMPO PAULISTA;8;910594;VICTOR GERALDO SIMONSEN;Estados Unidos da América;1
ESTADUAL - SE;JUNDIAI;CAMPO LIMPO PAULISTA;CAMPO LIMPO PAULISTA;8;910594;VICTOR GERALDO SIMONSEN;Haiti;1
ESTADUAL - SE;JUNDIAI;ITATIBA;ITATIBA;8;19604;IVONY DE CAMARGO SALLES PROFESSORA;Paraguai;1
ESTADUAL - SE;JUNDIAI;ITATIBA;ITATIBA;8;19677;MANUEL EUCLIDES DE BRITO;Estados Unidos da América;1
ESTADUAL - SE;JUNDIAI;ITATIBA;ITATIBA;8;19677;MANUEL EUCLIDES DE BRITO;Haiti;2
ESTADUAL - SE;JUNDIAI;ITATIBA;ITATIBA;8;49499;ANTONIO DUTRA PROFESSOR;África do Sul;1
ESTADUAL - SE;JUNDIAI;ITATIBA;ITATIBA;8;901192;OSCARLINA DE ARAUJO OLIVEIRA PROFESSORA;Paraguai;1
ESTADUAL - SE;JUNDIAI;ITUPEVA;ITUPEVA;8;19653;MANOEL JOSE DA FONSECA;Bolívia;2
ESTADUAL - SE;JUNDIAI;ITUPEVA;ITUPEVA;8;19653;MANOEL JOSE DA FONSECA;Haiti;2
ESTADUAL - SE;JUNDIAI;ITUPEVA;ITUPEVA;8;19665;JOSE POLLI;Peru;1
ESTADUAL - SE;JUNDIAI;ITUPEVA;ITUPEVA;8;19665;JOSE POLLI;Venezuela;1
ESTADUAL - SE;JUNDIAI;ITUPEVA;ITUPEVA;8;909488;JOSE DE ANCHIETA PADRE;Haiti;1
ESTADUAL - SE;JUNDIAI;ITUPEVA;ITUPEVA;8;910521;ARTHUR RICCI MONSENHOR DOUTOR;Haiti;1
ESTADUAL - SE;JUNDIAI;ITUPEVA;ITUPEVA;8;915609;PROFESSOR MARCIO BORGES MACHADO;Venezuela;2
ESTADUAL - SE;JUNDIAI;JARINU;JARINU;8;19860;JERONIMO DE CAMARGO;Haiti;1
ESTADUAL - SE;JUNDIAI;JARINU;JARINU;8;19860;JERONIMO DE CAMARGO;Japão;2
ESTADUAL - SE;JUNDIAI;JARINU;JARINU;8;910533;ORLANDO MAURICIO ZAMBOTTO;Japão;1
ESTADUAL - SE;JUNDIAI;JARINU;JARINU;8;919305;DUILIO MAZIERO;Haiti;1
ESTADUAL - SE;JUNDIAI;JUNDIAI;JUNDIAI;6;985797;CEL JTO A EE MARIA DE LOURDES FRANCA SILVEIRA PROFESSORA;Dominicana, República;2
ESTADUAL - SE;JUNDIAI;JUNDIAI;JUNDIAI;6;985797;CEL JTO A EE MARIA DE LOURDES FRANCA SILVEIRA PROFESSORA;Haiti;4
ESTADUAL - SE;JUNDIAI;JUNDIAI;JUNDIAI;6;985797;CEL JTO A EE MARIA DE LOURDES FRANCA SILVEIRA PROFESSORA;Paraguai;4
ESTADUAL - SE;JUNDIAI;JUNDIAI;JUNDIAI;8;19379;FRANCISCO NAPOLEAO MAIA PROFESSOR;Colômbia;1
ESTADUAL - SE;JUNDIAI;JUNDIAI;JUNDIAI;8;19379;FRANCISCO NAPOLEAO MAIA PROFESSOR;Palestina;1
ESTADUAL - SE;JUNDIAI;JUNDIAI;JUNDIAI;8;19409;CECILIA ROLEMBERG PORTO GUELLI PROFESSORA;Venezuela;2
ESTADUAL - SE;JUNDIAI;JUNDIAI;JUNDIAI;8;19434;JOSE SILVA JUNIOR PROFESSOR;Venezuela;1
ESTADUAL - SE;JUNDIAI;JUNDIAI;JUNDIAI;8;19446;PROFESSORA MARIA DE LOURDES DE FRANCA SILVEIRA;Dominicana, República;1
ESTADUAL - SE;JUNDIAI;JUNDIAI;JUNDIAI;8;19446;PROFESSORA MARIA DE LOURDES DE FRANCA SILVEIRA;Espanha;1
ESTADUAL - SE;JUNDIAI;JUNDIAI;JUNDIAI;8;19446;PROFESSORA MARIA DE LOURDES DE FRANCA SILVEIRA;Haiti;15
ESTADUAL - SE;JUNDIAI;JUNDIAI;JUNDIAI;8;19446;PROFESSORA MARIA DE LOURDES DE FRANCA SILVEIRA;Líbano;2
ESTADUAL - SE;JUNDIAI;JUNDIAI;JUNDIAI;8;19501;GABRIEL PAULINO BUENO COUTO BISPO DOM;Argentina;1
ESTADUAL - SE;JUNDIAI;JUNDIAI;JUNDIAI;8;19501;GABRIEL PAULINO BUENO COUTO BISPO DOM;Colômbia;2
ESTADUAL - SE;JUNDIAI;JUNDIAI;JUNDIAI;8;19501;GABRIEL PAULINO BUENO COUTO BISPO DOM;Venezuela;1
ESTADUAL - SE;JUNDIAI;JUNDIAI;JUNDIAI;8;19537;ANTENOR SOARES GANDRA DOUTOR;Venezuela;2
ESTADUAL - SE;JUNDIAI;JUNDIAI;JUNDIAI;8;19550;ANA PINTO DUARTE PAES PROFESSORA;Uruguai;2
ESTADUAL - SE;JUNDIAI;JUNDIAI;JUNDIAI;8;19690;BENEDITA ARRUDA PROFESSORA;Haiti;1
ESTADUAL - SE;JUNDIAI;JUNDIAI;JUNDIAI;8;19719;SIQUEIRA DE MORAES CORONEL;Arábia Saudita;2
ESTADUAL - SE;JUNDIAI;JUNDIAI;JUNDIAI;8;19719;SIQUEIRA DE MORAES CORONEL;China;1
ESTADUAL - SE;JUNDIAI;JUNDIAI;JUNDIAI;8;19719;SIQUEIRA DE MORAES CORONEL;Colômbia;3
ESTADUAL - SE;JUNDIAI;JUNDIAI;JUNDIAI;8;19719;SIQUEIRA DE MORAES CORONEL;Palestina;1
ESTADUAL - SE;JUNDIAI;JUNDIAI;JUNDIAI;8;19720;CONDE DO PARNAIBA;Estados Unidos da América;1
ESTADUAL - SE;JUNDIAI;JUNDIAI;JUNDIAI;8;19732;BARAO DE JUNDIAI;Haiti;1
ESTADUAL - SE;JUNDIAI;JUNDIAI;JUNDIAI;8;19768;PAULO MENDES SILVA;Haiti;3
ESTADUAL - SE;JUNDIAI;JUNDIAI;JUNDIAI;8;19768;PAULO MENDES SILVA;Reino Unido da Grã-Bretanha e Irlanda do Norte;1
ESTADUAL - SE;JUNDIAI;JUNDIAI;JUNDIAI;8;19768;PAULO MENDES SILVA;Venezuela;1
ESTADUAL - SE;JUNDIAI;JUNDIAI;JUNDIAI;8;19781;RAFAEL MAURO DOUTOR;Venezuela;1
ESTADUAL - SE;JUNDIAI;JUNDIAI;JUNDIAI;8;19835;ALBERTINA FORTAREL PROFESSORA;Japão;2
ESTADUAL - SE;JUNDIAI;JUNDIAI;JUNDIAI;8;19835;ALBERTINA FORTAREL PROFESSORA;Portugal;2
ESTADUAL - SE;JUNDIAI;JUNDIAI;JUNDIAI;8;19835;ALBERTINA FORTAREL PROFESSORA;Venezuela;2
ESTADUAL - SE;JUNDIAI;JUNDIAI;JUNDIAI;8;19872;GETULIO NOGUEIRA DE SA PROFESSOR;Chile;1
ESTADUAL - SE;JUNDIAI;JUNDIAI;JUNDIAI;8;36006;JOAO BATISTA CURADO PROFESSOR;Venezuela;2
ESTADUAL - SE;JUNDIAI;JUNDIAI;JUNDIAI;8;39962;ADIB MIGUEL HADDAD;Guiana;1
ESTADUAL - SE;JUNDIAI;JUNDIAI;JUNDIAI;8;39962;ADIB MIGUEL HADDAD;Paraguai;2
ESTADUAL - SE;JUNDIAI;JUNDIAI;JUNDIAI;8;40885;JOCENY VILLELA CURADO PROFESSORA;Venezuela;1
ESTADUAL - SE;JUNDIAI;JUNDIAI;JUNDIAI;8;42705;MARIA JOSE MAIA DE TOLEDO PROFA;Haiti;2
ESTADUAL - SE;JUNDIAI;JUNDIAI;JUNDIAI;8;349124;BAIRRO FAZENDA GRANDE;Bolívia;1
ESTADUAL - SE;JUNDIAI;JUNDIAI;JUNDIAI;8;435119;ALESSANDRA CRISTINA RODRIGUES DE O PEZZATO PROFA;Haiti;3
ESTADUAL - SE;JUNDIAI;JUNDIAI;JUNDIAI;8;909506;MARIA DE ALMEIDA SCHLEDORN PROFESSORA;Estados Unidos da América;1
ESTADUAL - SE;JUNDIAI;JUNDIAI;JUNDIAI;8;925020;JOAQUIM JUSTINO CARREIRA;Angola;2
ESTADUAL - SE;JUNDIAI;LOUVEIRA;LOUVEIRA;8;901271;ODILON LEITE FERRAZ;Haiti;3
ESTADUAL - SE;JUNDIAI;VARZEA PAULISTA;VARZEA PAULISTA;8;19495;NATHANAEL SILVA PROFESSOR;Haiti;4
ESTADUAL - SE;JUNDIAI;VARZEA PAULISTA;VARZEA PAULISTA;8;47259;ARMANDO DIAS;Haiti;3
ESTADUAL - SE;JUNDIAI;VARZEA PAULISTA;VARZEA PAULISTA;8;47259;ARMANDO DIAS;Portugal;1
ESTADUAL - SE;JUNDIAI;VARZEA PAULISTA;VARZEA PAULISTA;8;49505;MITIHARU TANAKA;Venezuela;1
ESTADUAL - SE;JUNDIAI;VARZEA PAULISTA;VARZEA PAULISTA;8;900588;HAMILTON JOSE BIANCHI MONSENHOR;Peru;1
ESTADUAL - SE;JUNDIAI;VARZEA PAULISTA;VARZEA PAULISTA;8;919299;MARCOS ALEXANDRE SODRE PROFESSOR;Bolívia;1
ESTADUAL - SE;LESTE 1;CANGAIBA;SAO PAULO;8;2707;VITAL FOGACA DE ALMEIDA DOUTOR;Angola;4
ESTADUAL - SE;LESTE 1;CANGAIBA;SAO PAULO;8;2707;VITAL FOGACA DE ALMEIDA DOUTOR;Argentina;2
ESTADUAL - SE;LESTE 1;CANGAIBA;SAO PAULO;8;2707;VITAL FOGACA DE ALMEIDA DOUTOR;Bolívia;27
ESTADUAL - SE;LESTE 1;CANGAIBA;SAO PAULO;8;2707;VITAL FOGACA DE ALMEIDA DOUTOR;Haiti;6
ESTADUAL - SE;LESTE 1;CANGAIBA;SAO PAULO;8;2707;VITAL FOGACA DE ALMEIDA DOUTOR;Moçambique;1
ESTADUAL - SE;LESTE 1;CANGAIBA;SAO PAULO;8;2707;VITAL FOGACA DE ALMEIDA DOUTOR;Paraguai;1
ESTADUAL - SE;LESTE 1;CANGAIBA;SAO PAULO;8;2707;VITAL FOGACA DE ALMEIDA DOUTOR;Peru;2
ESTADUAL - SE;LESTE 1;CANGAIBA;SAO PAULO;8;2719;CAETANO MIELE PROFESSOR;Angola;3
ESTADUAL - SE;LESTE 1;CANGAIBA;SAO PAULO;8;2719;CAETANO MIELE PROFESSOR;Bolívia;36
ESTADUAL - SE;LESTE 1;CANGAIBA;SAO PAULO;8;2719;CAETANO MIELE PROFESSOR;Venezuela;2
ESTADUAL - SE;LESTE 1;CANGAIBA;SAO PAULO;8;2720;ANNITA GUASTINI EIRAS PROFESSORA;Angola;5
ESTADUAL - SE;LESTE 1;CANGAIBA;SAO PAULO;8;2720;ANNITA GUASTINI EIRAS PROFESSORA;Argentina;2
ESTADUAL - SE;LESTE 1;CANGAIBA;SAO PAULO;8;2720;ANNITA GUASTINI EIRAS PROFESSORA;Bolívia;33
ESTADUAL - SE;LESTE 1;CANGAIBA;SAO PAULO;8;2720;ANNITA GUASTINI EIRAS PROFESSORA;Haiti;10
ESTADUAL - SE;LESTE 1;CANGAIBA;SAO PAULO;8;2720;ANNITA GUASTINI EIRAS PROFESSORA;Peru;2
ESTADUAL - SE;LESTE 1;CANGAIBA;SAO PAULO;8;2732;IRENE BRANCO DA SILVA PROFESSORA;Bolívia;12
ESTADUAL - SE;LESTE 1;CANGAIBA;SAO PAULO;8;2732;IRENE BRANCO DA SILVA PROFESSORA;Japão;1
ESTADUAL - SE;LESTE 1;CANGAIBA;SAO PAULO;8;2732;IRENE BRANCO DA SILVA PROFESSORA;Venezuela;1
ESTADUAL - SE;LESTE 1;CANGAIBA;SAO PAULO;8;2768;VALACE MARQUES PROFESSOR;Argentina;2
ESTADUAL - SE;LESTE 1;CANGAIBA;SAO PAULO;8;2768;VALACE MARQUES PROFESSOR;Bolívia;28
ESTADUAL - SE;LESTE 1;CANGAIBA;SAO PAULO;8;2768;VALACE MARQUES PROFESSOR;Paraguai;1
ESTADUAL - SE;LESTE 1;CANGAIBA;SAO PAULO;8;2768;VALACE MARQUES PROFESSOR;Reino Unido da Grã-Bretanha e Irlanda do Norte;1
ESTADUAL - SE;LESTE 1;CANGAIBA;SAO PAULO;8;2793;REPUBLICA DO URUGUAI;Angola;1
ESTADUAL - SE;LESTE 1;CANGAIBA;SAO PAULO;8;2793;REPUBLICA DO URUGUAI;Arménia;1
ESTADUAL - SE;LESTE 1;CANGAIBA;SAO PAULO;8;2793;REPUBLICA DO URUGUAI;Bolívia;29
ESTADUAL - SE;LESTE 1;CANGAIBA;SAO PAULO;8;2793;REPUBLICA DO URUGUAI;México;1
ESTADUAL - SE;LESTE 1;CANGAIBA;SAO PAULO;8;2793;REPUBLICA DO URUGUAI;Peru;1
ESTADUAL - SE;LESTE 1;CANGAIBA;SAO PAULO;8;2847;MIGUEL DE CERVANTES Y SAAVEDRA DOM;Bolívia;8
ESTADUAL - SE;LESTE 1;CANGAIBA;SAO PAULO;8;2847;MIGUEL DE CERVANTES Y SAAVEDRA DOM;Chile;1
ESTADUAL - SE;LESTE 1;CANGAIBA;SAO PAULO;8;36754;MIGUEL KRUSE DOM;Argentina;1
ESTADUAL - SE;LESTE 1;CANGAIBA;SAO PAULO;8;36754;MIGUEL KRUSE DOM;Bolívia;34
ESTADUAL - SE;LESTE 1;CANGAIBA;SAO PAULO;8;36754;MIGUEL KRUSE DOM;Guiné-Conacri;1
ESTADUAL - SE;LESTE 1;CANGAIBA;SAO PAULO;8;36754;MIGUEL KRUSE DOM;Paraguai;1
ESTADUAL - SE;LESTE 1;CANGAIBA;SAO PAULO;8;36754;MIGUEL KRUSE DOM;Venezuela;1
ESTADUAL - SE;LESTE 1;CANGAIBA;SAO PAULO;8;37000;ANNE FRANK;Angola;25
ESTADUAL - SE;LESTE 1;CANGAIBA;SAO PAULO;8;37000;ANNE FRANK;Bélgica;2
ESTADUAL - SE;LESTE 1;CANGAIBA;SAO PAULO;8;37000;ANNE FRANK;Bolívia;7
ESTADUAL - SE;LESTE 1;CANGAIBA;SAO PAULO;8;37000;ANNE FRANK;Haiti;10
ESTADUAL - SE;LESTE 1;CANGAIBA;SAO PAULO;8;37000;ANNE FRANK;Venezuela;3
ESTADUAL - SE;LESTE 1;CANGAIBA;SAO PAULO;8;37011;GERALDO CAMPOS MOREIRA PROFESSOR DOUTOR;Argentina;1
ESTADUAL - SE;LESTE 1;CANGAIBA;SAO PAULO;8;37011;GERALDO CAMPOS MOREIRA PROFESSOR DOUTOR;Bolívia;7
ESTADUAL - SE;LESTE 1;CANGAIBA;SAO PAULO;8;37011;GERALDO CAMPOS MOREIRA PROFESSOR DOUTOR;Colômbia;1
ESTADUAL - SE;LESTE 1;CANGAIBA;SAO PAULO;8;37011;GERALDO CAMPOS MOREIRA PROFESSOR DOUTOR;Estados Unidos da América;1
ESTADUAL - SE;LESTE 1;CANGAIBA;SAO PAULO;8;37011;GERALDO CAMPOS MOREIRA PROFESSOR DOUTOR;Haiti;1
ESTADUAL - SE;LESTE 1;CANGAIBA;SAO PAULO;8;37011;GERALDO CAMPOS MOREIRA PROFESSOR DOUTOR;Síria;3
ESTADUAL - SE;LESTE 1;CANGAIBA;SAO PAULO;8;40988;MARIA AUGUSTA CORREA PROFESSORA;África do Sul;1
ESTADUAL - SE;LESTE 1;CANGAIBA;SAO PAULO;8;40988;MARIA AUGUSTA CORREA PROFESSORA;Angola;2
ESTADUAL - SE;LESTE 1;CANGAIBA;SAO PAULO;8;40988;MARIA AUGUSTA CORREA PROFESSORA;Argentina;2
ESTADUAL - SE;LESTE 1;CANGAIBA;SAO PAULO;8;40988;MARIA AUGUSTA CORREA PROFESSORA;Bolívia;62
ESTADUAL - SE;LESTE 1;CANGAIBA;SAO PAULO;8;40988;MARIA AUGUSTA CORREA PROFESSORA;Bósnia-Herzegovina;1
ESTADUAL - SE;LESTE 1;CANGAIBA;SAO PAULO;8;40988;MARIA AUGUSTA CORREA PROFESSORA;Espanha;1
ESTADUAL - SE;LESTE 1;CANGAIBA;SAO PAULO;8;40988;MARIA AUGUSTA CORREA PROFESSORA;Haiti;8
ESTADUAL - SE;LESTE 1;CANGAIBA;SAO PAULO;8;40988;MARIA AUGUSTA CORREA PROFESSORA;Peru;5
ESTADUAL - SE;LESTE 1;CANGAIBA;SAO PAULO;8;46280;MARIA APARECIDA MACHADO JULIANELLI;Angola;1
ESTADUAL - SE;LESTE 1;CANGAIBA;SAO PAULO;8;46280;MARIA APARECIDA MACHADO JULIANELLI;Argentina;1
ESTADUAL - SE;LESTE 1;CANGAIBA;SAO PAULO;8;46280;MARIA APARECIDA MACHADO JULIANELLI;Arménia;1
ESTADUAL - SE;LESTE 1;CANGAIBA;SAO PAULO;8;46280;MARIA APARECIDA MACHADO JULIANELLI;Bolívia;36
ESTADUAL - SE;LESTE 1;CANGAIBA;SAO PAULO;8;46280;MARIA APARECIDA MACHADO JULIANELLI;México;1
ESTADUAL - SE;LESTE 1;CANGAIBA;SAO PAULO;8;902248;ANNA PONTES TOLEDO NATALI PROFESSORA;Bolívia;4
ESTADUAL - SE;LESTE 1;CANGAIBA;SAO PAULO;8;909038;LAERTE PANIGHEL PROFESSOR;Bolívia;21
ESTADUAL - SE;LESTE 1;CANGAIBA;SAO PAULO;8;909048;VICTORIO NAPOLEAO OLIANI PROFESSOR;Bolívia;4
ESTADUAL - SE;LESTE 1;CANGAIBA;SAO PAULO;8;909048;VICTORIO NAPOLEAO OLIANI PROFESSOR;Paraguai;1
ESTADUAL - SE;LESTE 1;CANGAIBA;SAO PAULO;8;924246;REPUBLICA DO HAITI;Bolívia;4
ESTADUAL - SE;LESTE 1;CANGAIBA;SAO PAULO;8;924246;REPUBLICA DO HAITI;Colômbia;1
ESTADUAL - SE;LESTE 1;CANGAIBA;SAO PAULO;8;924246;REPUBLICA DO HAITI;Paraguai;1
ESTADUAL - SE;LESTE 1;ERMELINO MATARAZZO;SAO PAULO;6;985065;CEL JTO A EE ERMELINO MATARAZZO;Bolívia;3
ESTADUAL - SE;LESTE 1;ERMELINO MATARAZZO;SAO PAULO;6;985065;CEL JTO A EE ERMELINO MATARAZZO;Checa, República;1
ESTADUAL - SE;LESTE 1;ERMELINO MATARAZZO;SAO PAULO;6;985065;CEL JTO A EE ERMELINO MATARAZZO;Espanha;1
ESTADUAL - SE;LESTE 1;ERMELINO MATARAZZO;SAO PAULO;6;985065;CEL JTO A EE ERMELINO MATARAZZO;Peru;2
ESTADUAL - SE;LESTE 1;ERMELINO MATARAZZO;SAO PAULO;6;985065;CEL JTO A EE ERMELINO MATARAZZO;Venezuela;3
ESTADUAL - SE;LESTE 1;ERMELINO MATARAZZO;SAO PAULO;8;2744;FILOMENA MATARAZZO CONDESSA;Bolívia;4
ESTADUAL - SE;LESTE 1;ERMELINO MATARAZZO;SAO PAULO;8;2756;EUNICE LAUREANO DA SILVA PROFESSORA;Bolívia;4
ESTADUAL - SE;LESTE 1;ERMELINO MATARAZZO;SAO PAULO;8;2756;EUNICE LAUREANO DA SILVA PROFESSORA;Peru;2
ESTADUAL - SE;LESTE 1;ERMELINO MATARAZZO;SAO PAULO;8;2773;BENEDITA DE REZENDE PROFESSORA;Bolívia;13
ESTADUAL - SE;LESTE 1;ERMELINO MATARAZZO;SAO PAULO;8;2773;BENEDITA DE REZENDE PROFESSORA;Haiti;7
ESTADUAL - SE;LESTE 1;ERMELINO MATARAZZO;SAO PAULO;8;2773;BENEDITA DE REZENDE PROFESSORA;Paraguai;1
ESTADUAL - SE;LESTE 1;ERMELINO MATARAZZO;SAO PAULO;8;2773;BENEDITA DE REZENDE PROFESSORA;Peru;1
ESTADUAL - SE;LESTE 1;ERMELINO MATARAZZO;SAO PAULO;8;2773;BENEDITA DE REZENDE PROFESSORA;Venezuela;5
ESTADUAL - SE;LESTE 1;ERMELINO MATARAZZO;SAO PAULO;8;2835;ERMELINO MATARAZZO;Bolívia;12
ESTADUAL - SE;LESTE 1;ERMELINO MATARAZZO;SAO PAULO;8;2835;ERMELINO MATARAZZO;Haiti;2
ESTADUAL - SE;LESTE 1;ERMELINO MATARAZZO;SAO PAULO;8;2835;ERMELINO MATARAZZO;Peru;1
ESTADUAL - SE;LESTE 1;ERMELINO MATARAZZO;SAO PAULO;8;36766;FRANCISCO MESQUITA JORNALISTA;Bolívia;20
ESTADUAL - SE;LESTE 1;ERMELINO MATARAZZO;SAO PAULO;8;36766;FRANCISCO MESQUITA JORNALISTA;Haiti;3
ESTADUAL - SE;LESTE 1;ERMELINO MATARAZZO;SAO PAULO;8;36766;FRANCISCO MESQUITA JORNALISTA;Peru;1
ESTADUAL - SE;LESTE 1;ERMELINO MATARAZZO;SAO PAULO;8;36766;FRANCISCO MESQUITA JORNALISTA;Venezuela;4
ESTADUAL - SE;LESTE 1;ERMELINO MATARAZZO;SAO PAULO;8;39238;LUCIO DE CARVALHO MARQUES PROFESSOR;Argentina;1
ESTADUAL - SE;LESTE 1;ERMELINO MATARAZZO;SAO PAULO;8;39238;LUCIO DE CARVALHO MARQUES PROFESSOR;Bolívia;7
ESTADUAL - SE;LESTE 1;ERMELINO MATARAZZO;SAO PAULO;8;39238;LUCIO DE CARVALHO MARQUES PROFESSOR;Nigéria;1
ESTADUAL - SE;LESTE 1;ERMELINO MATARAZZO;SAO PAULO;8;39238;LUCIO DE CARVALHO MARQUES PROFESSOR;Portugal;1
ESTADUAL - SE;LESTE 1;ERMELINO MATARAZZO;SAO PAULO;8;40964;LEONOR RENDESI PROFESSORA;Angola;1
ESTADUAL - SE;LESTE 1;ERMELINO MATARAZZO;SAO PAULO;8;40964;LEONOR RENDESI PROFESSORA;Bolívia;5
ESTADUAL - SE;LESTE 1;ERMELINO MATARAZZO;SAO PAULO;8;40964;LEONOR RENDESI PROFESSORA;Peru;1
ESTADUAL - SE;LESTE 1;ERMELINO MATARAZZO;SAO PAULO;8;40976;PEDRO DE ALCANTARA MARCONDES MACHADO PROFESSOR;Bolívia;5
ESTADUAL - SE;LESTE 1;ERMELINO MATARAZZO;SAO PAULO;8;40976;PEDRO DE ALCANTARA MARCONDES MACHADO PROFESSOR;Venezuela;4
ESTADUAL - SE;LESTE 1;ERMELINO MATARAZZO;SAO PAULO;8;904569;JOAQUIM TORRES SANTIAGO PROFESSOR;Angola;1
ESTADUAL - SE;LESTE 1;ERMELINO MATARAZZO;SAO PAULO;8;904569;JOAQUIM TORRES SANTIAGO PROFESSOR;Bolívia;10
ESTADUAL - SE;LESTE 1;ERMELINO MATARAZZO;SAO PAULO;8;904569;JOAQUIM TORRES SANTIAGO PROFESSOR;Haiti;2
ESTADUAL - SE;LESTE 1;ERMELINO MATARAZZO;SAO PAULO;8;904569;JOAQUIM TORRES SANTIAGO PROFESSOR;Peru;2
ESTADUAL - SE;LESTE 1;ERMELINO MATARAZZO;SAO PAULO;8;910843;THEREZINHA ARANHA MANTELLI;Bolívia;14
ESTADUAL - SE;LESTE 1;ERMELINO MATARAZZO;SAO PAULO;8;913649;UMBERTO CONTE CHECCHIA PROFESSOR;Bolívia;4
ESTADUAL - SE;LESTE 1;ERMELINO MATARAZZO;SAO PAULO;8;924258;PARQUE ECOLOGICO;Estados Unidos da América;1
ESTADUAL - SE;LESTE 1;ERMELINO MATARAZZO;SAO PAULO;8;924374;ANNETTE MARLENE FERNANDES DE MELLO IRMA;Bolívia;2
ESTADUAL - SE;LESTE 1;ERMELINO MATARAZZO;SAO PAULO;8;924374;ANNETTE MARLENE FERNANDES DE MELLO IRMA;Haiti;21
ESTADUAL - SE;LESTE 1;ITAQUERA;SAO PAULO;8;2896;GALILEO EMENDABILI ESCULTOR;Angola;1
ESTADUAL - SE;LESTE 1;ITAQUERA;SAO PAULO;8;2975;MARIO REYS COMENDADOR;Haiti;4
ESTADUAL - SE;LESTE 1;ITAQUERA;SAO PAULO;8;3062;EMILIA DE PAIVA MEIRA PROFESSORA;Haiti;1
ESTADUAL - SE;LESTE 1;ITAQUERA;SAO PAULO;8;3074;GERALDO DOMINGOS CORTEZ PROFESSOR;Angola;1
ESTADUAL - SE;LESTE 1;ITAQUERA;SAO PAULO;8;3074;GERALDO DOMINGOS CORTEZ PROFESSOR;Haiti;1
ESTADUAL - SE;LESTE 1;ITAQUERA;SAO PAULO;8;3074;GERALDO DOMINGOS CORTEZ PROFESSOR;Síria;2
ESTADUAL - SE;LESTE 1;ITAQUERA;SAO PAULO;8;3086;HELENA LOMBARDI BRAGA PROFESSORA;Angola;1
ESTADUAL - SE;LESTE 1;ITAQUERA;SAO PAULO;8;3086;HELENA LOMBARDI BRAGA PROFESSORA;Bolívia;1
ESTADUAL - SE;LESTE 1;ITAQUERA;SAO PAULO;8;3116;APPARECIDA RAHAL PROFESSORA;Bolívia;1
ESTADUAL - SE;LESTE 1;ITAQUERA;SAO PAULO;8;3116;APPARECIDA RAHAL PROFESSORA;Haiti;2
ESTADUAL - SE;LESTE 1;ITAQUERA;SAO PAULO;8;3190;ALVARES DE AZEVEDO;Marrocos;1
ESTADUAL - SE;LESTE 1;ITAQUERA;SAO PAULO;8;3207;MARIA CECILIA DA SILVA GROHMANN PROFESSORA;Angola;1
ESTADUAL - SE;LESTE 1;ITAQUERA;SAO PAULO;8;3207;MARIA CECILIA DA SILVA GROHMANN PROFESSORA;Argentina;1
ESTADUAL - SE;LESTE 1;ITAQUERA;SAO PAULO;8;3207;MARIA CECILIA DA SILVA GROHMANN PROFESSORA;Venezuela;2
ESTADUAL - SE;LESTE 1;ITAQUERA;SAO PAULO;8;3220;MILTON CRUZEIRO PROFESSOR;Angola;3
ESTADUAL - SE;LESTE 1;ITAQUERA;SAO PAULO;8;3220;MILTON CRUZEIRO PROFESSOR;Argentina;1
ESTADUAL - SE;LESTE 1;ITAQUERA;SAO PAULO;8;3220;MILTON CRUZEIRO PROFESSOR;Bolívia;4
ESTADUAL - SE;LESTE 1;ITAQUERA;SAO PAULO;8;3220;MILTON CRUZEIRO PROFESSOR;Dominicana, República;1
ESTADUAL - SE;LESTE 1;ITAQUERA;SAO PAULO;8;3220;MILTON CRUZEIRO PROFESSOR;Haiti;1
ESTADUAL - SE;LESTE 1;ITAQUERA;SAO PAULO;8;3220;MILTON CRUZEIRO PROFESSOR;Peru;1
ESTADUAL - SE;LESTE 1;ITAQUERA;SAO PAULO;8;3293;THALES CASTANHO DE ANDRADE PROFESSOR;Bolívia;1
ESTADUAL - SE;LESTE 1;ITAQUERA;SAO PAULO;8;3293;THALES CASTANHO DE ANDRADE PROFESSOR;Haiti;1
ESTADUAL - SE;LESTE 1;ITAQUERA;SAO PAULO;8;40320;CASSIO CIAMPOLINI DEPUTADO;Angola;5
ESTADUAL - SE;LESTE 1;ITAQUERA;SAO PAULO;8;40320;CASSIO CIAMPOLINI DEPUTADO;Bolívia;5
ESTADUAL - SE;LESTE 1;ITAQUERA;SAO PAULO;8;40320;CASSIO CIAMPOLINI DEPUTADO;Nigéria;1
ESTADUAL - SE;LESTE 1;ITAQUERA;SAO PAULO;8;46310;JULIO DINIS;Angola;1
ESTADUAL - SE;LESTE 1;ITAQUERA;SAO PAULO;8;46310;JULIO DINIS;Bolívia;1
ESTADUAL - SE;LESTE 1;ITAQUERA;SAO PAULO;8;46310;JULIO DINIS;Haiti;1
ESTADUAL - SE;LESTE 1;ITAQUERA;SAO PAULO;8;48689;RUTH CABRAL TRONCARELLI PROFESSORA;Angola;5
ESTADUAL - SE;LESTE 1;ITAQUERA;SAO PAULO;8;48689;RUTH CABRAL TRONCARELLI PROFESSORA;Congo, República do;5
ESTADUAL - SE;LESTE 1;ITAQUERA;SAO PAULO;8;48689;RUTH CABRAL TRONCARELLI PROFESSORA;Espanha;1
ESTADUAL - SE;LESTE 1;ITAQUERA;SAO PAULO;8;48689;RUTH CABRAL TRONCARELLI PROFESSORA;Haiti;4
ESTADUAL - SE;LESTE 1;ITAQUERA;SAO PAULO;8;902585;ELYSEU SIMOES MACHADO PROFESSOR;Angola;1
ESTADUAL - SE;LESTE 1;ITAQUERA;SAO PAULO;8;902585;ELYSEU SIMOES MACHADO PROFESSOR;Argentina;1
ESTADUAL - SE;LESTE 1;ITAQUERA;SAO PAULO;8;902585;ELYSEU SIMOES MACHADO PROFESSOR;Bolívia;2
ESTADUAL - SE;LESTE 1;ITAQUERA;SAO PAULO;8;902585;ELYSEU SIMOES MACHADO PROFESSOR;Venezuela;2
ESTADUAL - SE;LESTE 1;ITAQUERA;SAO PAULO;8;902846;SAID MURAD;Angola;4
ESTADUAL - SE;LESTE 1;ITAQUERA;SAO PAULO;8;902846;SAID MURAD;Bolívia;8
ESTADUAL - SE;LESTE 1;ITAQUERA;SAO PAULO;8;906955;EDSON LUIZ RIBEIRO LUZIA PROFESSOR;Angola;1
ESTADUAL - SE;LESTE 1;ITAQUERA;SAO PAULO;8;906955;EDSON LUIZ RIBEIRO LUZIA PROFESSOR;Bolívia;1
ESTADUAL - SE;LESTE 1;ITAQUERA;SAO PAULO;8;907005;NABIHA ABDALLA CHOHFI;Angola;18
ESTADUAL - SE;LESTE 1;ITAQUERA;SAO PAULO;8;907005;NABIHA ABDALLA CHOHFI;Argentina;2
ESTADUAL - SE;LESTE 1;ITAQUERA;SAO PAULO;8;907005;NABIHA ABDALLA CHOHFI;Bolívia;5
ESTADUAL - SE;LESTE 1;ITAQUERA;SAO PAULO;8;907005;NABIHA ABDALLA CHOHFI;China;1
ESTADUAL - SE;LESTE 1;ITAQUERA;SAO PAULO;8;907005;NABIHA ABDALLA CHOHFI;Congo, República do;2
ESTADUAL - SE;LESTE 1;ITAQUERA;SAO PAULO;8;907005;NABIHA ABDALLA CHOHFI;Costa do Marfim;2
ESTADUAL - SE;LESTE 1;ITAQUERA;SAO PAULO;8;907005;NABIHA ABDALLA CHOHFI;Haiti;1
ESTADUAL - SE;LESTE 1;ITAQUERA;SAO PAULO;8;911008;URBANO DE OLIVEIRA PINTO REV;Angola;1
ESTADUAL - SE;LESTE 1;ITAQUERA;SAO PAULO;8;911008;URBANO DE OLIVEIRA PINTO REV;Bolívia;5
ESTADUAL - SE;LESTE 1;ITAQUERA;SAO PAULO;8;911008;URBANO DE OLIVEIRA PINTO REV;Congo, República do;1
ESTADUAL - SE;LESTE 1;ITAQUERA;SAO PAULO;8;911008;URBANO DE OLIVEIRA PINTO REV;Venezuela;4
ESTADUAL - SE;LESTE 1;ITAQUERA;SAO PAULO;8;912268;IRINEU MONTEIRO DE PINHO REV;Angola;13
ESTADUAL - SE;LESTE 1;ITAQUERA;SAO PAULO;8;912268;IRINEU MONTEIRO DE PINHO REV;Argentina;1
ESTADUAL - SE;LESTE 1;ITAQUERA;SAO PAULO;8;912268;IRINEU MONTEIRO DE PINHO REV;Bolívia;6
ESTADUAL - SE;LESTE 1;ITAQUERA;SAO PAULO;8;912268;IRINEU MONTEIRO DE PINHO REV;Congo, República do;1
ESTADUAL - SE;LESTE 1;ITAQUERA;SAO PAULO;8;912268;IRINEU MONTEIRO DE PINHO REV;Haiti;4
ESTADUAL - SE;LESTE 1;ITAQUERA;SAO PAULO;8;915671;HERMINIA DE ANDRADE PFUHL NEVES PROFESSORA;Angola;3
ESTADUAL - SE;LESTE 1;ITAQUERA;SAO PAULO;8;915671;HERMINIA DE ANDRADE PFUHL NEVES PROFESSORA;Bolívia;15
ESTADUAL - SE;LESTE 1;ITAQUERA;SAO PAULO;8;915671;HERMINIA DE ANDRADE PFUHL NEVES PROFESSORA;Peru;1
ESTADUAL - SE;LESTE 1;ITAQUERA;SAO PAULO;8;915671;HERMINIA DE ANDRADE PFUHL NEVES PROFESSORA;Venezuela;2
ESTADUAL - SE;LESTE 1;ITAQUERA;SAO PAULO;8;925251;DOM PAULO EVARISTO ARNS;Angola;2
ESTADUAL - SE;LESTE 1;ITAQUERA;SAO PAULO;8;925251;DOM PAULO EVARISTO ARNS;Haiti;1
ESTADUAL - SE;LESTE 1;ITAQUERA;SAO PAULO;8;925251;DOM PAULO EVARISTO ARNS;Venezuela;3
ESTADUAL - SE;LESTE 1;PENHA;SAO PAULO;6;985053;CEL JTO A EE NOSSA SENHORA DA PENHA;Bolívia;4
ESTADUAL - SE;LESTE 1;PENHA;SAO PAULO;6;985053;CEL JTO A EE NOSSA SENHORA DA PENHA;Haiti;4
ESTADUAL - SE;LESTE 1;PENHA;SAO PAULO;8;2379;RITA JULIA DE OLIVEIRA PROFESSORA;Angola;4
ESTADUAL - SE;LESTE 1;PENHA;SAO PAULO;8;2379;RITA JULIA DE OLIVEIRA PROFESSORA;Argentina;2
ESTADUAL - SE;LESTE 1;PENHA;SAO PAULO;8;2379;RITA JULIA DE OLIVEIRA PROFESSORA;Bolívia;20
ESTADUAL - SE;LESTE 1;PENHA;SAO PAULO;8;2379;RITA JULIA DE OLIVEIRA PROFESSORA;Paraguai;1
ESTADUAL - SE;LESTE 1;PENHA;SAO PAULO;8;2379;RITA JULIA DE OLIVEIRA PROFESSORA;Peru;2
ESTADUAL - SE;LESTE 1;PENHA;SAO PAULO;8;2380;SANTOS DUMONT;Angola;1
ESTADUAL - SE;LESTE 1;PENHA;SAO PAULO;8;2380;SANTOS DUMONT;Argentina;3
ESTADUAL - SE;LESTE 1;PENHA;SAO PAULO;8;2380;SANTOS DUMONT;Bolívia;25
ESTADUAL - SE;LESTE 1;PENHA;SAO PAULO;8;2380;SANTOS DUMONT;Paraguai;1
ESTADUAL - SE;LESTE 1;PENHA;SAO PAULO;8;2380;SANTOS DUMONT;Peru;2
ESTADUAL - SE;LESTE 1;PENHA;SAO PAULO;8;2392;JOSE BARTOCCI PROFESSOR;Bolívia;3
ESTADUAL - SE;LESTE 1;PENHA;SAO PAULO;8;2392;JOSE BARTOCCI PROFESSOR;Venezuela;2
ESTADUAL - SE;LESTE 1;PENHA;SAO PAULO;8;2410;THEODOMIRO EMERIQUE PROFESSOR;Argentina;2
ESTADUAL - SE;LESTE 1;PENHA;SAO PAULO;8;2410;THEODOMIRO EMERIQUE PROFESSOR;Bolívia;5
ESTADUAL - SE;LESTE 1;PENHA;SAO PAULO;8;2410;THEODOMIRO EMERIQUE PROFESSOR;Japão;1
ESTADUAL - SE;LESTE 1;PENHA;SAO PAULO;8;2410;THEODOMIRO EMERIQUE PROFESSOR;Venezuela;1
ESTADUAL - SE;LESTE 1;PENHA;SAO PAULO;8;2422;GABRIEL ORTIZ PROFESSOR;Argentina;1
ESTADUAL - SE;LESTE 1;PENHA;SAO PAULO;8;2422;GABRIEL ORTIZ PROFESSOR;Bolívia;8
ESTADUAL - SE;LESTE 1;PENHA;SAO PAULO;8;2446;JOSE DE CAMPOS CAMARGO PROFESSOR;Angola;2
ESTADUAL - SE;LESTE 1;PENHA;SAO PAULO;8;2446;JOSE DE CAMPOS CAMARGO PROFESSOR;Argentina;2
ESTADUAL - SE;LESTE 1;PENHA;SAO PAULO;8;2446;JOSE DE CAMPOS CAMARGO PROFESSOR;Bolívia;18
ESTADUAL - SE;LESTE 1;PENHA;SAO PAULO;8;2446;JOSE DE CAMPOS CAMARGO PROFESSOR;Colômbia;1
ESTADUAL - SE;LESTE 1;PENHA;SAO PAULO;8;2446;JOSE DE CAMPOS CAMARGO PROFESSOR;Paraguai;1
ESTADUAL - SE;LESTE 1;PENHA;SAO PAULO;8;2446;JOSE DE CAMPOS CAMARGO PROFESSOR;Venezuela;3
ESTADUAL - SE;LESTE 1;PENHA;SAO PAULO;8;2461;JOAO MARIA OGNO OSB DOM;Angola;1
ESTADUAL - SE;LESTE 1;PENHA;SAO PAULO;8;2461;JOAO MARIA OGNO OSB DOM;Bolívia;6
ESTADUAL - SE;LESTE 1;PENHA;SAO PAULO;8;2461;JOAO MARIA OGNO OSB DOM;Colômbia;1
ESTADUAL - SE;LESTE 1;PENHA;SAO PAULO;8;2461;JOAO MARIA OGNO OSB DOM;Haiti;1
ESTADUAL - SE;LESTE 1;PENHA;SAO PAULO;8;2461;JOAO MARIA OGNO OSB DOM;Venezuela;1
ESTADUAL - SE;LESTE 1;PENHA;SAO PAULO;8;2483;ESTHER FRANKEL SAMPAIO;Bolívia;5
ESTADUAL - SE;LESTE 1;PENHA;SAO PAULO;8;2483;ESTHER FRANKEL SAMPAIO;Martinica;1
ESTADUAL - SE;LESTE 1;PENHA;SAO PAULO;8;2513;NOSSA SENHORA DA PENHA;Angola;2
ESTADUAL - SE;LESTE 1;PENHA;SAO PAULO;8;2513;NOSSA SENHORA DA PENHA;Bolívia;18
ESTADUAL - SE;LESTE 1;PENHA;SAO PAULO;8;2513;NOSSA SENHORA DA PENHA;Colômbia;1
ESTADUAL - SE;LESTE 1;PENHA;SAO PAULO;8;2513;NOSSA SENHORA DA PENHA;Haiti;2
ESTADUAL - SE;LESTE 1;PENHA;SAO PAULO;8;2513;NOSSA SENHORA DA PENHA;Japão;1
ESTADUAL - SE;LESTE 1;PENHA;SAO PAULO;8;2513;NOSSA SENHORA DA PENHA;Venezuela;1
ESTADUAL - SE;LESTE 1;PENHA;SAO PAULO;8;2525;ANTAO PADRE;Angola;3
ESTADUAL - SE;LESTE 1;PENHA;SAO PAULO;8;2525;ANTAO PADRE;Argentina;2
ESTADUAL - SE;LESTE 1;PENHA;SAO PAULO;8;2525;ANTAO PADRE;Bolívia;67
ESTADUAL - SE;LESTE 1;PENHA;SAO PAULO;8;2525;ANTAO PADRE;Checa, República;1
ESTADUAL - SE;LESTE 1;PENHA;SAO PAULO;8;2525;ANTAO PADRE;Haiti;1
ESTADUAL - SE;LESTE 1;PENHA;SAO PAULO;8;2525;ANTAO PADRE;Laos;1
ESTADUAL - SE;LESTE 1;PENHA;SAO PAULO;8;2525;ANTAO PADRE;Peru;4
ESTADUAL - SE;LESTE 1;PENHA;SAO PAULO;8;2525;ANTAO PADRE;Qatar;1
ESTADUAL - SE;LESTE 1;PENHA;SAO PAULO;8;2525;ANTAO PADRE;Venezuela;3
ESTADUAL - SE;LESTE 1;PENHA;SAO PAULO;8;2537;ADALGISA MOREIRA PIRES PROFESSORA;Bolívia;1
ESTADUAL - SE;LESTE 1;PENHA;SAO PAULO;8;2537;ADALGISA MOREIRA PIRES PROFESSORA;Camarões;1
ESTADUAL - SE;LESTE 1;PENHA;SAO PAULO;8;2537;ADALGISA MOREIRA PIRES PROFESSORA;Congo, República Democrática do (antigo Zaire);1
ESTADUAL - SE;LESTE 1;PENHA;SAO PAULO;8;2550;MARIA APARECIDA DE CASTRO MASIERO PROFESSORA;Bolívia;1
ESTADUAL - SE;LESTE 1;PENHA;SAO PAULO;8;2562;MARIA DE CARVALHO SENNE PROFESSORA;Bolívia;3
ESTADUAL - SE;LESTE 1;PENHA;SAO PAULO;8;2562;MARIA DE CARVALHO SENNE PROFESSORA;Congo, República do;1
ESTADUAL - SE;LESTE 1;PENHA;SAO PAULO;8;2562;MARIA DE CARVALHO SENNE PROFESSORA;Japão;1
ESTADUAL - SE;LESTE 1;PENHA;SAO PAULO;8;2574;CUSTODIO JOSE DE MELLO ALMIRANTE;Argentina;1
ESTADUAL - SE;LESTE 1;PENHA;SAO PAULO;8;2574;CUSTODIO JOSE DE MELLO ALMIRANTE;Bolívia;3
ESTADUAL - SE;LESTE 1;PENHA;SAO PAULO;8;2574;CUSTODIO JOSE DE MELLO ALMIRANTE;Colômbia;1
ESTADUAL - SE;LESTE 1;PENHA;SAO PAULO;8;2574;CUSTODIO JOSE DE MELLO ALMIRANTE;Japão;4
ESTADUAL - SE;LESTE 1;PENHA;SAO PAULO;8;2586;BARAO DE RAMALHO;Angola;7
ESTADUAL - SE;LESTE 1;PENHA;SAO PAULO;8;2586;BARAO DE RAMALHO;Argentina;4
ESTADUAL - SE;LESTE 1;PENHA;SAO PAULO;8;2586;BARAO DE RAMALHO;Bolívia;73
ESTADUAL - SE;LESTE 1;PENHA;SAO PAULO;8;2586;BARAO DE RAMALHO;Congo, República do;1
ESTADUAL - SE;LESTE 1;PENHA;SAO PAULO;8;2586;BARAO DE RAMALHO;Filipinas;1
ESTADUAL - SE;LESTE 1;PENHA;SAO PAULO;8;2586;BARAO DE RAMALHO;França;1
ESTADUAL - SE;LESTE 1;PENHA;SAO PAULO;8;2586;BARAO DE RAMALHO;Marrocos;3
ESTADUAL - SE;LESTE 1;PENHA;SAO PAULO;8;2586;BARAO DE RAMALHO;Nigéria;1
ESTADUAL - SE;LESTE 1;PENHA;SAO PAULO;8;2586;BARAO DE RAMALHO;Paraguai;3
ESTADUAL - SE;LESTE 1;PENHA;SAO PAULO;8;2586;BARAO DE RAMALHO;Peru;3
ESTADUAL - SE;LESTE 1;PENHA;SAO PAULO;8;2586;BARAO DE RAMALHO;Síria;1
ESTADUAL - SE;LESTE 1;PENHA;SAO PAULO;8;2586;BARAO DE RAMALHO;Venezuela;5
ESTADUAL - SE;LESTE 1;PENHA;SAO PAULO;8;2665;SOUZA QUEIROZ BARAO DE;Angola;1
ESTADUAL - SE;LESTE 1;PENHA;SAO PAULO;8;2665;SOUZA QUEIROZ BARAO DE;Argentina;5
ESTADUAL - SE;LESTE 1;PENHA;SAO PAULO;8;2665;SOUZA QUEIROZ BARAO DE;Bolívia;25
ESTADUAL - SE;LESTE 1;PENHA;SAO PAULO;8;2665;SOUZA QUEIROZ BARAO DE;Haiti;4
ESTADUAL - SE;LESTE 1;PENHA;SAO PAULO;8;2665;SOUZA QUEIROZ BARAO DE;Peru;2
ESTADUAL - SE;LESTE 1;PONTE RASA;SAO PAULO;8;2781;JOSE DE CARVALHO PADRE;Bolívia;13
ESTADUAL - SE;LESTE 1;PONTE RASA;SAO PAULO;8;2781;JOSE DE CARVALHO PADRE;Haiti;1
ESTADUAL - SE;LESTE 1;PONTE RASA;SAO PAULO;8;2781;JOSE DE CARVALHO PADRE;Peru;1
ESTADUAL - SE;LESTE 1;PONTE RASA;SAO PAULO;8;2800;THEREZA DOROTHEA DE ARRUDA REGO PROFESSORA;Argentina;1
ESTADUAL - SE;LESTE 1;PONTE RASA;SAO PAULO;8;2800;THEREZA DOROTHEA DE ARRUDA REGO PROFESSORA;Haiti;1
ESTADUAL - SE;LESTE 1;PONTE RASA;SAO PAULO;8;2811;SILVA PRADO DEPUTADO;Benin;1
ESTADUAL - SE;LESTE 1;PONTE RASA;SAO PAULO;8;2811;SILVA PRADO DEPUTADO;Bolívia;8
ESTADUAL - SE;LESTE 1;PONTE RASA;SAO PAULO;8;2811;SILVA PRADO DEPUTADO;Chile;1
ESTADUAL - SE;LESTE 1;PONTE RASA;SAO PAULO;8;2823;MARINHA DO BRASIL;Bolívia;1
ESTADUAL - SE;LESTE 1;PONTE RASA;SAO PAULO;8;36808;ANTONIO DE OLIVEIRA CAMARGO PROFESSOR;Argentina;2
ESTADUAL - SE;LESTE 1;PONTE RASA;SAO PAULO;8;36997;LUIS GONZAGA CARVALHO MELO PROFESSOR;Bolívia;3
ESTADUAL - SE;LESTE 1;PONTE RASA;SAO PAULO;8;36997;LUIS GONZAGA CARVALHO MELO PROFESSOR;Venezuela;1
ESTADUAL - SE;LESTE 1;PONTE RASA;SAO PAULO;8;39366;NELLO LORENZON;Bolívia;4
ESTADUAL - SE;LESTE 1;PONTE RASA;SAO PAULO;8;39366;NELLO LORENZON;Espanha;1
ESTADUAL - SE;LESTE 1;VILA JACUI;SAO PAULO;8;2872;MAXIMO DE MOURA SANTOS PROFESSOR;Bolívia;7
ESTADUAL - SE;LESTE 1;VILA JACUI;SAO PAULO;8;2872;MAXIMO DE MOURA SANTOS PROFESSOR;Haiti;1
ESTADUAL - SE;LESTE 1;VILA JACUI;SAO PAULO;8;2987;GABRIEL PELICIOTTI PROFESSOR;Bolívia;5
ESTADUAL - SE;LESTE 1;VILA JACUI;SAO PAULO;8;2987;GABRIEL PELICIOTTI PROFESSOR;Paraguai;1
ESTADUAL - SE;LESTE 1;VILA JACUI;SAO PAULO;8;36778;LUIGI PIRANDELLO;Bolívia;14
ESTADUAL - SE;LESTE 1;VILA JACUI;SAO PAULO;8;36778;LUIGI PIRANDELLO;Congo, República do;1
ESTADUAL - SE;LESTE 1;VILA JACUI;SAO PAULO;8;36778;LUIGI PIRANDELLO;Haiti;1
ESTADUAL - SE;LESTE 1;VILA JACUI;SAO PAULO;8;37345;TIDE SETUBAL;Bolívia;4
ESTADUAL - SE;LESTE 1;VILA JACUI;SAO PAULO;8;37345;TIDE SETUBAL;Venezuela;1
ESTADUAL - SE;LESTE 1;VILA JACUI;SAO PAULO;8;902573;PAULO ROBERTO FAGGIONI PROFESSOR;Angola;1
ESTADUAL - SE;LESTE 1;VILA JACUI;SAO PAULO;8;902573;PAULO ROBERTO FAGGIONI PROFESSOR;Bolívia;5
ESTADUAL - SE;LESTE 1;VILA JACUI;SAO PAULO;8;902573;PAULO ROBERTO FAGGIONI PROFESSOR;Colômbia;1
ESTADUAL - SE;LESTE 1;VILA JACUI;SAO PAULO;8;902573;PAULO ROBERTO FAGGIONI PROFESSOR;El Salvador;1
ESTADUAL - SE;LESTE 1;VILA JACUI;SAO PAULO;8;902573;PAULO ROBERTO FAGGIONI PROFESSOR;Japão;1
ESTADUAL - SE;LESTE 1;VILA JACUI;SAO PAULO;8;902822;MARIA JOVITA;Bolívia;1
ESTADUAL - SE;LESTE 1;VILA JACUI;SAO PAULO;8;902822;MARIA JOVITA;Venezuela;1
ESTADUAL - SE;LESTE 1;VILA JACUI;SAO PAULO;8;904624;NILDO DO AMARAL JUNIOR PADRE;Bolívia;6
ESTADUAL - SE;LESTE 1;VILA JACUI;SAO PAULO;8;904624;NILDO DO AMARAL JUNIOR PADRE;Venezuela;1
ESTADUAL - SE;LESTE 1;VILA JACUI;SAO PAULO;8;910788;ARCANGELO SFORCIM;Angola;1
ESTADUAL - SE;LESTE 1;VILA JACUI;SAO PAULO;8;910788;ARCANGELO SFORCIM;Bolívia;5
ESTADUAL - SE;LESTE 1;VILA JACUI;SAO PAULO;8;910788;ARCANGELO SFORCIM;Venezuela;1
ESTADUAL - SE;LESTE 1;VILA JACUI;SAO PAULO;8;910797;TITO LIVIO FERREIRA PROFESSOR;Angola;1
ESTADUAL - SE;LESTE 1;VILA JACUI;SAO PAULO;8;910797;TITO LIVIO FERREIRA PROFESSOR;Bolívia;1
ESTADUAL - SE;LESTE 1;VILA JACUI;SAO PAULO;8;910855;JOSE BORGES DOS SANTOS JUNIOR REV;Angola;1
ESTADUAL - SE;LESTE 1;VILA JACUI;SAO PAULO;8;910855;JOSE BORGES DOS SANTOS JUNIOR REV;Bolívia;7
ESTADUAL - SE;LESTE 1;VILA JACUI;SAO PAULO;8;910855;JOSE BORGES DOS SANTOS JUNIOR REV;Peru;1
ESTADUAL - SE;LESTE 1;VILA JACUI;SAO PAULO;8;915683;ZILDA ARNS NEUMANN;Bolívia;13
ESTADUAL - SE;LESTE 1;VILA JACUI;SAO PAULO;8;915683;ZILDA ARNS NEUMANN;Haiti;1
ESTADUAL - SE;LESTE 1;VILA JACUI;SAO PAULO;8;915683;ZILDA ARNS NEUMANN;Peru;1
ESTADUAL - SE;LESTE 1;VILA JACUI;SAO PAULO;8;916493;JULIO DE CARVALHO BARATA;Argentina;2
ESTADUAL - SE;LESTE 1;VILA JACUI;SAO PAULO;8;916493;JULIO DE CARVALHO BARATA;Bolívia;1
ESTADUAL - SE;LESTE 1;VILA JACUI;SAO PAULO;8;916493;JULIO DE CARVALHO BARATA;Nigéria;1
ESTADUAL - SE;LESTE 1;VILA JACUI;SAO PAULO;8;916493;JULIO DE CARVALHO BARATA;Venezuela;1
ESTADUAL - SE;LESTE 1;VILA JACUI;SAO PAULO;8;925445;REPUBLICA DE HONDURAS;Haiti;1
ESTADUAL - SE;LESTE 1;VILA JACUI;SAO PAULO;8;925457;JOSE DE SAN MARTIN;Bolívia;1
ESTADUAL - SE;LESTE 1;VILA JACUI;SAO PAULO;8;925457;JOSE DE SAN MARTIN;Haiti;11
ESTADUAL - SE;LESTE 1;VILA JACUI;SAO PAULO;8;925457;JOSE DE SAN MARTIN;Nigéria;2
ESTADUAL - SE;LESTE 1;VILA JACUI;SAO PAULO;8;925457;JOSE DE SAN MARTIN;Paraguai;1
ESTADUAL - SE;LESTE 2;ITAIM PAULISTA;SAO PAULO;8;2926;ARMANDO GOMES DE ARAUJO PROF;Paraguai;2
ESTADUAL - SE;LESTE 2;ITAIM PAULISTA;SAO PAULO;8;2938;ALBERTO SCHWEITZER;Bolívia;1
ESTADUAL - SE;LESTE 2;ITAIM PAULISTA;SAO PAULO;8;2938;ALBERTO SCHWEITZER;Paraguai;1
ESTADUAL - SE;LESTE 2;ITAIM PAULISTA;SAO PAULO;8;3049;ANTONIO DE PADUA VIEIRA;Bolívia;1
ESTADUAL - SE;LESTE 2;ITAIM PAULISTA;SAO PAULO;8;38118;ALCEU GUERNER GONZALEZ PROF;Marrocos;1
ESTADUAL - SE;LESTE 2;ITAIM PAULISTA;SAO PAULO;8;39123;CHARLES DE GAULLE;Bolívia;1
ESTADUAL - SE;LESTE 2;ITAIM PAULISTA;SAO PAULO;8;39123;CHARLES DE GAULLE;Japão;1
ESTADUAL - SE;LESTE 2;ITAIM PAULISTA;SAO PAULO;8;39123;CHARLES DE GAULLE;Paraguai;1
ESTADUAL - SE;LESTE 2;ITAIM PAULISTA;SAO PAULO;8;44313;JOAO PRADO MARGARIDO PROF;Bolívia;1
ESTADUAL - SE;LESTE 2;ITAIM PAULISTA;SAO PAULO;8;901726;JOSE BUSTAMANTE DEPUTADO;Bolívia;2
ESTADUAL - SE;LESTE 2;ITAIM PAULISTA;SAO PAULO;8;902603;DARIO MONTEIRO DE BRITO PROF;Argentina;1
ESTADUAL - SE;LESTE 2;ITAIM PAULISTA;SAO PAULO;8;902603;DARIO MONTEIRO DE BRITO PROF;Bolívia;1
ESTADUAL - SE;LESTE 2;ITAIM PAULISTA;SAO PAULO;8;902861;FRANCISCO PARENTE;Bolívia;1
ESTADUAL - SE;LESTE 2;ITAIM PAULISTA;SAO PAULO;8;902861;FRANCISCO PARENTE;Dominicana, República;1
ESTADUAL - SE;LESTE 2;ITAIM PAULISTA;SAO PAULO;8;902861;FRANCISCO PARENTE;Síria;2
ESTADUAL - SE;LESTE 2;ITAIM PAULISTA;SAO PAULO;8;902871;PEDRO BRASIL BANDECCHI PROF;Bolívia;1
ESTADUAL - SE;LESTE 2;ITAIM PAULISTA;SAO PAULO;8;904636;LAURO CELIDONIO GOMES DOS REIS DR;Bolívia;1
ESTADUAL - SE;LESTE 2;ITAIM PAULISTA;SAO PAULO;8;904636;LAURO CELIDONIO GOMES DOS REIS DR;Dominicana, República;2
ESTADUAL - SE;LESTE 2;ITAIM PAULISTA;SAO PAULO;8;915695;RENATO DIAS DE ARAUJO PROF;Bolívia;2
ESTADUAL - SE;LESTE 2;ITAIM PAULISTA;SAO PAULO;8;916511;RUBEM BRAGA CRONISTA;Angola;1
ESTADUAL - SE;LESTE 2;ITAIM PAULISTA;SAO PAULO;8;916511;RUBEM BRAGA CRONISTA;Bolívia;2
ESTADUAL - SE;LESTE 2;ITAIM PAULISTA;SAO PAULO;8;916523;EDER BERNARDES DOS SANTOS SOLDADO PM;Angola;1
ESTADUAL - SE;LESTE 2;ITAIM PAULISTA;SAO PAULO;8;917382;PAULINA MADRE;Angola;1
ESTADUAL - SE;LESTE 2;ITAIM PAULISTA;SAO PAULO;8;917382;PAULINA MADRE;Bolívia;2
ESTADUAL - SE;LESTE 2;ITAIM PAULISTA;SAO PAULO;8;923795;CELIA RIBEIRO LANDIM PROFA;Bolívia;2
ESTADUAL - SE;LESTE 2;ITAIM PAULISTA;SAO PAULO;8;923795;CELIA RIBEIRO LANDIM PROFA;Espanha;1
ESTADUAL - SE;LESTE 2;ITAIM PAULISTA;SAO PAULO;8;923990;REPUBLICA DO SURINAME;Bolívia;1
ESTADUAL - SE;LESTE 2;JARDIM HELENA;SAO PAULO;8;2859;MARIO KOZEL FILHO;Bolívia;3
ESTADUAL - SE;LESTE 2;JARDIM HELENA;SAO PAULO;8;2860;ESTELA BORGES MORATO;Angola;1
ESTADUAL - SE;LESTE 2;JARDIM HELENA;SAO PAULO;8;2860;ESTELA BORGES MORATO;Venezuela;2
ESTADUAL - SE;LESTE 2;JARDIM HELENA;SAO PAULO;8;2963;JOSE BONIFACIO ANDRADA E SILVA JARDIM PROF;Nigéria;1
ESTADUAL - SE;LESTE 2;JARDIM HELENA;SAO PAULO;8;2963;JOSE BONIFACIO ANDRADA E SILVA JARDIM PROF;Paraguai;1
ESTADUAL - SE;LESTE 2;JARDIM HELENA;SAO PAULO;8;2963;JOSE BONIFACIO ANDRADA E SILVA JARDIM PROF;Togo;1
ESTADUAL - SE;LESTE 2;JARDIM HELENA;SAO PAULO;8;3013;DIOGO DE FARIA DR;Haiti;9
ESTADUAL - SE;LESTE 2;JARDIM HELENA;SAO PAULO;8;37357;HENRIQUE SMITH BAYMA DR;Haiti;1
ESTADUAL - SE;LESTE 2;JARDIM HELENA;SAO PAULO;8;43734;MATTATHIAS GOMES DOS SANTOS REV;Bolívia;2
ESTADUAL - SE;LESTE 2;JARDIM HELENA;SAO PAULO;8;46292;FRANCISCO PEREIRA DE SOUZA FILHO PROF;Bolívia;4
ESTADUAL - SE;LESTE 2;JARDIM HELENA;SAO PAULO;8;483631;SALVADOR ROMANO;Nigéria;2
ESTADUAL - SE;LESTE 2;JARDIM HELENA;SAO PAULO;8;907157;CAETANO ZAMITTI MAMMANA PROF;Angola;1
ESTADUAL - SE;LESTE 2;JARDIM HELENA;SAO PAULO;8;907157;CAETANO ZAMITTI MAMMANA PROF;Colômbia;1
ESTADUAL - SE;LESTE 2;JARDIM HELENA;SAO PAULO;8;907157;CAETANO ZAMITTI MAMMANA PROF;Haiti;1
ESTADUAL - SE;LESTE 2;JARDIM HELENA;SAO PAULO;8;907157;CAETANO ZAMITTI MAMMANA PROF;Japão;2
ESTADUAL - SE;LESTE 2;JARDIM HELENA;SAO PAULO;8;907157;CAETANO ZAMITTI MAMMANA PROF;Nigéria;1
ESTADUAL - SE;LESTE 2;JARDIM HELENA;SAO PAULO;8;907157;CAETANO ZAMITTI MAMMANA PROF;Peru;1
ESTADUAL - SE;LESTE 2;JARDIM HELENA;SAO PAULO;8;907157;CAETANO ZAMITTI MAMMANA PROF;Venezuela;3
ESTADUAL - SE;LESTE 2;JARDIM HELENA;SAO PAULO;8;910776;FERNANDES SOARES PROF;Bolívia;2
ESTADUAL - SE;LESTE 2;JARDIM HELENA;SAO PAULO;8;923588;MARIA DE LOURDES VIEIRA;Guiné-Bissau;1
ESTADUAL - SE;LESTE 2;JARDIM HELENA;SAO PAULO;8;923588;MARIA DE LOURDES VIEIRA;Haiti;10
ESTADUAL - SE;LESTE 2;LAJEADO;SAO PAULO;8;3050;ELIZA RAQUEL MACEDO DE SOUZA PROFA;Bolívia;6
ESTADUAL - SE;LESTE 2;LAJEADO;SAO PAULO;8;3050;ELIZA RAQUEL MACEDO DE SOUZA PROFA;Colômbia;3
ESTADUAL - SE;LESTE 2;LAJEADO;SAO PAULO;8;3050;ELIZA RAQUEL MACEDO DE SOUZA PROFA;Guiné-Conacri;2
ESTADUAL - SE;LESTE 2;LAJEADO;SAO PAULO;8;3050;ELIZA RAQUEL MACEDO DE SOUZA PROFA;Peru;1
ESTADUAL - SE;LESTE 2;LAJEADO;SAO PAULO;8;3281;BALBINA NETTO VELLOSO PROFA;Espanha;1
ESTADUAL - SE;LESTE 2;LAJEADO;SAO PAULO;8;3281;BALBINA NETTO VELLOSO PROFA;Peru;1
ESTADUAL - SE;LESTE 2;LAJEADO;SAO PAULO;8;3281;BALBINA NETTO VELLOSO PROFA;Venezuela;1
ESTADUAL - SE;LESTE 2;LAJEADO;SAO PAULO;8;37072;JOAQUIM EUGENIO LIMA NETO;Argentina;1
ESTADUAL - SE;LESTE 2;LAJEADO;SAO PAULO;8;37072;JOAQUIM EUGENIO LIMA NETO;Bolívia;11
ESTADUAL - SE;LESTE 2;LAJEADO;SAO PAULO;8;37072;JOAQUIM EUGENIO LIMA NETO;Venezuela;1
ESTADUAL - SE;LESTE 2;LAJEADO;SAO PAULO;8;37096;COSME DE FARIA MAJOR;Angola;1
ESTADUAL - SE;LESTE 2;LAJEADO;SAO PAULO;8;37096;COSME DE FARIA MAJOR;Argentina;1
ESTADUAL - SE;LESTE 2;LAJEADO;SAO PAULO;8;37096;COSME DE FARIA MAJOR;Bolívia;6
ESTADUAL - SE;LESTE 2;LAJEADO;SAO PAULO;8;37096;COSME DE FARIA MAJOR;Cabo Verde;1
ESTADUAL - SE;LESTE 2;LAJEADO;SAO PAULO;8;37096;COSME DE FARIA MAJOR;Cuba;2
ESTADUAL - SE;LESTE 2;LAJEADO;SAO PAULO;8;37096;COSME DE FARIA MAJOR;Haiti;21
ESTADUAL - SE;LESTE 2;LAJEADO;SAO PAULO;8;37096;COSME DE FARIA MAJOR;Paquistão;1
ESTADUAL - SE;LESTE 2;LAJEADO;SAO PAULO;8;444121;MARILIA SANTOS CARVALHO DE POLILLO PROFESSORA;Bolívia;3
ESTADUAL - SE;LESTE 2;LAJEADO;SAO PAULO;8;444121;MARILIA SANTOS CARVALHO DE POLILLO PROFESSORA;Colômbia;2
ESTADUAL - SE;LESTE 2;LAJEADO;SAO PAULO;8;483643;CANDIDA RITA DA SILVA PAULO;Bolívia;1
ESTADUAL - SE;LESTE 2;LAJEADO;SAO PAULO;8;483643;CANDIDA RITA DA SILVA PAULO;Nigéria;1
ESTADUAL - SE;LESTE 2;LAJEADO;SAO PAULO;8;909154;MARIA LUCIA AMBROZIO PROFA;Haiti;2
ESTADUAL - SE;LESTE 2;LAJEADO;SAO PAULO;8;909154;MARIA LUCIA AMBROZIO PROFA;Paquistão;3
ESTADUAL - SE;LESTE 2;LAJEADO;SAO PAULO;8;909191;AURELIO BUARQUE DE HOLANDA FERREIRA PROF;Bolívia;2
ESTADUAL - SE;LESTE 2;LAJEADO;SAO PAULO;8;914708;ARACI ZEBRAL TEIXEIRA;Bolívia;3
ESTADUAL - SE;LESTE 2;LAJEADO;SAO PAULO;8;914708;ARACI ZEBRAL TEIXEIRA;Haiti;1
ESTADUAL - SE;LESTE 2;LAJEADO;SAO PAULO;8;916754;PEDRO GERALDO COSTA DEPUTADO;Bolívia;9
ESTADUAL - SE;LESTE 2;LAJEADO;SAO PAULO;8;916754;PEDRO GERALDO COSTA DEPUTADO;Venezuela;2
ESTADUAL - SE;LESTE 2;LAJEADO;SAO PAULO;8;923285;NANCY DE OLIVEIRA FIDALGO PROFA;Bolívia;1
ESTADUAL - SE;LESTE 2;LAJEADO;SAO PAULO;8;923285;NANCY DE OLIVEIRA FIDALGO PROFA;Haiti;1
ESTADUAL - SE;LESTE 2;LAJEADO;SAO PAULO;8;923285;NANCY DE OLIVEIRA FIDALGO PROFA;Paraguai;1
ESTADUAL - SE;LESTE 2;LAJEADO;SAO PAULO;8;923515;MIGUEL HIDALGO;Angola;1
ESTADUAL - SE;LESTE 2;LAJEADO;SAO PAULO;8;923515;MIGUEL HIDALGO;Bolívia;2
ESTADUAL - SE;LESTE 2;LAJEADO;SAO PAULO;8;923515;MIGUEL HIDALGO;Colômbia;1
ESTADUAL - SE;LESTE 2;LAJEADO;SAO PAULO;8;923515;MIGUEL HIDALGO;Haiti;35
ESTADUAL - SE;LESTE 2;LAJEADO;SAO PAULO;8;923515;MIGUEL HIDALGO;Nigéria;1
ESTADUAL - SE;LESTE 2;LAJEADO;SAO PAULO;8;923515;MIGUEL HIDALGO;Paraguai;1
ESTADUAL - SE;LESTE 2;LAJEADO;SAO PAULO;8;923527;LUCIANE DO ESPIRITO SANTO PROFA;Bolívia;1
ESTADUAL - SE;LESTE 2;SAO MIGUEL;SAO PAULO;6;458272;CEL JTO A EE DOM PEDRO I;Estados Unidos da América;1
ESTADUAL - SE;LESTE 2;SAO MIGUEL;SAO PAULO;8;2902;CARLOS GOMES;Japão;1
ESTADUAL - SE;LESTE 2;SAO MIGUEL;SAO PAULO;8;2914;DOM PEDRO I;China;1
ESTADUAL - SE;LESTE 2;SAO MIGUEL;SAO PAULO;8;3001;DARIO DE QUEIROZ PROF;Haiti;7
ESTADUAL - SE;LESTE 2;SAO MIGUEL;SAO PAULO;8;3037;ATAULPHO ALVES;Bélgica;1
ESTADUAL - SE;LESTE 2;SAO MIGUEL;SAO PAULO;8;3037;ATAULPHO ALVES;Bolívia;1
ESTADUAL - SE;LESTE 2;SAO MIGUEL;SAO PAULO;8;3037;ATAULPHO ALVES;Paraguai;1
ESTADUAL - SE;LESTE 2;SAO MIGUEL;SAO PAULO;8;3037;ATAULPHO ALVES;Síria;1
ESTADUAL - SE;LESTE 2;SAO MIGUEL;SAO PAULO;8;37035;ASTROGILDO ARRUDA PROF;Bolívia;2
ESTADUAL - SE;LESTE 2;SAO MIGUEL;SAO PAULO;8;40332;ARLINDO PINTO DA SILVA PROF;Bolívia;1
ESTADUAL - SE;LESTE 2;SAO MIGUEL;SAO PAULO;8;46224;PEDRO MOREIRA MATOS PROF;Bolívia;1
ESTADUAL - SE;LESTE 2;SAO MIGUEL;SAO PAULO;8;46224;PEDRO MOREIRA MATOS PROF;Haiti;7
ESTADUAL - SE;LESTE 2;SAO MIGUEL;SAO PAULO;8;48690;JOSE RIGHETTO SOBRINHO PROF;Cabo Verde;1
ESTADUAL - SE;LESTE 2;SAO MIGUEL;SAO PAULO;8;48690;JOSE RIGHETTO SOBRINHO PROF;Haiti;1
ESTADUAL - SE;LESTE 2;SAO MIGUEL;SAO PAULO;8;48690;JOSE RIGHETTO SOBRINHO PROF;Itália;1
ESTADUAL - SE;LESTE 2;SAO MIGUEL;SAO PAULO;8;48690;JOSE RIGHETTO SOBRINHO PROF;Venezuela;1
ESTADUAL - SE;LESTE 2;SAO MIGUEL;SAO PAULO;8;283885;HELIO HELENE;Bolívia;1
ESTADUAL - SE;LESTE 2;SAO MIGUEL;SAO PAULO;8;283885;HELIO HELENE;Haiti;2
ESTADUAL - SE;LESTE 2;SAO MIGUEL;SAO PAULO;8;283903;PAULO KOBAYASHI;Bolívia;2
ESTADUAL - SE;LESTE 2;SAO MIGUEL;SAO PAULO;8;916500;HUGO TAKAHASHI ENG;Bolívia;4
ESTADUAL - SE;LESTE 2;SAO MIGUEL;SAO PAULO;8;916500;HUGO TAKAHASHI ENG;Haiti;3
ESTADUAL - SE;LESTE 2;SAO MIGUEL;SAO PAULO;8;921312;ALVARO SIMOES;Bolívia;3
ESTADUAL - SE;LESTE 2;VILA CURUCA;SAO PAULO;8;2948;PLINIO CAIADO DE CASTRO DR;Bolívia;2
ESTADUAL - SE;LESTE 2;VILA CURUCA;SAO PAULO;8;2999;SHINQUICHI AGARI;Bolívia;1
ESTADUAL - SE;LESTE 2;VILA CURUCA;SAO PAULO;8;2999;SHINQUICHI AGARI;Estados Unidos da América;3
ESTADUAL - SE;LESTE 2;VILA CURUCA;SAO PAULO;8;2999;SHINQUICHI AGARI;Japão;1
ESTADUAL - SE;LESTE 2;VILA CURUCA;SAO PAULO;8;2999;SHINQUICHI AGARI;Paraguai;1
ESTADUAL - SE;LESTE 2;VILA CURUCA;SAO PAULO;8;36785;PEDRO VIRIATO PARIGOT DE SOUZA ENGENHEIRO;Bolívia;1
ESTADUAL - SE;LESTE 2;VILA CURUCA;SAO PAULO;8;44301;ADOLPHO PLUSKAT PROF;Bolívia;2
ESTADUAL - SE;LESTE 2;VILA CURUCA;SAO PAULO;8;900060;EUNICE MARQUES MOURA BASTOS PROFA;Paraguai;1
ESTADUAL - SE;LESTE 2;VILA CURUCA;SAO PAULO;8;902834;MARCELO TULMAN NETO;Bolívia;1
ESTADUAL - SE;LESTE 2;VILA CURUCA;SAO PAULO;8;902834;MARCELO TULMAN NETO;Paraguai;1
ESTADUAL - SE;LESTE 2;VILA CURUCA;SAO PAULO;8;910259;MARIA VERA LOMBARDI SIQUEIRA PROFA;Bolívia;1
ESTADUAL - SE;LESTE 2;VILA CURUCA;SAO PAULO;8;910260;JOSE BORGES ANDRADE;Bolívia;1
ESTADUAL - SE;LESTE 2;VILA CURUCA;SAO PAULO;8;910260;JOSE BORGES ANDRADE;Portugal;1
ESTADUAL - SE;LESTE 2;VILA CURUCA;SAO PAULO;8;910272;MARIA REGINA MACHADO DE CASTRO GUIMARAES PROFA;Paquistão;1
ESTADUAL - SE;LESTE 2;VILA CURUCA;SAO PAULO;8;910272;MARIA REGINA MACHADO DE CASTRO GUIMARAES PROFA;Paraguai;1
ESTADUAL - SE;LESTE 2;VILA CURUCA;SAO PAULO;8;925202;JOSE CELESTINO BOURROUL;Paraguai;1
ESTADUAL - SE;LESTE 3;CIDADE TIRADENTES;SAO PAULO;8;267971;JARDIM DOM ANGELICO;Bolívia;4
ESTADUAL - SE;LESTE 3;CIDADE TIRADENTES;SAO PAULO;8;267971;JARDIM DOM ANGELICO;Congo, República Democrática do (antigo Zaire);1
ESTADUAL - SE;LESTE 3;CIDADE TIRADENTES;SAO PAULO;8;438112;SITIO CONCEICAO;Bolívia;5
ESTADUAL - SE;LESTE 3;CIDADE TIRADENTES;SAO PAULO;8;438112;SITIO CONCEICAO;Cuba;1
ESTADUAL - SE;LESTE 3;CIDADE TIRADENTES;SAO PAULO;8;438112;SITIO CONCEICAO;Haiti;1
ESTADUAL - SE;LESTE 3;CIDADE TIRADENTES;SAO PAULO;8;438112;SITIO CONCEICAO;Venezuela;2
ESTADUAL - SE;LESTE 3;CIDADE TIRADENTES;SAO PAULO;8;902627;CESAR DONATO CALABREZ;Venezuela;1
ESTADUAL - SE;LESTE 3;CIDADE TIRADENTES;SAO PAULO;8;902724;FERNANDO MAURO PIRES DA ROCHA DEPUTADO;Bolívia;8
ESTADUAL - SE;LESTE 3;CIDADE TIRADENTES;SAO PAULO;8;904284;FERNANDO PESSOA;Bolívia;5
ESTADUAL - SE;LESTE 3;CIDADE TIRADENTES;SAO PAULO;8;904284;FERNANDO PESSOA;Nigéria;1
ESTADUAL - SE;LESTE 3;CIDADE TIRADENTES;SAO PAULO;8;904296;MARIUMA BUAZAR MAUAD;Argentina;1
ESTADUAL - SE;LESTE 3;CIDADE TIRADENTES;SAO PAULO;8;904296;MARIUMA BUAZAR MAUAD;Bolívia;3
ESTADUAL - SE;LESTE 3;CIDADE TIRADENTES;SAO PAULO;8;904922;CANDIDO PROCOPIO FERREIRA DE CAMARGO PROFESSOR;Nigéria;1
ESTADUAL - SE;LESTE 3;CIDADE TIRADENTES;SAO PAULO;8;904922;CANDIDO PROCOPIO FERREIRA DE CAMARGO PROFESSOR;Venezuela;2
ESTADUAL - SE;LESTE 3;CIDADE TIRADENTES;SAO PAULO;8;906177;CAMILO CASTELO BRANCO;Argentina;1
ESTADUAL - SE;LESTE 3;CIDADE TIRADENTES;SAO PAULO;8;906177;CAMILO CASTELO BRANCO;Bolívia;3
ESTADUAL - SE;LESTE 3;CIDADE TIRADENTES;SAO PAULO;8;907017;JORGE LUIS BORGES;Nigéria;1
ESTADUAL - SE;LESTE 3;CIDADE TIRADENTES;SAO PAULO;8;907017;JORGE LUIS BORGES;Venezuela;2
ESTADUAL - SE;LESTE 3;CIDADE TIRADENTES;SAO PAULO;8;908368;OSWALDO GAGLIARDI;Bolívia;5
ESTADUAL - SE;LESTE 3;CIDADE TIRADENTES;SAO PAULO;8;908368;OSWALDO GAGLIARDI;Congo, República do;1
ESTADUAL - SE;LESTE 3;CIDADE TIRADENTES;SAO PAULO;8;920277;RUY DE MELLO JUNQUEIRA;Bolívia;2
ESTADUAL - SE;LESTE 3;CIDADE TIRADENTES;SAO PAULO;8;920277;RUY DE MELLO JUNQUEIRA;Haiti;2
ESTADUAL - SE;LESTE 3;CIDADE TIRADENTES;SAO PAULO;8;920277;RUY DE MELLO JUNQUEIRA;Marrocos;1
ESTADUAL - SE;LESTE 3;CIDADE TIRADENTES;SAO PAULO;8;922900;JARDIM WILMA FLOR;Angola;1
ESTADUAL - SE;LESTE 3;CIDADE TIRADENTES;SAO PAULO;8;922900;JARDIM WILMA FLOR;Bolívia;13
ESTADUAL - SE;LESTE 3;CIDADE TIRADENTES;SAO PAULO;8;922900;JARDIM WILMA FLOR;Centro-africana, República;1
ESTADUAL - SE;LESTE 3;CIDADE TIRADENTES;SAO PAULO;8;922900;JARDIM WILMA FLOR;Qatar;1
ESTADUAL - SE;LESTE 3;CIDADE TIRADENTES;SAO PAULO;8;922900;JARDIM WILMA FLOR;Venezuela;3
ESTADUAL - SE;LESTE 3;CIDADE TIRADENTES;SAO PAULO;8;926048;BARRO BRANCO II;Bolívia;2
ESTADUAL - SE;LESTE 3;CIDADE TIRADENTES;SAO PAULO;8;926048;BARRO BRANCO II;Haiti;1
ESTADUAL - SE;LESTE 3;CIDADE TIRADENTES;SAO PAULO;8;926048;BARRO BRANCO II;Venezuela;2
ESTADUAL - SE;LESTE 3;GUAIANASES;SAO PAULO;8;3141;LUIZ ROSANOVA PROFESSOR;Nigéria;1
ESTADUAL - SE;LESTE 3;GUAIANASES;SAO PAULO;8;3256;PEDRO TAQUES;Bolívia;1
ESTADUAL - SE;LESTE 3;GUAIANASES;SAO PAULO;8;3256;PEDRO TAQUES;Camarões;1
ESTADUAL - SE;LESTE 3;GUAIANASES;SAO PAULO;8;3256;PEDRO TAQUES;Haiti;19
ESTADUAL - SE;LESTE 3;GUAIANASES;SAO PAULO;8;3256;PEDRO TAQUES;Nigéria;2
ESTADUAL - SE;LESTE 3;GUAIANASES;SAO PAULO;8;3256;PEDRO TAQUES;Venezuela;2
ESTADUAL - SE;LESTE 3;GUAIANASES;SAO PAULO;8;3268;SEBASTIAO FARIA ZIMBRES PROFESSOR;Haiti;3
ESTADUAL - SE;LESTE 3;GUAIANASES;SAO PAULO;8;37059;HUMBERTO DANTAS;Angola;1
ESTADUAL - SE;LESTE 3;GUAIANASES;SAO PAULO;8;37059;HUMBERTO DANTAS;Bolívia;1
ESTADUAL - SE;LESTE 3;GUAIANASES;SAO PAULO;8;37059;HUMBERTO DANTAS;Haiti;2
ESTADUAL - SE;LESTE 3;GUAIANASES;SAO PAULO;8;37060;ROCCA DORDALL;Bolívia;4
ESTADUAL - SE;LESTE 3;GUAIANASES;SAO PAULO;8;37084;ERNESTINA DEL BUONO TRAMA PROFESSORA;Bolívia;2
ESTADUAL - SE;LESTE 3;GUAIANASES;SAO PAULO;8;37084;ERNESTINA DEL BUONO TRAMA PROFESSORA;Venezuela;1
ESTADUAL - SE;LESTE 3;GUAIANASES;SAO PAULO;8;904314;GUERRA JUNQUEIRO;Haiti;1
ESTADUAL - SE;LESTE 3;GUAIANASES;SAO PAULO;8;904867;INES BREGA CORDEIRO PROFESSORA;Angola;1
ESTADUAL - SE;LESTE 3;GUAIANASES;SAO PAULO;8;904867;INES BREGA CORDEIRO PROFESSORA;Bolívia;1
ESTADUAL - SE;LESTE 3;GUAIANASES;SAO PAULO;8;904867;INES BREGA CORDEIRO PROFESSORA;Haiti;1
ESTADUAL - SE;LESTE 3;GUAIANASES;SAO PAULO;8;904867;INES BREGA CORDEIRO PROFESSORA;Nigéria;1
ESTADUAL - SE;LESTE 3;GUAIANASES;SAO PAULO;8;904867;INES BREGA CORDEIRO PROFESSORA;Venezuela;1
ESTADUAL - SE;LESTE 3;GUAIANASES;SAO PAULO;8;906189;BERNARDIM RIBEIRO;Haiti;1
ESTADUAL - SE;LESTE 3;GUAIANASES;SAO PAULO;8;907029;FABIO AGAZZI;Bolívia;2
ESTADUAL - SE;LESTE 3;GUAIANASES;SAO PAULO;8;907029;FABIO AGAZZI;Venezuela;1
ESTADUAL - SE;LESTE 3;GUAIANASES;SAO PAULO;8;909185;SATURNINO PEREIRA PROFESSOR;Bolívia;1
ESTADUAL - SE;LESTE 3;GUAIANASES;SAO PAULO;8;914712;SERGIO ESTANISLAU CAMARGO;Angola;2
ESTADUAL - SE;LESTE 3;GUAIANASES;SAO PAULO;8;914712;SERGIO ESTANISLAU CAMARGO;Haiti;1
ESTADUAL - SE;LESTE 3;GUAIANASES;SAO PAULO;8;914712;SERGIO ESTANISLAU CAMARGO;Portugal;1
ESTADUAL - SE;LESTE 3;GUAIANASES;SAO PAULO;8;914721;ZIPORA RUBINSTEIN PROFESSORA;Arménia;1
ESTADUAL - SE;LESTE 3;GUAIANASES;SAO PAULO;8;914721;ZIPORA RUBINSTEIN PROFESSORA;Bolívia;3
ESTADUAL - SE;LESTE 3;GUAIANASES;SAO PAULO;8;914721;ZIPORA RUBINSTEIN PROFESSORA;Haiti;1
ESTADUAL - SE;LESTE 3;IGUATEMI;SAO PAULO;8;3323;RITA PINTO DE ARAUJO PROFESSORA;Congo, República do;1
ESTADUAL - SE;LESTE 3;IGUATEMI;SAO PAULO;8;3323;RITA PINTO DE ARAUJO PROFESSORA;Haiti;2
ESTADUAL - SE;LESTE 3;IGUATEMI;SAO PAULO;8;267983;RECANTO VERDE SOL;Bolívia;1
ESTADUAL - SE;LESTE 3;IGUATEMI;SAO PAULO;8;267983;RECANTO VERDE SOL;Haiti;3
ESTADUAL - SE;LESTE 3;IGUATEMI;SAO PAULO;8;284324;BELIZE;Haiti;4
ESTADUAL - SE;LESTE 3;IGUATEMI;SAO PAULO;8;284324;BELIZE;Venezuela;2
ESTADUAL - SE;LESTE 3;IGUATEMI;SAO PAULO;8;352573;ANTONIO CARLOS BRASILEIRO DE ALMEIDA JOBIM TOM JOBIM;Argentina;1
ESTADUAL - SE;LESTE 3;IGUATEMI;SAO PAULO;8;352573;ANTONIO CARLOS BRASILEIRO DE ALMEIDA JOBIM TOM JOBIM;Bolívia;5
ESTADUAL - SE;LESTE 3;IGUATEMI;SAO PAULO;8;352573;ANTONIO CARLOS BRASILEIRO DE ALMEIDA JOBIM TOM JOBIM;Venezuela;1
ESTADUAL - SE;LESTE 3;IGUATEMI;SAO PAULO;8;902615;ANTONIETA DE SOUZA ALCANTARA;Bolívia;4
ESTADUAL - SE;LESTE 3;IGUATEMI;SAO PAULO;8;902615;ANTONIETA DE SOUZA ALCANTARA;Dominicana, República;1
ESTADUAL - SE;LESTE 3;IGUATEMI;SAO PAULO;8;902615;ANTONIETA DE SOUZA ALCANTARA;Haiti;14
ESTADUAL - SE;LESTE 3;IGUATEMI;SAO PAULO;8;902615;ANTONIETA DE SOUZA ALCANTARA;Nigéria;2
ESTADUAL - SE;LESTE 3;IGUATEMI;SAO PAULO;8;902615;ANTONIETA DE SOUZA ALCANTARA;Venezuela;3
ESTADUAL - SE;LESTE 3;IGUATEMI;SAO PAULO;8;909166;CARMELINDA MARQUES PEREIRA PROFESSORA;Bolívia;1
ESTADUAL - SE;LESTE 3;IGUATEMI;SAO PAULO;8;909166;CARMELINDA MARQUES PEREIRA PROFESSORA;Haiti;1
ESTADUAL - SE;LESTE 3;IGUATEMI;SAO PAULO;8;909166;CARMELINDA MARQUES PEREIRA PROFESSORA;Paraguai;1
ESTADUAL - SE;LESTE 3;IGUATEMI;SAO PAULO;8;916730;BRENNO ROSSI MAESTRO;Bolívia;2
ESTADUAL - SE;LESTE 3;IGUATEMI;SAO PAULO;8;916730;BRENNO ROSSI MAESTRO;Japão;1
ESTADUAL - SE;LESTE 3;IGUATEMI;SAO PAULO;8;916730;BRENNO ROSSI MAESTRO;Peru;1
ESTADUAL - SE;LESTE 3;IGUATEMI;SAO PAULO;8;916742;SIMAO MATHIAS PROFESSOR;Bolívia;4
ESTADUAL - SE;LESTE 3;IGUATEMI;SAO PAULO;8;916742;SIMAO MATHIAS PROFESSOR;Haiti;16
ESTADUAL - SE;LESTE 3;IGUATEMI;SAO PAULO;8;916742;SIMAO MATHIAS PROFESSOR;Venezuela;2
ESTADUAL - SE;LESTE 3;IGUATEMI;SAO PAULO;8;921464;CONJUNTO HABITACIONAL CARRAOZINHO;Bolívia;2
ESTADUAL - SE;LESTE 3;IGUATEMI;SAO PAULO;8;921464;CONJUNTO HABITACIONAL CARRAOZINHO;Venezuela;2
ESTADUAL - SE;LESTE 3;IGUATEMI;SAO PAULO;8;922146;HAYDEE HIDALGO PROFESSORA;Haiti;1
ESTADUAL - SE;LESTE 3;IGUATEMI;SAO PAULO;8;923047;VILA BELA;Bolívia;7
ESTADUAL - SE;LESTE 3;IGUATEMI;SAO PAULO;8;923047;VILA BELA;Venezuela;2
ESTADUAL - SE;LESTE 3;IGUATEMI;SAO PAULO;8;923266;JARDIM IGUATEMI;Bolívia;2
ESTADUAL - SE;LESTE 3;IGUATEMI;SAO PAULO;8;923266;JARDIM IGUATEMI;Nigéria;1
ESTADUAL - SE;LESTE 3;JOSE BONIFACIO;SAO PAULO;6;985089;CEL JTO A EE FADLO HAIDAR;Angola;6
ESTADUAL - SE;LESTE 3;JOSE BONIFACIO;SAO PAULO;6;985089;CEL JTO A EE FADLO HAIDAR;Bolívia;8
ESTADUAL - SE;LESTE 3;JOSE BONIFACIO;SAO PAULO;8;37047;ANISIO TEIXEIRA PROFESSOR;Bolívia;1
ESTADUAL - SE;LESTE 3;JOSE BONIFACIO;SAO PAULO;8;37047;ANISIO TEIXEIRA PROFESSOR;Guiné Equatorial;1
ESTADUAL - SE;LESTE 3;JOSE BONIFACIO;SAO PAULO;8;37047;ANISIO TEIXEIRA PROFESSOR;Peru;1
ESTADUAL - SE;LESTE 3;JOSE BONIFACIO;SAO PAULO;8;43746;FRANCISCO DE ASSIS PIRES CORREA PROFESSOR;Angola;1
ESTADUAL - SE;LESTE 3;JOSE BONIFACIO;SAO PAULO;8;43746;FRANCISCO DE ASSIS PIRES CORREA PROFESSOR;Colômbia;1
ESTADUAL - SE;LESTE 3;JOSE BONIFACIO;SAO PAULO;8;43746;FRANCISCO DE ASSIS PIRES CORREA PROFESSOR;Haiti;1
ESTADUAL - SE;LESTE 3;JOSE BONIFACIO;SAO PAULO;8;44325;SALIM FARAH MALUF PROFESSOR;Bolívia;1
ESTADUAL - SE;LESTE 3;JOSE BONIFACIO;SAO PAULO;8;44325;SALIM FARAH MALUF PROFESSOR;Egipto;1
ESTADUAL - SE;LESTE 3;JOSE BONIFACIO;SAO PAULO;8;44325;SALIM FARAH MALUF PROFESSOR;Haiti;2
ESTADUAL - SE;LESTE 3;JOSE BONIFACIO;SAO PAULO;8;48665;JOAQUIM SILVERIO GOMES DOS REIS PROFESSOR;Angola;7
ESTADUAL - SE;LESTE 3;JOSE BONIFACIO;SAO PAULO;8;48665;JOAQUIM SILVERIO GOMES DOS REIS PROFESSOR;Bolívia;1
ESTADUAL - SE;LESTE 3;JOSE BONIFACIO;SAO PAULO;8;48677;INDIANA ZUYCHER SIMOES DE JESUS PROFESSORA;Angola;12
ESTADUAL - SE;LESTE 3;JOSE BONIFACIO;SAO PAULO;8;48677;INDIANA ZUYCHER SIMOES DE JESUS PROFESSORA;Congo, República Democrática do (antigo Zaire);1
ESTADUAL - SE;LESTE 3;JOSE BONIFACIO;SAO PAULO;8;48677;INDIANA ZUYCHER SIMOES DE JESUS PROFESSORA;Espanha;1
ESTADUAL - SE;LESTE 3;JOSE BONIFACIO;SAO PAULO;8;48677;INDIANA ZUYCHER SIMOES DE JESUS PROFESSORA;Estados Unidos da América;2
ESTADUAL - SE;LESTE 3;JOSE BONIFACIO;SAO PAULO;8;48677;INDIANA ZUYCHER SIMOES DE JESUS PROFESSORA;Guiné-Bissau;1
ESTADUAL - SE;LESTE 3;JOSE BONIFACIO;SAO PAULO;8;48677;INDIANA ZUYCHER SIMOES DE JESUS PROFESSORA;Guiné-Conacri;2
ESTADUAL - SE;LESTE 3;JOSE BONIFACIO;SAO PAULO;8;48677;INDIANA ZUYCHER SIMOES DE JESUS PROFESSORA;Haiti;6
ESTADUAL - SE;LESTE 3;JOSE BONIFACIO;SAO PAULO;8;48677;INDIANA ZUYCHER SIMOES DE JESUS PROFESSORA;Venezuela;1
ESTADUAL - SE;LESTE 3;JOSE BONIFACIO;SAO PAULO;8;412173;JUAN CARLOS ONETTI ESCRITOR;Angola;2
ESTADUAL - SE;LESTE 3;JOSE BONIFACIO;SAO PAULO;8;902718;JOAO CASTELLANO PROFESSOR;Paraguai;1
ESTADUAL - SE;LESTE 3;JOSE BONIFACIO;SAO PAULO;8;902883;LUIZ VAZ DE CAMOES;Angola;1
ESTADUAL - SE;LESTE 3;JOSE BONIFACIO;SAO PAULO;8;906967;SALVADOR ALLENDE GOSSENS PRESIDENTE;Angola;1
ESTADUAL - SE;LESTE 3;JOSE BONIFACIO;SAO PAULO;8;906967;SALVADOR ALLENDE GOSSENS PRESIDENTE;Camarões;1
ESTADUAL - SE;LESTE 3;JOSE BONIFACIO;SAO PAULO;8;906967;SALVADOR ALLENDE GOSSENS PRESIDENTE;Haiti;4
ESTADUAL - SE;LESTE 3;JOSE BONIFACIO;SAO PAULO;8;906980;MARIA DE LOURDES ARANHA DE ASSIS PACHECO PROFESSORA;Angola;8
ESTADUAL - SE;LESTE 3;JOSE BONIFACIO;SAO PAULO;8;906980;MARIA DE LOURDES ARANHA DE ASSIS PACHECO PROFESSORA;Guiné-Conacri;1
ESTADUAL - SE;LESTE 3;JOSE BONIFACIO;SAO PAULO;8;906980;MARIA DE LOURDES ARANHA DE ASSIS PACHECO PROFESSORA;Haiti;1
ESTADUAL - SE;LESTE 3;JOSE BONIFACIO;SAO PAULO;8;906980;MARIA DE LOURDES ARANHA DE ASSIS PACHECO PROFESSORA;Japão;2
ESTADUAL - SE;LESTE 3;JOSE BONIFACIO;SAO PAULO;8;909129;SUMIE IWATA PROFESSORA;Haiti;2
ESTADUAL - SE;LESTE 3;JOSE BONIFACIO;SAO PAULO;8;916766;CONJUNTO HABITACIONAL ITAQUERA IV I;Bolívia;5
ESTADUAL - SE;LESTE 3;JOSE BONIFACIO;SAO PAULO;8;916766;CONJUNTO HABITACIONAL ITAQUERA IV I;Haiti;1
ESTADUAL - SE;LESTE 3;JOSE BONIFACIO;SAO PAULO;8;925226;ESTHER DE FIGUEIREDO FERRAZ;Bolívia;2
ESTADUAL - SE;LESTE 3;JOSE BONIFACIO;SAO PAULO;8;925226;ESTHER DE FIGUEIREDO FERRAZ;Portugal;1
ESTADUAL - SE;LESTE 3;SAO RAFAEL;SAO PAULO;8;3128;DECIO FERRAZ ALVIM PROFESSOR DOUTOR;Argentina;1
ESTADUAL - SE;LESTE 3;SAO RAFAEL;SAO PAULO;8;3128;DECIO FERRAZ ALVIM PROFESSOR DOUTOR;Bolívia;11
ESTADUAL - SE;LESTE 3;SAO RAFAEL;SAO PAULO;8;3128;DECIO FERRAZ ALVIM PROFESSOR DOUTOR;Haiti;1
ESTADUAL - SE;LESTE 3;SAO RAFAEL;SAO PAULO;8;3244;ADHEMAR ANTONIO PRADO PROFESSOR;Haiti;2
ESTADUAL - SE;LESTE 3;SAO RAFAEL;SAO PAULO;8;3244;ADHEMAR ANTONIO PRADO PROFESSOR;Venezuela;4
ESTADUAL - SE;LESTE 3;SAO RAFAEL;SAO PAULO;8;3311;ANDRE NUNES JUNIOR;Venezuela;2
ESTADUAL - SE;LESTE 3;SAO RAFAEL;SAO PAULO;8;36961;MOZART TAVARES DE LIMA PROFESSOR;Argentina;1
ESTADUAL - SE;LESTE 3;SAO RAFAEL;SAO PAULO;8;36961;MOZART TAVARES DE LIMA PROFESSOR;Bolívia;10
ESTADUAL - SE;LESTE 3;SAO RAFAEL;SAO PAULO;8;36961;MOZART TAVARES DE LIMA PROFESSOR;Paraguai;1
ESTADUAL - SE;LESTE 3;SAO RAFAEL;SAO PAULO;8;39251;CARLOS HENRIQUE LIBERALLI PROFESSOR;Paraguai;2
ESTADUAL - SE;LESTE 3;SAO RAFAEL;SAO PAULO;8;39251;CARLOS HENRIQUE LIBERALLI PROFESSOR;Venezuela;3
ESTADUAL - SE;LESTE 3;SAO RAFAEL;SAO PAULO;8;48653;MOACYR AMARAL DOS SANTOS;Venezuela;4
ESTADUAL - SE;LESTE 3;SAO RAFAEL;SAO PAULO;8;447663;JARDIM SANTO ANDRE III;Venezuela;1
ESTADUAL - SE;LESTE 3;SAO RAFAEL;SAO PAULO;8;908782;VALENTIM CARRA PROFESSOR;Haiti;2
ESTADUAL - SE;LESTE 3;SAO RAFAEL;SAO PAULO;8;908782;VALENTIM CARRA PROFESSOR;Venezuela;6
ESTADUAL - SE;LESTE 3;SAO RAFAEL;SAO PAULO;8;909117;ISAAC SCHRAIBER PROFESSOR;Cuba;1
ESTADUAL - SE;LESTE 3;SAO RAFAEL;SAO PAULO;8;909117;ISAAC SCHRAIBER PROFESSOR;Haiti;6
ESTADUAL - SE;LESTE 3;SAO RAFAEL;SAO PAULO;8;909117;ISAAC SCHRAIBER PROFESSOR;Venezuela;1
ESTADUAL - SE;LESTE 3;SAO RAFAEL;SAO PAULO;8;910831;GERALDINO DOS SANTOS DEPUTADO;Venezuela;1
ESTADUAL - SE;LESTE 3;SAO RAFAEL;SAO PAULO;8;923278;SILVANA EVANGELISTA PROFESSORA;Haiti;3
ESTADUAL - SE;LESTE 3;SAO RAFAEL;SAO PAULO;8;923916;MARCOS ANTONIO COSTA PROFESSOR;Bolívia;9
ESTADUAL - SE;LESTE 3;SAO RAFAEL;SAO PAULO;8;923916;MARCOS ANTONIO COSTA PROFESSOR;Venezuela;1
ESTADUAL - SE;LESTE 4;ARTUR ALVIM;SAO PAULO;8;2616;MARIA AUGUSTA DE AVILA PROFA;Angola;5
ESTADUAL - SE;LESTE 4;ARTUR ALVIM;SAO PAULO;8;2616;MARIA AUGUSTA DE AVILA PROFA;Bolívia;6
ESTADUAL - SE;LESTE 4;ARTUR ALVIM;SAO PAULO;8;2689;EXERCITO BRASILEIRO;Angola;5
ESTADUAL - SE;LESTE 4;ARTUR ALVIM;SAO PAULO;8;2689;EXERCITO BRASILEIRO;Bolívia;3
ESTADUAL - SE;LESTE 4;ARTUR ALVIM;SAO PAULO;8;2689;EXERCITO BRASILEIRO;Haiti;2
ESTADUAL - SE;LESTE 4;ARTUR ALVIM;SAO PAULO;8;2690;JOAO RAMACCIOTTI PROF;Angola;4
ESTADUAL - SE;LESTE 4;ARTUR ALVIM;SAO PAULO;8;2690;JOAO RAMACCIOTTI PROF;Bolívia;3
ESTADUAL - SE;LESTE 4;ARTUR ALVIM;SAO PAULO;8;2690;JOAO RAMACCIOTTI PROF;Haiti;5
ESTADUAL - SE;LESTE 4;ARTUR ALVIM;SAO PAULO;8;2690;JOAO RAMACCIOTTI PROF;Japão;1
ESTADUAL - SE;LESTE 4;ARTUR ALVIM;SAO PAULO;8;2690;JOAO RAMACCIOTTI PROF;Paraguai;1
ESTADUAL - SE;LESTE 4;ARTUR ALVIM;SAO PAULO;8;41671;AMADOR ARRUDA MENDES PROF;Bolívia;2
ESTADUAL - SE;LESTE 4;ARTUR ALVIM;SAO PAULO;8;41671;AMADOR ARRUDA MENDES PROF;Qatar;1
ESTADUAL - SE;LESTE 4;ARTUR ALVIM;SAO PAULO;8;43722;OSWALDO ARANHA BANDEIRA DE MELLO PROF;Angola;5
ESTADUAL - SE;LESTE 4;ARTUR ALVIM;SAO PAULO;8;43722;OSWALDO ARANHA BANDEIRA DE MELLO PROF;Bolívia;7
ESTADUAL - SE;LESTE 4;ARTUR ALVIM;SAO PAULO;8;43722;OSWALDO ARANHA BANDEIRA DE MELLO PROF;Congo, República Democrática do (antigo Zaire);1
ESTADUAL - SE;LESTE 4;ARTUR ALVIM;SAO PAULO;8;43722;OSWALDO ARANHA BANDEIRA DE MELLO PROF;Haiti;4
ESTADUAL - SE;LESTE 4;ARTUR ALVIM;SAO PAULO;8;44283;OCTACILIO DE CARVALHO LOPES PROF;Bolívia;2
ESTADUAL - SE;LESTE 4;ARTUR ALVIM;SAO PAULO;8;44295;ORESTES ROSOLIA PROF;Angola;4
ESTADUAL - SE;LESTE 4;ARTUR ALVIM;SAO PAULO;8;44295;ORESTES ROSOLIA PROF;Bolívia;2
ESTADUAL - SE;LESTE 4;ARTUR ALVIM;SAO PAULO;8;44295;ORESTES ROSOLIA PROF;Colômbia;2
ESTADUAL - SE;LESTE 4;ARTUR ALVIM;SAO PAULO;8;44295;ORESTES ROSOLIA PROF;Congo, República Democrática do (antigo Zaire);1
ESTADUAL - SE;LESTE 4;ARTUR ALVIM;SAO PAULO;8;44295;ORESTES ROSOLIA PROF;Haiti;4
ESTADUAL - SE;LESTE 4;ARTUR ALVIM;SAO PAULO;8;46279;ANTONIO SYLVIO DA CUNHA BUENO;Angola;2
ESTADUAL - SE;LESTE 4;ARTUR ALVIM;SAO PAULO;8;46279;ANTONIO SYLVIO DA CUNHA BUENO;Bolívia;4
ESTADUAL - SE;LESTE 4;ARTUR ALVIM;SAO PAULO;8;46279;ANTONIO SYLVIO DA CUNHA BUENO;Congo, República do;1
ESTADUAL - SE;LESTE 4;ARTUR ALVIM;SAO PAULO;8;46279;ANTONIO SYLVIO DA CUNHA BUENO;Haiti;2
ESTADUAL - SE;LESTE 4;ARTUR ALVIM;SAO PAULO;8;914678;OCTAVIO MARCONDES FERRAZ ENGENHEIRO;Angola;1
ESTADUAL - SE;LESTE 4;ARTUR ALVIM;SAO PAULO;8;914678;OCTAVIO MARCONDES FERRAZ ENGENHEIRO;Congo, República Democrática do (antigo Zaire);1
ESTADUAL - SE;LESTE 4;ARTUR ALVIM;SAO PAULO;8;914678;OCTAVIO MARCONDES FERRAZ ENGENHEIRO;Congo, República do;1
ESTADUAL - SE;LESTE 4;ARTUR ALVIM;SAO PAULO;8;914678;OCTAVIO MARCONDES FERRAZ ENGENHEIRO;Venezuela;1
ESTADUAL - SE;LESTE 4;CIDADE LIDER;SAO PAULO;8;3098;ASCANIO DE AZEVEDO CASTILHO PROF;Venezuela;2
ESTADUAL - SE;LESTE 4;CIDADE LIDER;SAO PAULO;8;3153;LUZIA DE QUEIROZ E OLIVEIRA PROFA;Bolívia;1
ESTADUAL - SE;LESTE 4;CIDADE LIDER;SAO PAULO;8;3153;LUZIA DE QUEIROZ E OLIVEIRA PROFA;Colômbia;1
ESTADUAL - SE;LESTE 4;CIDADE LIDER;SAO PAULO;8;3153;LUZIA DE QUEIROZ E OLIVEIRA PROFA;Congo, República Democrática do (antigo Zaire);2
ESTADUAL - SE;LESTE 4;CIDADE LIDER;SAO PAULO;8;43928;JORGE DUPRAT FIGUEIREDO;Angola;1
ESTADUAL - SE;LESTE 4;CIDADE LIDER;SAO PAULO;8;43928;JORGE DUPRAT FIGUEIREDO;Colômbia;4
ESTADUAL - SE;LESTE 4;CIDADE LIDER;SAO PAULO;8;43928;JORGE DUPRAT FIGUEIREDO;Portugal;1
ESTADUAL - SE;LESTE 4;CIDADE LIDER;SAO PAULO;8;43928;JORGE DUPRAT FIGUEIREDO;Venezuela;3
ESTADUAL - SE;LESTE 4;CIDADE LIDER;SAO PAULO;8;48641;PAULO LAURO DR;África do Sul;1
ESTADUAL - SE;LESTE 4;CIDADE LIDER;SAO PAULO;8;48641;PAULO LAURO DR;Angola;1
ESTADUAL - SE;LESTE 4;CIDADE LIDER;SAO PAULO;8;48641;PAULO LAURO DR;Bolívia;2
ESTADUAL - SE;LESTE 4;CIDADE LIDER;SAO PAULO;8;48641;PAULO LAURO DR;Haiti;1
ESTADUAL - SE;LESTE 4;CIDADE LIDER;SAO PAULO;8;48641;PAULO LAURO DR;Paraguai;1
ESTADUAL - SE;LESTE 4;CIDADE LIDER;SAO PAULO;8;901714;CAMILO MARIA CAVALHEIRO DOM;Bolívia;2
ESTADUAL - SE;LESTE 4;CIDADE LIDER;SAO PAULO;8;907112;SERGIO DA SILVA NOBREZA PROF;Angola;3
ESTADUAL - SE;LESTE 4;CIDADE LIDER;SAO PAULO;8;907112;SERGIO DA SILVA NOBREZA PROF;Argentina;2
ESTADUAL - SE;LESTE 4;CIDADE LIDER;SAO PAULO;8;907112;SERGIO DA SILVA NOBREZA PROF;Bolívia;6
ESTADUAL - SE;LESTE 4;CIDADE LIDER;SAO PAULO;8;907112;SERGIO DA SILVA NOBREZA PROF;Haiti;6
ESTADUAL - SE;LESTE 4;CIDADE LIDER;SAO PAULO;8;907112;SERGIO DA SILVA NOBREZA PROF;Peru;1
ESTADUAL - SE;LESTE 4;CIDADE LIDER;SAO PAULO;8;909002;ANTENOR SANTOS DE OLIVEIRA PROF;Bolívia;1
ESTADUAL - SE;LESTE 4;CIDADE LIDER;SAO PAULO;8;909002;ANTENOR SANTOS DE OLIVEIRA PROF;Paraguai;1
ESTADUAL - SE;LESTE 4;CIDADE LIDER;SAO PAULO;8;909014;PARQUE SAVOY CITY II;Bolívia;1
ESTADUAL - SE;LESTE 4;CIDADE LIDER;SAO PAULO;8;909014;PARQUE SAVOY CITY II;Colômbia;4
ESTADUAL - SE;LESTE 4;CIDADE LIDER;SAO PAULO;8;909014;PARQUE SAVOY CITY II;Venezuela;3
ESTADUAL - SE;LESTE 4;CIDADE LIDER;SAO PAULO;8;909026;A HEBRAICA;Bolívia;1
ESTADUAL - SE;LESTE 4;CIDADE LIDER;SAO PAULO;8;909026;A HEBRAICA;Haiti;1
ESTADUAL - SE;LESTE 4;CIDADE LIDER;SAO PAULO;8;909063;FRANCISCO GLYCERIO DE FREITAS DR;Colômbia;1
ESTADUAL - SE;LESTE 4;CIDADE LIDER;SAO PAULO;8;909063;FRANCISCO GLYCERIO DE FREITAS DR;Congo, República Democrática do (antigo Zaire);1
ESTADUAL - SE;LESTE 4;CIDADE LIDER;SAO PAULO;8;924209;IVO BANDONI PROF;Bolívia;2
ESTADUAL - SE;LESTE 4;CIDADE LIDER;SAO PAULO;8;924209;IVO BANDONI PROF;Centro-africana, República;1
ESTADUAL - SE;LESTE 4;CIDADE LIDER;SAO PAULO;8;924209;IVO BANDONI PROF;Venezuela;1
ESTADUAL - SE;LESTE 4;PARQUE DO CARMO;SAO PAULO;8;3104;CIDADE DE HIROSHIMA;Argentina;1
ESTADUAL - SE;LESTE 4;PARQUE DO CARMO;SAO PAULO;8;3104;CIDADE DE HIROSHIMA;Bolívia;7
ESTADUAL - SE;LESTE 4;PARQUE DO CARMO;SAO PAULO;8;3104;CIDADE DE HIROSHIMA;Japão;1
ESTADUAL - SE;LESTE 4;PARQUE DO CARMO;SAO PAULO;8;3104;CIDADE DE HIROSHIMA;Peru;1
ESTADUAL - SE;LESTE 4;PARQUE DO CARMO;SAO PAULO;8;3104;CIDADE DE HIROSHIMA;Venezuela;1
ESTADUAL - SE;LESTE 4;PARQUE DO CARMO;SAO PAULO;8;39248;QUINTILIANO JOSE SITRANGULO PROF;Argentina;1
ESTADUAL - SE;LESTE 4;PARQUE DO CARMO;SAO PAULO;8;39248;QUINTILIANO JOSE SITRANGULO PROF;Bolívia;2
ESTADUAL - SE;LESTE 4;PARQUE DO CARMO;SAO PAULO;8;39248;QUINTILIANO JOSE SITRANGULO PROF;Haiti;1
ESTADUAL - SE;LESTE 4;PARQUE DO CARMO;SAO PAULO;8;39248;QUINTILIANO JOSE SITRANGULO PROF;Panamá;1
ESTADUAL - SE;LESTE 4;PARQUE DO CARMO;SAO PAULO;8;41713;JOSE DE OLIVEIRA ORLANDI;Filipinas;1
ESTADUAL - SE;LESTE 4;PARQUE DO CARMO;SAO PAULO;8;41725;MARIA FERRAZ DE CAMPOS PROFA;Bolívia;2
ESTADUAL - SE;LESTE 4;PARQUE DO CARMO;SAO PAULO;8;41725;MARIA FERRAZ DE CAMPOS PROFA;Congo, República do;1
ESTADUAL - SE;LESTE 4;PARQUE DO CARMO;SAO PAULO;8;41725;MARIA FERRAZ DE CAMPOS PROFA;Haiti;2
ESTADUAL - SE;LESTE 4;PARQUE DO CARMO;SAO PAULO;8;902810;JOZINEIDE PEREIRA GAUDINO;Bolívia;4
ESTADUAL - SE;LESTE 4;PARQUE DO CARMO;SAO PAULO;8;902810;JOZINEIDE PEREIRA GAUDINO;Venezuela;1
ESTADUAL - SE;LESTE 4;PARQUE DO CARMO;SAO PAULO;8;906190;FRANCISCO MIGNONE;Angola;1
ESTADUAL - SE;LESTE 4;PARQUE DO CARMO;SAO PAULO;8;906190;FRANCISCO MIGNONE;Haiti;5
ESTADUAL - SE;LESTE 4;PARQUE DO CARMO;SAO PAULO;8;909087;KIMAKO KAMADA KINOSHITA PROFA;Argentina;1
ESTADUAL - SE;LESTE 4;PARQUE DO CARMO;SAO PAULO;8;914812;MANOEL DE MELO MISSIONARIO;Bolívia;6
ESTADUAL - SE;LESTE 4;PARQUE DO CARMO;SAO PAULO;8;914812;MANOEL DE MELO MISSIONARIO;Colômbia;1
ESTADUAL - SE;LESTE 4;SAO MATEUS;SAO PAULO;8;2331;PILAR GARCIA VIDAL DONA;Japão;1
ESTADUAL - SE;LESTE 4;SAO MATEUS;SAO PAULO;8;2331;PILAR GARCIA VIDAL DONA;Paraguai;1
ESTADUAL - SE;LESTE 4;SAO MATEUS;SAO PAULO;8;3189;ALFREDO MACHADO PEDROSA PROF;Angola;1
ESTADUAL - SE;LESTE 4;SAO MATEUS;SAO PAULO;8;3189;ALFREDO MACHADO PEDROSA PROF;Argentina;1
ESTADUAL - SE;LESTE 4;SAO MATEUS;SAO PAULO;8;3189;ALFREDO MACHADO PEDROSA PROF;Bolívia;1
ESTADUAL - SE;LESTE 4;SAO MATEUS;SAO PAULO;8;3189;ALFREDO MACHADO PEDROSA PROF;Venezuela;2
ESTADUAL - SE;LESTE 4;SAO MATEUS;SAO PAULO;8;3232;ADELINO JOSE DA SILVA D AZEVEDO PROF;Bolívia;2
ESTADUAL - SE;LESTE 4;SAO MATEUS;SAO PAULO;8;3273;SAO JOAO EVANGELISTA;Bolívia;1
ESTADUAL - SE;LESTE 4;SAO MATEUS;SAO PAULO;8;3300;ALFREDO ASHCAR PROF;Bolívia;1
ESTADUAL - SE;LESTE 4;SAO MATEUS;SAO PAULO;8;3300;ALFREDO ASHCAR PROF;Japão;1
ESTADUAL - SE;LESTE 4;SAO MATEUS;SAO PAULO;8;3335;WALTER BELIAN;Venezuela;3
ESTADUAL - SE;LESTE 4;SAO MATEUS;SAO PAULO;8;39263;CHIBATA MIYAKOSHI;Bolívia;5
ESTADUAL - SE;LESTE 4;SAO MATEUS;SAO PAULO;8;39354;VICTORIO AMERICO FONTANA PROF;Paquistão;1
ESTADUAL - SE;LESTE 4;SAO MATEUS;SAO PAULO;8;41701;MARIA LOURDES ROSARIO NEGREIROS PROFA;Colômbia;1
ESTADUAL - SE;LESTE 4;SAO MATEUS;SAO PAULO;8;41701;MARIA LOURDES ROSARIO NEGREIROS PROFA;Paraguai;1
ESTADUAL - SE;LESTE 4;SAO MATEUS;SAO PAULO;8;41701;MARIA LOURDES ROSARIO NEGREIROS PROFA;Venezuela;1
ESTADUAL - SE;LESTE 4;SAO MATEUS;SAO PAULO;8;902639;JOAO CAMARGO PROF;Argentina;1
ESTADUAL - SE;LESTE 4;SAO MATEUS;SAO PAULO;8;902639;JOAO CAMARGO PROF;Bolívia;6
ESTADUAL - SE;LESTE 4;SAO MATEUS;SAO PAULO;8;902639;JOAO CAMARGO PROF;Equador;1
ESTADUAL - SE;LESTE 4;SAO MATEUS;SAO PAULO;8;902639;JOAO CAMARGO PROF;Japão;2
ESTADUAL - SE;LESTE 4;SAO MATEUS;SAO PAULO;8;902639;JOAO CAMARGO PROF;Peru;1
ESTADUAL - SE;LESTE 4;SAO MATEUS;SAO PAULO;8;902639;JOAO CAMARGO PROF;Venezuela;5
ESTADUAL - SE;LESTE 4;SAO MATEUS;SAO PAULO;8;909051;LOURENCO ZANELATTI;Japão;1
ESTADUAL - SE;LESTE 4;SAO MATEUS;SAO PAULO;8;909075;WILFREDO PINHEIRO PROF;Bolívia;2
ESTADUAL - SE;LESTE 4;SAO MATEUS;SAO PAULO;8;909130;INAH JACY DE CASTRO AGUIAR;Bolívia;3
ESTADUAL - SE;LESTE 4;SAO MATEUS;SAO PAULO;8;909130;INAH JACY DE CASTRO AGUIAR;Venezuela;1
ESTADUAL - SE;LESTE 4;SAO MATEUS;SAO PAULO;8;922894;SAPOPEMBA;Angola;2
ESTADUAL - SE;LESTE 4;SAO MATEUS;SAO PAULO;8;922894;SAPOPEMBA;Bolívia;2
ESTADUAL - SE;LESTE 4;SAO MATEUS;SAO PAULO;8;922894;SAPOPEMBA;Japão;1
ESTADUAL - SE;LESTE 4;SAO MATEUS;SAO PAULO;8;922894;SAPOPEMBA;Paraguai;1
ESTADUAL - SE;LESTE 4;SAO MATEUS;SAO PAULO;8;922894;SAPOPEMBA;Venezuela;4
ESTADUAL - SE;LESTE 4;SAPOPEMBA;SAO PAULO;8;1727;VICTOR MIGUEL ROMANO PROF;Bolívia;2
ESTADUAL - SE;LESTE 4;SAPOPEMBA;SAO PAULO;8;1727;VICTOR MIGUEL ROMANO PROF;Japão;1
ESTADUAL - SE;LESTE 4;SAPOPEMBA;SAO PAULO;8;1752;AROLDO DE AZEVEDO PROF;Haiti;1
ESTADUAL - SE;LESTE 4;SAPOPEMBA;SAO PAULO;8;1752;AROLDO DE AZEVEDO PROF;Peru;2
ESTADUAL - SE;LESTE 4;SAPOPEMBA;SAO PAULO;8;1752;AROLDO DE AZEVEDO PROF;Venezuela;3
ESTADUAL - SE;LESTE 4;SAPOPEMBA;SAO PAULO;8;3165;JANDYRA VIEIRA CUNHA BARRA PROFA;Angola;2
ESTADUAL - SE;LESTE 4;SAPOPEMBA;SAO PAULO;8;3165;JANDYRA VIEIRA CUNHA BARRA PROFA;Camarões;1
ESTADUAL - SE;LESTE 4;SAPOPEMBA;SAO PAULO;8;3165;JANDYRA VIEIRA CUNHA BARRA PROFA;Venezuela;1
ESTADUAL - SE;LESTE 4;SAPOPEMBA;SAO PAULO;8;37813;DIDIO DA SILVEIRA BALDY PROF;Colômbia;1
ESTADUAL - SE;LESTE 4;SAPOPEMBA;SAO PAULO;8;39093;JULIETA TERLIZZI BINDO PROFA;Bolívia;2
ESTADUAL - SE;LESTE 4;SAPOPEMBA;SAO PAULO;8;39093;JULIETA TERLIZZI BINDO PROFA;Haiti;1
ESTADUAL - SE;LESTE 4;SAPOPEMBA;SAO PAULO;8;48628;EMIR MACEDO NOGUEIRA JORNALISTA PROF;Venezuela;2
ESTADUAL - SE;LESTE 4;SAPOPEMBA;SAO PAULO;8;268288;FAZENDA DA JUTA VI;Venezuela;4
ESTADUAL - SE;LESTE 4;SAPOPEMBA;SAO PAULO;8;901702;MIGUEL SANSIGOLO PROF;Bolívia;1
ESTADUAL - SE;LESTE 4;SAPOPEMBA;SAO PAULO;8;901702;MIGUEL SANSIGOLO PROF;Venezuela;3
ESTADUAL - SE;LESTE 4;SAPOPEMBA;SAO PAULO;8;902226;SHIRO KYONO DEPUTADO;Marrocos;1
ESTADUAL - SE;LESTE 4;SAPOPEMBA;SAO PAULO;8;902226;SHIRO KYONO DEPUTADO;Venezuela;1
ESTADUAL - SE;LESTE 4;SAPOPEMBA;SAO PAULO;8;902809;ARTHUR CHAGAS JUNIOR PROF;Angola;4
ESTADUAL - SE;LESTE 4;SAPOPEMBA;SAO PAULO;8;902809;ARTHUR CHAGAS JUNIOR PROF;Venezuela;3
ESTADUAL - SE;LESTE 4;SAPOPEMBA;SAO PAULO;8;909105;VALDIR FERNANDES PINTO PROF;Venezuela;4
ESTADUAL - SE;LESTE 4;SAPOPEMBA;SAO PAULO;8;924647;REPUBLICA DA NICARAGUA;Angola;3
ESTADUAL - SE;LESTE 4;SAPOPEMBA;SAO PAULO;8;924647;REPUBLICA DA NICARAGUA;Congo, República do;2
ESTADUAL - SE;LESTE 4;SAPOPEMBA;SAO PAULO;8;924647;REPUBLICA DA NICARAGUA;Venezuela;3
ESTADUAL - SE;LESTE 4;VILA MATILDE;SAO PAULO;8;2355;MARISA DE MELLO PROFA;Congo, República Democrática do (antigo Zaire);1
ESTADUAL - SE;LESTE 4;VILA MATILDE;SAO PAULO;8;2367;OLGA MARINOVIC DORO PROFA;Bolívia;1
ESTADUAL - SE;LESTE 4;VILA MATILDE;SAO PAULO;8;2367;OLGA MARINOVIC DORO PROFA;Colômbia;1
ESTADUAL - SE;LESTE 4;VILA MATILDE;SAO PAULO;8;2409;LUIZ ANTONIO FRAGOSO PROF;Bolívia;2
ESTADUAL - SE;LESTE 4;VILA MATILDE;SAO PAULO;8;2409;LUIZ ANTONIO FRAGOSO PROF;Colômbia;1
ESTADUAL - SE;LESTE 4;VILA MATILDE;SAO PAULO;8;2409;LUIZ ANTONIO FRAGOSO PROF;Japão;1
ESTADUAL - SE;LESTE 4;VILA MATILDE;SAO PAULO;8;2434;JAMIL PEDRO SAWAYA PROF;Angola;1
ESTADUAL - SE;LESTE 4;VILA MATILDE;SAO PAULO;8;2434;JAMIL PEDRO SAWAYA PROF;Bolívia;4
ESTADUAL - SE;LESTE 4;VILA MATILDE;SAO PAULO;8;2434;JAMIL PEDRO SAWAYA PROF;Congo, República do;1
ESTADUAL - SE;LESTE 4;VILA MATILDE;SAO PAULO;8;2458;BERNARDO RODRIGUES NOGUEIRA DOM;Bolívia;7
ESTADUAL - SE;LESTE 4;VILA MATILDE;SAO PAULO;8;2458;BERNARDO RODRIGUES NOGUEIRA DOM;Congo, República Democrática do (antigo Zaire);1
ESTADUAL - SE;LESTE 4;VILA MATILDE;SAO PAULO;8;2471;ZALINA ROLIM DONA;Angola;1
ESTADUAL - SE;LESTE 4;VILA MATILDE;SAO PAULO;8;2471;ZALINA ROLIM DONA;Japão;1
ESTADUAL - SE;LESTE 4;VILA MATILDE;SAO PAULO;8;2471;ZALINA ROLIM DONA;Nigéria;1
ESTADUAL - SE;LESTE 4;VILA MATILDE;SAO PAULO;8;2549;ADELAIDE FERRAZ DE OLIVEIRA PROFA;África do Sul;1
ESTADUAL - SE;LESTE 4;VILA MATILDE;SAO PAULO;8;2549;ADELAIDE FERRAZ DE OLIVEIRA PROFA;Bolívia;8
ESTADUAL - SE;LESTE 4;VILA MATILDE;SAO PAULO;8;2549;ADELAIDE FERRAZ DE OLIVEIRA PROFA;Espanha;1
ESTADUAL - SE;LESTE 4;VILA MATILDE;SAO PAULO;8;2636;INFANTE DOM HENRIQUE;Bolívia;1
ESTADUAL - SE;LESTE 4;VILA MATILDE;SAO PAULO;8;2636;INFANTE DOM HENRIQUE;Colômbia;1
ESTADUAL - SE;LESTE 4;VILA MATILDE;SAO PAULO;8;2641;JOSE PEREIRA DE QUEIROZ DR;Bolívia;3
ESTADUAL - SE;LESTE 4;VILA MATILDE;SAO PAULO;8;2641;JOSE PEREIRA DE QUEIROZ DR;Congo, República Democrática do (antigo Zaire);1
ESTADUAL - SE;LESTE 4;VILA MATILDE;SAO PAULO;8;2653;AFONSO PENNA JUNIOR PROF;Bolívia;5
ESTADUAL - SE;LESTE 4;VILA MATILDE;SAO PAULO;8;2653;AFONSO PENNA JUNIOR PROF;Paraguai;1
ESTADUAL - SE;LESTE 4;VILA MATILDE;SAO PAULO;8;2677;JOSE TALARICO;Angola;1
ESTADUAL - SE;LESTE 4;VILA MATILDE;SAO PAULO;8;2677;JOSE TALARICO;Colômbia;1
ESTADUAL - SE;LESTE 4;VILA MATILDE;SAO PAULO;8;908997;MENOTTI DEL PICCHIA POETA;Bolívia;1
ESTADUAL - SE;LESTE 5;AGUA RASA;SAO PAULO;8;1387;THEODORO DE MORAES PROFESSOR;Cuba;1
ESTADUAL - SE;LESTE 5;AGUA RASA;SAO PAULO;8;1399;PAULO MONTE SERRAT PROFESSOR;Bolívia;1
ESTADUAL - SE;LESTE 5;AGUA RASA;SAO PAULO;8;1417;ISAI LEIRNER;Bolívia;2
ESTADUAL - SE;LESTE 5;AGUA RASA;SAO PAULO;8;1417;ISAI LEIRNER;Haiti;1
ESTADUAL - SE;LESTE 5;AGUA RASA;SAO PAULO;8;1430;ANDRE OHL;Haiti;1
ESTADUAL - SE;LESTE 5;AGUA RASA;SAO PAULO;8;1442;ANDRE XAVIER GALLICHO PROFESSOR;Bolívia;14
ESTADUAL - SE;LESTE 5;AGUA RASA;SAO PAULO;8;1442;ANDRE XAVIER GALLICHO PROFESSOR;Líbano;1
ESTADUAL - SE;LESTE 5;AGUA RASA;SAO PAULO;8;1442;ANDRE XAVIER GALLICHO PROFESSOR;Síria;2
ESTADUAL - SE;LESTE 5;AGUA RASA;SAO PAULO;8;1491;ANNA TEIXEIRA PRADO ZACHARIAS PROFESSORA;Bolívia;5
ESTADUAL - SE;LESTE 5;AGUA RASA;SAO PAULO;8;1491;ANNA TEIXEIRA PRADO ZACHARIAS PROFESSORA;Japão;2
ESTADUAL - SE;LESTE 5;AGUA RASA;SAO PAULO;8;1600;PLINIO BARRETO;Angola;4
ESTADUAL - SE;LESTE 5;AGUA RASA;SAO PAULO;8;1600;PLINIO BARRETO;Argentina;1
ESTADUAL - SE;LESTE 5;AGUA RASA;SAO PAULO;8;1600;PLINIO BARRETO;Arménia;1
ESTADUAL - SE;LESTE 5;AGUA RASA;SAO PAULO;8;1600;PLINIO BARRETO;Bolívia;32
ESTADUAL - SE;LESTE 5;AGUA RASA;SAO PAULO;8;1600;PLINIO BARRETO;Colômbia;2
ESTADUAL - SE;LESTE 5;AGUA RASA;SAO PAULO;8;1600;PLINIO BARRETO;Nigéria;1
ESTADUAL - SE;LESTE 5;AGUA RASA;SAO PAULO;8;1624;WOLNY CARVALHO RAMOS PROFESSOR;Bolívia;6
ESTADUAL - SE;LESTE 5;AGUA RASA;SAO PAULO;8;1624;WOLNY CARVALHO RAMOS PROFESSOR;Cuba;2
ESTADUAL - SE;LESTE 5;AGUA RASA;SAO PAULO;8;1703;MARIO MARQUES DE OLIVEIRA PROFESSOR;Bolívia;3
ESTADUAL - SE;LESTE 5;AGUA RASA;SAO PAULO;8;1703;MARIO MARQUES DE OLIVEIRA PROFESSOR;Guiné-Conacri;1
ESTADUAL - SE;LESTE 5;AGUA RASA;SAO PAULO;8;1703;MARIO MARQUES DE OLIVEIRA PROFESSOR;Japão;1
ESTADUAL - SE;LESTE 5;AGUA RASA;SAO PAULO;8;1806;JOY ARRUDA DOUTOR;Bolívia;1
ESTADUAL - SE;LESTE 5;AGUA RASA;SAO PAULO;8;1806;JOY ARRUDA DOUTOR;Japão;1
ESTADUAL - SE;LESTE 5;AGUA RASA;SAO PAULO;8;1806;JOY ARRUDA DOUTOR;Síria;3
ESTADUAL - SE;LESTE 5;AGUA RASA;SAO PAULO;8;1910;CLEMENTE QUAGLIO PROFESSOR;Bolívia;3
ESTADUAL - SE;LESTE 5;AGUA RASA;SAO PAULO;8;1910;CLEMENTE QUAGLIO PROFESSOR;Colômbia;1
ESTADUAL - SE;LESTE 5;AGUA RASA;SAO PAULO;8;1910;CLEMENTE QUAGLIO PROFESSOR;Portugal;1
ESTADUAL - SE;LESTE 5;AGUA RASA;SAO PAULO;8;1910;CLEMENTE QUAGLIO PROFESSOR;Venezuela;4
ESTADUAL - SE;LESTE 5;ARICANDUVA;SAO PAULO;8;1971;MOACYR CAMPOS PROFESSOR;Colômbia;3
ESTADUAL - SE;LESTE 5;ARICANDUVA;SAO PAULO;8;1971;MOACYR CAMPOS PROFESSOR;Japão;2
ESTADUAL - SE;LESTE 5;ARICANDUVA;SAO PAULO;8;2069;ARACY LEME DA VEIGA RAVACHE PROFESSORA;Dominicana, República;1
ESTADUAL - SE;LESTE 5;ARICANDUVA;SAO PAULO;8;2136;CARAMURU;Angola;1
ESTADUAL - SE;LESTE 5;ARICANDUVA;SAO PAULO;8;2136;CARAMURU;Japão;1
ESTADUAL - SE;LESTE 5;ARICANDUVA;SAO PAULO;8;2136;CARAMURU;Líbia;1
ESTADUAL - SE;LESTE 5;ARICANDUVA;SAO PAULO;8;2318;SANTOS AMARO DA CRUZ PROFESSOR;Congo, República do;1
ESTADUAL - SE;LESTE 5;ARICANDUVA;SAO PAULO;8;2318;SANTOS AMARO DA CRUZ PROFESSOR;Paraguai;2
ESTADUAL - SE;LESTE 5;ARICANDUVA;SAO PAULO;8;37333;DUQUE DE CAXIAS;Colômbia;1
ESTADUAL - SE;LESTE 5;ARICANDUVA;SAO PAULO;8;44271;NAGIB IZAR;China;1
ESTADUAL - SE;LESTE 5;ARICANDUVA;SAO PAULO;8;44271;NAGIB IZAR;Colômbia;4
ESTADUAL - SE;LESTE 5;ARICANDUVA;SAO PAULO;8;44271;NAGIB IZAR;Equador;1
ESTADUAL - SE;LESTE 5;ARICANDUVA;SAO PAULO;8;44271;NAGIB IZAR;Síria;1
ESTADUAL - SE;LESTE 5;BELEM;SAO PAULO;8;1375;LOUREIRO JUNIOR PROFESSOR;Argentina;1
ESTADUAL - SE;LESTE 5;BELEM;SAO PAULO;8;1375;LOUREIRO JUNIOR PROFESSOR;Bolívia;1
ESTADUAL - SE;LESTE 5;BELEM;SAO PAULO;8;1466;AMADEU AMARAL;Angola;9
ESTADUAL - SE;LESTE 5;BELEM;SAO PAULO;8;1466;AMADEU AMARAL;Argentina;1
ESTADUAL - SE;LESTE 5;BELEM;SAO PAULO;8;1466;AMADEU AMARAL;Arménia;1
ESTADUAL - SE;LESTE 5;BELEM;SAO PAULO;8;1466;AMADEU AMARAL;Bolívia;107
ESTADUAL - SE;LESTE 5;BELEM;SAO PAULO;8;1466;AMADEU AMARAL;Equador;2
ESTADUAL - SE;LESTE 5;BELEM;SAO PAULO;8;1466;AMADEU AMARAL;Iémen;2
ESTADUAL - SE;LESTE 5;BELEM;SAO PAULO;8;1466;AMADEU AMARAL;Moçambique;1
ESTADUAL - SE;LESTE 5;BELEM;SAO PAULO;8;1466;AMADEU AMARAL;Paraguai;2
ESTADUAL - SE;LESTE 5;BELEM;SAO PAULO;8;1466;AMADEU AMARAL;Peru;6
ESTADUAL - SE;LESTE 5;BELEM;SAO PAULO;8;1466;AMADEU AMARAL;Portugal;1
ESTADUAL - SE;LESTE 5;BELEM;SAO PAULO;8;1485;GUERINO RASO;Arábia Saudita;1
ESTADUAL - SE;LESTE 5;BELEM;SAO PAULO;8;1485;GUERINO RASO;Bolívia;3
ESTADUAL - SE;LESTE 5;BELEM;SAO PAULO;8;1485;GUERINO RASO;China;1
ESTADUAL - SE;LESTE 5;BELEM;SAO PAULO;8;1485;GUERINO RASO;Jordânia;1
ESTADUAL - SE;LESTE 5;BELEM;SAO PAULO;8;1485;GUERINO RASO;Paraguai;1
ESTADUAL - SE;LESTE 5;BELEM;SAO PAULO;8;1485;GUERINO RASO;Peru;1
ESTADUAL - SE;LESTE 5;BELEM;SAO PAULO;8;1508;ANTONIO DE QUEIROZ TELLES DOUTOR;Bolívia;17
ESTADUAL - SE;LESTE 5;BELEM;SAO PAULO;8;1508;ANTONIO DE QUEIROZ TELLES DOUTOR;Colômbia;1
ESTADUAL - SE;LESTE 5;BELEM;SAO PAULO;8;1508;ANTONIO DE QUEIROZ TELLES DOUTOR;Cuba;1
ESTADUAL - SE;LESTE 5;BELEM;SAO PAULO;8;1508;ANTONIO DE QUEIROZ TELLES DOUTOR;Equador;1
ESTADUAL - SE;LESTE 5;BELEM;SAO PAULO;8;1508;ANTONIO DE QUEIROZ TELLES DOUTOR;Paraguai;2
ESTADUAL - SE;LESTE 5;BELEM;SAO PAULO;8;1508;ANTONIO DE QUEIROZ TELLES DOUTOR;Qatar;1
ESTADUAL - SE;LESTE 5;BELEM;SAO PAULO;8;1582;DOMINGOS FAUSTINO SARMIENTO;Angola;3
ESTADUAL - SE;LESTE 5;BELEM;SAO PAULO;8;1582;DOMINGOS FAUSTINO SARMIENTO;Argentina;5
ESTADUAL - SE;LESTE 5;BELEM;SAO PAULO;8;1582;DOMINGOS FAUSTINO SARMIENTO;Bangladesh;1
ESTADUAL - SE;LESTE 5;BELEM;SAO PAULO;8;1582;DOMINGOS FAUSTINO SARMIENTO;Bolívia;112
ESTADUAL - SE;LESTE 5;BELEM;SAO PAULO;8;1582;DOMINGOS FAUSTINO SARMIENTO;Haiti;1
ESTADUAL - SE;LESTE 5;BELEM;SAO PAULO;8;1582;DOMINGOS FAUSTINO SARMIENTO;Nigéria;1
ESTADUAL - SE;LESTE 5;BELEM;SAO PAULO;8;1582;DOMINGOS FAUSTINO SARMIENTO;Paraguai;7
ESTADUAL - SE;LESTE 5;BELEM;SAO PAULO;8;1582;DOMINGOS FAUSTINO SARMIENTO;Peru;4
ESTADUAL - SE;LESTE 5;BELEM;SAO PAULO;8;1582;DOMINGOS FAUSTINO SARMIENTO;Venezuela;5
ESTADUAL - SE;LESTE 5;CARRAO;SAO PAULO;8;1995;JULIA AMALIA AZEVEDO ANTUNES PROFESSORA;Paraguai;1
ESTADUAL - SE;LESTE 5;CARRAO;SAO PAULO;8;2021;IRENE RIBEIRO PROFESSORA;Colômbia;1
ESTADUAL - SE;LESTE 5;CARRAO;SAO PAULO;8;2021;IRENE RIBEIRO PROFESSORA;Japão;1
ESTADUAL - SE;LESTE 5;CARRAO;SAO PAULO;8;2021;IRENE RIBEIRO PROFESSORA;Reino Unido da Grã-Bretanha e Irlanda do Norte;1
ESTADUAL - SE;LESTE 5;CARRAO;SAO PAULO;8;2045;ALVINO BITTENCOURT PROFESSOR;Bolívia;1
ESTADUAL - SE;LESTE 5;CARRAO;SAO PAULO;8;2045;ALVINO BITTENCOURT PROFESSOR;Japão;1
ESTADUAL - SE;LESTE 5;CARRAO;SAO PAULO;8;2057;AMELIA DE ARAUJO DONA;Alemanha;1
ESTADUAL - SE;LESTE 5;CARRAO;SAO PAULO;8;2057;AMELIA DE ARAUJO DONA;Venezuela;2
ESTADUAL - SE;LESTE 5;CARRAO;SAO PAULO;8;39111;JAIME CORTESAO;Alemanha;2
ESTADUAL - SE;LESTE 5;CARRAO;SAO PAULO;8;39111;JAIME CORTESAO;Djibouti;1
ESTADUAL - SE;LESTE 5;CARRAO;SAO PAULO;8;39111;JAIME CORTESAO;Venezuela;1
ESTADUAL - SE;LESTE 5;SAO LUCAS;SAO PAULO;8;1673;MARIA DA GLORIA COSTA E SILVA PROFESSORA;Venezuela;6
ESTADUAL - SE;LESTE 5;SAO LUCAS;SAO PAULO;8;1697;BEATRIZ R BASSI ASTORINO PROFESSORA;Espanha;1
ESTADUAL - SE;LESTE 5;SAO LUCAS;SAO PAULO;8;1697;BEATRIZ R BASSI ASTORINO PROFESSORA;Japão;2
ESTADUAL - SE;LESTE 5;SAO LUCAS;SAO PAULO;8;1740;STEFAN ZWEIG;Bolívia;1
ESTADUAL - SE;LESTE 5;SAO LUCAS;SAO PAULO;8;1776;SECUNDINO DOMINGUES FILHO DOUTOR;Argentina;2
ESTADUAL - SE;LESTE 5;SAO LUCAS;SAO PAULO;8;1776;SECUNDINO DOMINGUES FILHO DOUTOR;Bolívia;2
ESTADUAL - SE;LESTE 5;SAO LUCAS;SAO PAULO;8;1776;SECUNDINO DOMINGUES FILHO DOUTOR;Haiti;1
ESTADUAL - SE;LESTE 5;SAO LUCAS;SAO PAULO;8;1776;SECUNDINO DOMINGUES FILHO DOUTOR;Venezuela;1
ESTADUAL - SE;LESTE 5;SAO LUCAS;SAO PAULO;8;1867;LUIZA MENDES CORREA SOUZA PROFESSORA;Egipto;1
ESTADUAL - SE;LESTE 5;SAO LUCAS;SAO PAULO;8;1880;JOSE CHEDIAK;Bolívia;2
ESTADUAL - SE;LESTE 5;SAO LUCAS;SAO PAULO;8;1880;JOSE CHEDIAK;Chile;1
ESTADUAL - SE;LESTE 5;SAO LUCAS;SAO PAULO;8;1880;JOSE CHEDIAK;China;1
ESTADUAL - SE;LESTE 5;SAO LUCAS;SAO PAULO;8;1880;JOSE CHEDIAK;Estados Unidos da América;1
ESTADUAL - SE;LESTE 5;SAO LUCAS;SAO PAULO;8;1880;JOSE CHEDIAK;Haiti;2
ESTADUAL - SE;LESTE 5;SAO LUCAS;SAO PAULO;8;1880;JOSE CHEDIAK;Venezuela;1
ESTADUAL - SE;LESTE 5;SAO LUCAS;SAO PAULO;8;1934;JOAQUIM BRAGA DE PAULA PROFESSOR;Haiti;1
ESTADUAL - SE;LESTE 5;SAO LUCAS;SAO PAULO;8;36973;BRANCA CASTRO CANTO E MELO PROFESSORA;Haiti;1
ESTADUAL - SE;LESTE 5;SAO LUCAS;SAO PAULO;8;36973;BRANCA CASTRO CANTO E MELO PROFESSORA;Venezuela;2
ESTADUAL - SE;LESTE 5;SAO LUCAS;SAO PAULO;8;37801;JOAQUIM GOUVEIA FRANCO JUNIOR DEPUTADO;Venezuela;2
ESTADUAL - SE;LESTE 5;TATUAPE;SAO PAULO;6;985041;CEL JTO A EE JOAO DIAS DA SILVEIRA PROFESSOR;Angola;2
ESTADUAL - SE;LESTE 5;TATUAPE;SAO PAULO;6;985041;CEL JTO A EE JOAO DIAS DA SILVEIRA PROFESSOR;Japão;3
ESTADUAL - SE;LESTE 5;TATUAPE;SAO PAULO;6;985041;CEL JTO A EE JOAO DIAS DA SILVEIRA PROFESSOR;Venezuela;1
ESTADUAL - SE;LESTE 5;TATUAPE;SAO PAULO;8;2008;JOAO DIAS DA SILVEIRA PROFESSOR;Angola;5
ESTADUAL - SE;LESTE 5;TATUAPE;SAO PAULO;8;2008;JOAO DIAS DA SILVEIRA PROFESSOR;Bolívia;3
ESTADUAL - SE;LESTE 5;TATUAPE;SAO PAULO;8;2008;JOAO DIAS DA SILVEIRA PROFESSOR;Equador;2
ESTADUAL - SE;LESTE 5;TATUAPE;SAO PAULO;8;2008;JOAO DIAS DA SILVEIRA PROFESSOR;Haiti;1
ESTADUAL - SE;LESTE 5;TATUAPE;SAO PAULO;8;2008;JOAO DIAS DA SILVEIRA PROFESSOR;Paraguai;1
ESTADUAL - SE;LESTE 5;TATUAPE;SAO PAULO;8;2012;JOAO CLIMACO DA SILVA KRUSE PROFESSOR;Bolívia;2
ESTADUAL - SE;LESTE 5;TATUAPE;SAO PAULO;8;2012;JOAO CLIMACO DA SILVA KRUSE PROFESSOR;Síria;1
ESTADUAL - SE;LESTE 5;TATUAPE;SAO PAULO;8;2070;BENEDITO ESTEVAM DOS SANTOS DOUTOR;Jordânia;1
ESTADUAL - SE;LESTE 5;TATUAPE;SAO PAULO;8;2070;BENEDITO ESTEVAM DOS SANTOS DOUTOR;Paraguai;1
ESTADUAL - SE;LESTE 5;TATUAPE;SAO PAULO;8;2070;BENEDITO ESTEVAM DOS SANTOS DOUTOR;Síria;1
ESTADUAL - SE;LESTE 5;TATUAPE;SAO PAULO;8;2100;ERASMO BRAGA;Angola;1
ESTADUAL - SE;LESTE 5;TATUAPE;SAO PAULO;8;2100;ERASMO BRAGA;Bolívia;9
ESTADUAL - SE;LESTE 5;TATUAPE;SAO PAULO;8;2100;ERASMO BRAGA;Haiti;1
ESTADUAL - SE;LESTE 5;TATUAPE;SAO PAULO;8;2100;ERASMO BRAGA;Síria;1
ESTADUAL - SE;LESTE 5;TATUAPE;SAO PAULO;8;2112;CONGONHAS DO CAMPO VISCONDE DE;Argentina;1
ESTADUAL - SE;LESTE 5;TATUAPE;SAO PAULO;8;2112;CONGONHAS DO CAMPO VISCONDE DE;Bolívia;4
ESTADUAL - SE;LESTE 5;TATUAPE;SAO PAULO;8;2112;CONGONHAS DO CAMPO VISCONDE DE;China;2
ESTADUAL - SE;LESTE 5;TATUAPE;SAO PAULO;8;2112;CONGONHAS DO CAMPO VISCONDE DE;Colômbia;1
ESTADUAL - SE;LESTE 5;TATUAPE;SAO PAULO;8;2112;CONGONHAS DO CAMPO VISCONDE DE;Irão;1
ESTADUAL - SE;LESTE 5;TATUAPE;SAO PAULO;8;2112;CONGONHAS DO CAMPO VISCONDE DE;Paraguai;6
ESTADUAL - SE;LESTE 5;TATUAPE;SAO PAULO;8;2112;CONGONHAS DO CAMPO VISCONDE DE;Síria;3
ESTADUAL - SE;LESTE 5;TATUAPE;SAO PAULO;8;2124;CARLOS ESCOBAR;Angola;2
ESTADUAL - SE;LESTE 5;TATUAPE;SAO PAULO;8;2124;CARLOS ESCOBAR;Argentina;1
ESTADUAL - SE;LESTE 5;TATUAPE;SAO PAULO;8;2124;CARLOS ESCOBAR;Bolívia;12
ESTADUAL - SE;LESTE 5;TATUAPE;SAO PAULO;8;2124;CARLOS ESCOBAR;Colômbia;1
ESTADUAL - SE;LESTE 5;TATUAPE;SAO PAULO;8;2124;CARLOS ESCOBAR;Paquistão;1
ESTADUAL - SE;LESTE 5;TATUAPE;SAO PAULO;8;2148;PAULO NOVAES DE CARVALHO PROFESSOR;Bolívia;3
ESTADUAL - SE;LESTE 5;TATUAPE;SAO PAULO;8;2148;PAULO NOVAES DE CARVALHO PROFESSOR;Colômbia;1
ESTADUAL - SE;LESTE 5;TATUAPE;SAO PAULO;8;2148;PAULO NOVAES DE CARVALHO PROFESSOR;Cuba;2
ESTADUAL - SE;LESTE 5;TATUAPE;SAO PAULO;8;2148;PAULO NOVAES DE CARVALHO PROFESSOR;Espanha;1
ESTADUAL - SE;LESTE 5;TATUAPE;SAO PAULO;8;2148;PAULO NOVAES DE CARVALHO PROFESSOR;Japão;2
ESTADUAL - SE;LESTE 5;TATUAPE;SAO PAULO;8;2148;PAULO NOVAES DE CARVALHO PROFESSOR;Síria;2
ESTADUAL - SE;LESTE 5;TATUAPE;SAO PAULO;8;2148;PAULO NOVAES DE CARVALHO PROFESSOR;Venezuela;1
ESTADUAL - SE;LESTE 5;TATUAPE;SAO PAULO;8;2173;JOAO BORGES PROFESSOR;Espanha;1
ESTADUAL - SE;LESTE 5;TATUAPE;SAO PAULO;8;2173;JOAO BORGES PROFESSOR;Japão;1
ESTADUAL - SE;LESTE 5;TATUAPE;SAO PAULO;8;2173;JOAO BORGES PROFESSOR;Paraguai;1
ESTADUAL - SE;LESTE 5;TATUAPE;SAO PAULO;8;2227;BENEDITA RIBAS F SILVEIRA PROFESSORA;Angola;7
ESTADUAL - SE;LESTE 5;TATUAPE;SAO PAULO;8;2227;BENEDITA RIBAS F SILVEIRA PROFESSORA;Bolívia;6
ESTADUAL - SE;LESTE 5;TATUAPE;SAO PAULO;8;2227;BENEDITA RIBAS F SILVEIRA PROFESSORA;Equador;1
ESTADUAL - SE;LESTE 5;TATUAPE;SAO PAULO;8;2227;BENEDITA RIBAS F SILVEIRA PROFESSORA;Haiti;1
ESTADUAL - SE;LESTE 5;TATUAPE;SAO PAULO;8;2227;BENEDITA RIBAS F SILVEIRA PROFESSORA;Nigéria;2
ESTADUAL - SE;LESTE 5;TATUAPE;SAO PAULO;8;2227;BENEDITA RIBAS F SILVEIRA PROFESSORA;Peru;2
ESTADUAL - SE;LESTE 5;TATUAPE;SAO PAULO;8;2227;BENEDITA RIBAS F SILVEIRA PROFESSORA;Venezuela;2
ESTADUAL - SE;LESTE 5;TATUAPE;SAO PAULO;8;2252;ASCENDINO REIS PROFESSOR;Bolívia;1
ESTADUAL - SE;LESTE 5;TATUAPE;SAO PAULO;8;2252;ASCENDINO REIS PROFESSOR;Espanha;1
ESTADUAL - SE;LESTE 5;TATUAPE;SAO PAULO;8;2252;ASCENDINO REIS PROFESSOR;Estados Unidos da América;1
ESTADUAL - SE;LESTE 5;TATUAPE;SAO PAULO;8;2252;ASCENDINO REIS PROFESSOR;Guiné-Bissau;1
ESTADUAL - SE;LESTE 5;TATUAPE;SAO PAULO;8;2264;OSWALDO CATALANO;Angola;2
ESTADUAL - SE;LESTE 5;TATUAPE;SAO PAULO;8;2264;OSWALDO CATALANO;Argentina;1
ESTADUAL - SE;LESTE 5;TATUAPE;SAO PAULO;8;2264;OSWALDO CATALANO;Bolívia;12
ESTADUAL - SE;LESTE 5;TATUAPE;SAO PAULO;8;2264;OSWALDO CATALANO;Haiti;2
ESTADUAL - SE;LESTE 5;TATUAPE;SAO PAULO;8;2264;OSWALDO CATALANO;Japão;1
ESTADUAL - SE;LESTE 5;TATUAPE;SAO PAULO;8;2264;OSWALDO CATALANO;Síria;1
ESTADUAL - SE;LESTE 5;TATUAPE;SAO PAULO;8;2264;OSWALDO CATALANO;Venezuela;1
ESTADUAL - SE;LESTE 5;VILA FORMOSA;SAO PAULO;8;2082;BLANCA ZWICKER SIMOES PROFESSORA;Gana;1
ESTADUAL - SE;LESTE 5;VILA FORMOSA;SAO PAULO;8;2197;IRENE DE LIMA PAIVA PROFESSORA;Bolívia;3
ESTADUAL - SE;LESTE 5;VILA FORMOSA;SAO PAULO;8;2197;IRENE DE LIMA PAIVA PROFESSORA;Japão;1
ESTADUAL - SE;LESTE 5;VILA FORMOSA;SAO PAULO;8;2203;JOSE MARQUES DA CRUZ PROFESSOR;Japão;1
ESTADUAL - SE;LESTE 5;VILA FORMOSA;SAO PAULO;8;2239;ALMERINDA RODRIGUES MELLO PROFESSORA;Angola;1
ESTADUAL - SE;LESTE 5;VILA FORMOSA;SAO PAULO;8;2240;ANTONIO CANDIDO BARONE;Bolívia;2
ESTADUAL - SE;LESTE 5;VILA FORMOSA;SAO PAULO;8;2240;ANTONIO CANDIDO BARONE;Japão;2
ESTADUAL - SE;LESTE 5;VILA FORMOSA;SAO PAULO;8;2240;ANTONIO CANDIDO BARONE;Peru;2
ESTADUAL - SE;LESTE 5;VILA FORMOSA;SAO PAULO;8;2240;ANTONIO CANDIDO BARONE;Reino Unido da Grã-Bretanha e Irlanda do Norte;1
ESTADUAL - SE;LESTE 5;VILA FORMOSA;SAO PAULO;8;2288;PAULO CAVALCANTI ALBUQUERQUE PROFESSOR;Bolívia;4
ESTADUAL - SE;LESTE 5;VILA FORMOSA;SAO PAULO;8;2297;ORVILLE DERBY;Bolívia;5
ESTADUAL - SE;LESTE 5;VILA FORMOSA;SAO PAULO;8;37369;CESAR MARENGO;Bolívia;1
ESTADUAL - SE;LESTE 5;VILA FORMOSA;SAO PAULO;8;39100;GASTAO STRANG PROFESSOR;Bolívia;1
ESTADUAL - SE;LESTE 5;VILA MARIA;SAO PAULO;6;985685;CEL JTO A EE PAULO EGYDIO O CARVALHO SENADOR;África do Sul;2
ESTADUAL - SE;LESTE 5;VILA MARIA;SAO PAULO;6;985685;CEL JTO A EE PAULO EGYDIO O CARVALHO SENADOR;Angola;2
ESTADUAL - SE;LESTE 5;VILA MARIA;SAO PAULO;6;985685;CEL JTO A EE PAULO EGYDIO O CARVALHO SENADOR;Argentina;2
ESTADUAL - SE;LESTE 5;VILA MARIA;SAO PAULO;6;985685;CEL JTO A EE PAULO EGYDIO O CARVALHO SENADOR;Bolívia;15
ESTADUAL - SE;LESTE 5;VILA MARIA;SAO PAULO;6;985685;CEL JTO A EE PAULO EGYDIO O CARVALHO SENADOR;Haiti;6
ESTADUAL - SE;LESTE 5;VILA MARIA;SAO PAULO;8;673;PAULO EGYDIO DE OLIVEIRA CARVALHO SENADOR;Bolívia;6
ESTADUAL - SE;LESTE 5;VILA MARIA;SAO PAULO;8;700;HORACIO LAFER MINISTRO;África do Sul;1
ESTADUAL - SE;LESTE 5;VILA MARIA;SAO PAULO;8;700;HORACIO LAFER MINISTRO;Angola;1
ESTADUAL - SE;LESTE 5;VILA MARIA;SAO PAULO;8;700;HORACIO LAFER MINISTRO;Bolívia;23
ESTADUAL - SE;LESTE 5;VILA MARIA;SAO PAULO;8;747;MARIA MONTESSORI;Argentina;6
ESTADUAL - SE;LESTE 5;VILA MARIA;SAO PAULO;8;747;MARIA MONTESSORI;Bolívia;79
ESTADUAL - SE;LESTE 5;VILA MARIA;SAO PAULO;8;747;MARIA MONTESSORI;China;1
ESTADUAL - SE;LESTE 5;VILA MARIA;SAO PAULO;8;747;MARIA MONTESSORI;Marrocos;1
ESTADUAL - SE;LESTE 5;VILA MARIA;SAO PAULO;8;747;MARIA MONTESSORI;Paraguai;1
ESTADUAL - SE;LESTE 5;VILA MARIA;SAO PAULO;8;747;MARIA MONTESSORI;Peru;1
ESTADUAL - SE;LESTE 5;VILA MARIA;SAO PAULO;8;759;FLORINDA CARDOSO PROFESSORA;Angola;1
ESTADUAL - SE;LESTE 5;VILA MARIA;SAO PAULO;8;759;FLORINDA CARDOSO PROFESSORA;Argentina;3
ESTADUAL - SE;LESTE 5;VILA MARIA;SAO PAULO;8;759;FLORINDA CARDOSO PROFESSORA;Bolívia;45
ESTADUAL - SE;LESTE 5;VILA MARIA;SAO PAULO;8;759;FLORINDA CARDOSO PROFESSORA;Haiti;1
ESTADUAL - SE;LESTE 5;VILA MARIA;SAO PAULO;8;759;FLORINDA CARDOSO PROFESSORA;Paraguai;1
ESTADUAL - SE;LESTE 5;VILA MARIA;SAO PAULO;8;796;HEROIS DA FEB;Angola;1
ESTADUAL - SE;LESTE 5;VILA MARIA;SAO PAULO;8;796;HEROIS DA FEB;Arménia;1
ESTADUAL - SE;LESTE 5;VILA MARIA;SAO PAULO;8;796;HEROIS DA FEB;Bolívia;16
ESTADUAL - SE;LESTE 5;VILA MARIA;SAO PAULO;8;796;HEROIS DA FEB;Colômbia;2
ESTADUAL - SE;LESTE 5;VILA MARIA;SAO PAULO;8;796;HEROIS DA FEB;Haiti;10
ESTADUAL - SE;LESTE 5;VILA MARIA;SAO PAULO;8;796;HEROIS DA FEB;Islândia;1
ESTADUAL - SE;LESTE 5;VILA MARIA;SAO PAULO;8;802;IMPERATRIZ LEOPOLDINA;Argentina;1
ESTADUAL - SE;LESTE 5;VILA MARIA;SAO PAULO;8;802;IMPERATRIZ LEOPOLDINA;Bolívia;32
ESTADUAL - SE;LESTE 5;VILA MARIA;SAO PAULO;8;802;IMPERATRIZ LEOPOLDINA;Paraguai;3
ESTADUAL - SE;LESTE 5;VILA MARIA;SAO PAULO;8;802;IMPERATRIZ LEOPOLDINA;Peru;1
ESTADUAL - SE;LESTE 5;VILA MARIA;SAO PAULO;8;838;JOAO VIEIRA DE ALMEIDA;África do Sul;2
ESTADUAL - SE;LESTE 5;VILA MARIA;SAO PAULO;8;838;JOAO VIEIRA DE ALMEIDA;Angola;8
ESTADUAL - SE;LESTE 5;VILA MARIA;SAO PAULO;8;838;JOAO VIEIRA DE ALMEIDA;Argentina;1
ESTADUAL - SE;LESTE 5;VILA MARIA;SAO PAULO;8;838;JOAO VIEIRA DE ALMEIDA;Bolívia;49
ESTADUAL - SE;LESTE 5;VILA MARIA;SAO PAULO;8;838;JOAO VIEIRA DE ALMEIDA;Paraguai;3
ESTADUAL - SE;LESTE 5;VILA MARIA;SAO PAULO;8;838;JOAO VIEIRA DE ALMEIDA;Peru;1
ESTADUAL - SE;LESTE 5;VILA MARIA;SAO PAULO;8;851;JULIO MAIA;Argentina;2
ESTADUAL - SE;LESTE 5;VILA MARIA;SAO PAULO;8;851;JULIO MAIA;Bolívia;48
ESTADUAL - SE;LESTE 5;VILA MARIA;SAO PAULO;8;851;JULIO MAIA;Estados Unidos da América;1
ESTADUAL - SE;LESTE 5;VILA MARIA;SAO PAULO;8;851;JULIO MAIA;Paraguai;2
ESTADUAL - SE;LESTE 5;VILA MARIA;SAO PAULO;8;851;JULIO MAIA;Venezuela;1
ESTADUAL - SE;LESTE 5;VILA MARIA;SAO PAULO;8;37370;FRANCISCO DA COSTA GUEDES;Bolívia;21
ESTADUAL - SE;LESTE 5;VILA MARIA;SAO PAULO;8;37370;FRANCISCO DA COSTA GUEDES;Paraguai;2
ESTADUAL - SE;LESTE 5;VILA MARIA;SAO PAULO;8;37370;FRANCISCO DA COSTA GUEDES;Venezuela;2
ESTADUAL - SE;LESTE 5;VILA MARIA;SAO PAULO;8;39214;MAXIMO RIBEIRO NUNES PROFESSOR;Argentina;1
ESTADUAL - SE;LESTE 5;VILA MARIA;SAO PAULO;8;39214;MAXIMO RIBEIRO NUNES PROFESSOR;Bolívia;7
ESTADUAL - SE;LESTE 5;VILA MARIA;SAO PAULO;8;39214;MAXIMO RIBEIRO NUNES PROFESSOR;Haiti;2
ESTADUAL - SE;LESTE 5;VILA MARIA;SAO PAULO;8;39214;MAXIMO RIBEIRO NUNES PROFESSOR;Paraguai;1
ESTADUAL - SE;LIMEIRA;ARTUR NOGUEIRA;ARTUR NOGUEIRA;8;20230;JOSE AMARO RODRIGUES;Angola;3
ESTADUAL - SE;LIMEIRA;ARTUR NOGUEIRA;ARTUR NOGUEIRA;8;20230;JOSE AMARO RODRIGUES;Japão;1
ESTADUAL - SE;LIMEIRA;ARTUR NOGUEIRA;ARTUR NOGUEIRA;8;20230;JOSE AMARO RODRIGUES;Portugal;1
ESTADUAL - SE;LIMEIRA;ARTUR NOGUEIRA;ARTUR NOGUEIRA;8;20230;JOSE AMARO RODRIGUES;Venezuela;2
ESTADUAL - SE;LIMEIRA;ARTUR NOGUEIRA;ARTUR NOGUEIRA;8;478209;JOAO BAPTISTA GAZZOLA;Venezuela;2
ESTADUAL - SE;LIMEIRA;ARTUR NOGUEIRA;ARTUR NOGUEIRA;8;903991;MAGDALENA SANSEVERINO GROSSO PROFESSORA;Paraguai;1
ESTADUAL - SE;LIMEIRA;ARTUR NOGUEIRA;ARTUR NOGUEIRA;8;924854;JOSE APPARECIDO MUNHOZ PROFESSOR;Angola;1
ESTADUAL - SE;LIMEIRA;CORDEIROPOLIS;CORDEIROPOLIS;8;21775;JAMIL ABRAHAO SAAD;Paraguai;1
ESTADUAL - SE;LIMEIRA;CORDEIROPOLIS;CORDEIROPOLIS;8;21775;JAMIL ABRAHAO SAAD;Venezuela;2
ESTADUAL - SE;LIMEIRA;COSMOPOLIS;COSMOPOLIS;8;917761;ALBERTO FIERZ;Cuba;1
ESTADUAL - SE;LIMEIRA;COSMOPOLIS;COSMOPOLIS;8;917761;ALBERTO FIERZ;Japão;2
ESTADUAL - SE;LIMEIRA;COSMOPOLIS;COSMOPOLIS;8;917761;ALBERTO FIERZ;Portugal;2
ESTADUAL - SE;LIMEIRA;ENGENHEIRO COELHO;ENGENHEIRO COELHO;8;19938;ANTONIO ALVES CAVALHEIRO;Angola;1
ESTADUAL - SE;LIMEIRA;ENGENHEIRO COELHO;ENGENHEIRO COELHO;8;19938;ANTONIO ALVES CAVALHEIRO;Espanha;1
ESTADUAL - SE;LIMEIRA;ENGENHEIRO COELHO;ENGENHEIRO COELHO;8;19938;ANTONIO ALVES CAVALHEIRO;Japão;1
ESTADUAL - SE;LIMEIRA;IRACEMAPOLIS;IRACEMAPOLIS;8;47284;JOAO OMETTO;Japão;2
ESTADUAL - SE;LIMEIRA;LIMEIRA;LIMEIRA;6;985776;CEL JTO A EE CASTELO BRANCO;Colômbia;1
ESTADUAL - SE;LIMEIRA;LIMEIRA;LIMEIRA;6;985776;CEL JTO A EE CASTELO BRANCO;Estados Unidos da América;4
ESTADUAL - SE;LIMEIRA;LIMEIRA;LIMEIRA;6;985776;CEL JTO A EE CASTELO BRANCO;Portugal;1
ESTADUAL - SE;LIMEIRA;LIMEIRA;LIMEIRA;8;20011;BRASIL;Haiti;4
ESTADUAL - SE;LIMEIRA;LIMEIRA;LIMEIRA;8;20011;BRASIL;Japão;1
ESTADUAL - SE;LIMEIRA;LIMEIRA;LIMEIRA;8;20096;ANTONIO PERCHES LORDELLO PROFESSOR;Bolívia;1
ESTADUAL - SE;LIMEIRA;LIMEIRA;LIMEIRA;8;20096;ANTONIO PERCHES LORDELLO PROFESSOR;Estados Unidos da América;1
ESTADUAL - SE;LIMEIRA;LIMEIRA;LIMEIRA;8;20096;ANTONIO PERCHES LORDELLO PROFESSOR;Irlanda;1
ESTADUAL - SE;LIMEIRA;LIMEIRA;LIMEIRA;8;20102;ANTONIO DE QUEIROZ PROFESSOR;Colômbia;1
ESTADUAL - SE;LIMEIRA;LIMEIRA;LIMEIRA;8;20114;LAZARO DUARTE DO PATEO PROFESSOR;Chile;1
ESTADUAL - SE;LIMEIRA;LIMEIRA;LIMEIRA;8;20114;LAZARO DUARTE DO PATEO PROFESSOR;Cuba;1
ESTADUAL - SE;LIMEIRA;LIMEIRA;LIMEIRA;8;20126;LEOVEGILDO CHAGAS SANTOS PROFESSOR;Colômbia;1
ESTADUAL - SE;LIMEIRA;LIMEIRA;LIMEIRA;8;20126;LEOVEGILDO CHAGAS SANTOS PROFESSOR;Haiti;2
ESTADUAL - SE;LIMEIRA;LIMEIRA;LIMEIRA;8;20126;LEOVEGILDO CHAGAS SANTOS PROFESSOR;Venezuela;1
ESTADUAL - SE;LIMEIRA;LIMEIRA;LIMEIRA;8;20148;RUTH RAMOS CAPPI PROFESSORA;Dominicana, República;1
ESTADUAL - SE;LIMEIRA;LIMEIRA;LIMEIRA;8;20148;RUTH RAMOS CAPPI PROFESSORA;Haiti;1
ESTADUAL - SE;LIMEIRA;LIMEIRA;LIMEIRA;8;20148;RUTH RAMOS CAPPI PROFESSORA;Venezuela;4
ESTADUAL - SE;LIMEIRA;LIMEIRA;LIMEIRA;8;20151;ELY DE ALMEIDA CAMPOS PROFESSOR;Haiti;4
ESTADUAL - SE;LIMEIRA;LIMEIRA;LIMEIRA;8;20151;ELY DE ALMEIDA CAMPOS PROFESSOR;Japão;3
ESTADUAL - SE;LIMEIRA;LIMEIRA;LIMEIRA;8;20229;CASTELLO BRANCO;Colômbia;2
ESTADUAL - SE;LIMEIRA;LIMEIRA;LIMEIRA;8;20229;CASTELLO BRANCO;Equador;1
ESTADUAL - SE;LIMEIRA;LIMEIRA;LIMEIRA;8;20229;CASTELLO BRANCO;Espanha;1
ESTADUAL - SE;LIMEIRA;LIMEIRA;LIMEIRA;8;20229;CASTELLO BRANCO;Haiti;4
ESTADUAL - SE;LIMEIRA;LIMEIRA;LIMEIRA;8;20229;CASTELLO BRANCO;Japão;2
ESTADUAL - SE;LIMEIRA;LIMEIRA;LIMEIRA;8;20229;CASTELLO BRANCO;Portugal;1
ESTADUAL - SE;LIMEIRA;LIMEIRA;LIMEIRA;8;36109;JOSE MARCILIANO DA COSTA JUNIOR PROFESSOR;Venezuela;1
ESTADUAL - SE;LIMEIRA;LIMEIRA;LIMEIRA;8;45810;WILLIAM SILVA PROFESSOR;Haiti;2
ESTADUAL - SE;LIMEIRA;LIMEIRA;LIMEIRA;8;45810;WILLIAM SILVA PROFESSOR;Japão;1
ESTADUAL - SE;LIMEIRA;LIMEIRA;LIMEIRA;8;45810;WILLIAM SILVA PROFESSOR;Venezuela;1
ESTADUAL - SE;LIMEIRA;LIMEIRA;LIMEIRA;8;45822;MARIA DE SANTO INOCENCIO LIMA IRMA;Espanha;1
ESTADUAL - SE;LIMEIRA;LIMEIRA;LIMEIRA;8;47296;ARY LEITE PEREIRA PROFESSOR;Haiti;1
ESTADUAL - SE;LIMEIRA;LIMEIRA;LIMEIRA;8;47296;ARY LEITE PEREIRA PROFESSOR;Japão;1
ESTADUAL - SE;LIMEIRA;LIMEIRA;LIMEIRA;8;47296;ARY LEITE PEREIRA PROFESSOR;Venezuela;4
ESTADUAL - SE;LIMEIRA;LIMEIRA;LIMEIRA;8;47314;OCTAVIO PIMENTA REIS;Venezuela;3
ESTADUAL - SE;LIMEIRA;LIMEIRA;LIMEIRA;8;49517;IDILIO JOSE SOARES DOM;Haiti;2
ESTADUAL - SE;LIMEIRA;LIMEIRA;LIMEIRA;8;49517;IDILIO JOSE SOARES DOM;Uruguai;1
ESTADUAL - SE;LIMEIRA;LIMEIRA;LIMEIRA;8;901261;PAULO CHAVES PROFESSOR;Peru;1
ESTADUAL - SE;LIMEIRA;LIMEIRA;LIMEIRA;8;904016;GUSTAVO PECCININI;Bolívia;1
ESTADUAL - SE;LIMEIRA;LIMEIRA;LIMEIRA;8;904016;GUSTAVO PECCININI;Estados Unidos da América;1
ESTADUAL - SE;LIMEIRA;LIMEIRA;LIMEIRA;8;909524;CAROLINA ARRUDA VASCONCELLOS PROFESSORA;Haiti;1
ESTADUAL - SE;LIMEIRA;LIMEIRA;LIMEIRA;8;909524;CAROLINA ARRUDA VASCONCELLOS PROFESSORA;Portugal;2
ESTADUAL - SE;LIMEIRA;LIMEIRA;LIMEIRA;8;914915;MARIA GERTRUDES CARDOSO REBELLO IRMA;Peru;1
ESTADUAL - SE;LIMEIRA;LIMEIRA;LIMEIRA;8;914927;DORIVALDO DAMM PROFESSOR;Estados Unidos da América;1
ESTADUAL - SE;LIMEIRA;LIMEIRA;LIMEIRA;8;920113;MARGARIDA PAROLI SOARES PROFESSORA;Portugal;1
ESTADUAL - SE;LIMEIRA;LIMEIRA;LIMEIRA;8;925780;TARCISIO ARIOVALDO AMARAL DOM;Haiti;6
ESTADUAL - SE;LIMEIRA;RIO CLARO;RIO CLARO;8;21556;CAROLINA AUGUSTA SERAPHIM PROFESSORA;Venezuela;1
ESTADUAL - SE;LIMEIRA;RIO CLARO;RIO CLARO;8;21573;JOAQUIM SALLES CORONEL;Venezuela;1
ESTADUAL - SE;LIMEIRA;RIO CLARO;RIO CLARO;8;21611;JOAQUIM RIBEIRO;China;2
ESTADUAL - SE;LIMEIRA;RIO CLARO;RIO CLARO;8;21696;MARCIANO DE TOLEDO PIZA PROFESSOR;Venezuela;1
ESTADUAL - SE;LIMEIRA;RIO CLARO;RIO CLARO;8;21726;MICHEL ANTONIO ALEM PROFESSOR;Cuba;1
ESTADUAL - SE;LIMEIRA;RIO CLARO;RIO CLARO;8;21726;MICHEL ANTONIO ALEM PROFESSOR;Venezuela;1
ESTADUAL - SE;LIMEIRA;RIO CLARO;RIO CLARO;8;21787;BARAO DE PIRACICABA;Japão;1
ESTADUAL - SE;LIMEIRA;RIO CLARO;RIO CLARO;8;41661;NELSON STROILI PROFESSOR;Haiti;2
ESTADUAL - SE;LIMEIRA;RIO CLARO;RIO CLARO;8;49967;DELCIO BACCARO PROFESSOR;Colômbia;1
ESTADUAL - SE;LIMEIRA;RIO CLARO;RIO CLARO;8;49967;DELCIO BACCARO PROFESSOR;Venezuela;1
ESTADUAL - SE;LIMEIRA;RIO CLARO;RIO CLARO;8;905598;OSCALIA GOES CORREA SANTOS PROFESSORA;Colômbia;1
ESTADUAL - SE;LIMEIRA;RIO CLARO;RIO CLARO;8;905598;OSCALIA GOES CORREA SANTOS PROFESSORA;Haiti;1
ESTADUAL - SE;LIMEIRA;RIO CLARO;RIO CLARO;8;909567;HELOISA LEMENHE MARASCA PROFESSORA;Argentina;1
ESTADUAL - SE;LIMEIRA;RIO CLARO;RIO CLARO;8;917916;ZITA DE GODOY CAMARGO PROFESSORA;Haiti;1
ESTADUAL - SE;LINS;CAFELANDIA;CAFELANDIA;8;26335;VALDOMIRO SILVEIRA;Bolívia;1
ESTADUAL - SE;LINS;CAFELANDIA;CAFELANDIA;8;26335;VALDOMIRO SILVEIRA;Japão;2
ESTADUAL - SE;LINS;GUAICARA;GUAICARA;8;26347;ANTONIO FRANCISCO DOS SANTOS JUNIOR;Japão;1
ESTADUAL - SE;LINS;GUAICARA;GUAICARA;8;479329;JARDIM DOM BOSCO;Japão;1
ESTADUAL - SE;LINS;GUAIMBE;GUAIMBE;8;26396;JOSE BELMIRO DA ROCHA;Japão;1
ESTADUAL - SE;LINS;LINS;LINS;8;26074;JORGE AMERICANO PROF;Paraguai;1
ESTADUAL - SE;LINS;LINS;LINS;8;26074;JORGE AMERICANO PROF;Portugal;1
ESTADUAL - SE;LINS;LINS;LINS;8;26074;JORGE AMERICANO PROF;Venezuela;1
ESTADUAL - SE;LINS;LINS;LINS;8;26086;MINERVINA SANT ANNA CARNEIRO PROFA;Venezuela;1
ESTADUAL - SE;LINS;LINS;LINS;8;26116;FERNANDO COSTA;Japão;1
ESTADUAL - SE;LINS;LINS;LINS;8;26128;OCTACILIO SANT ANNA PROF;Venezuela;1
ESTADUAL - SE;LINS;LINS;LINS;8;26153;JOSE ARIANO RODRIGUES;Colômbia;1
ESTADUAL - SE;LINS;LINS;LINS;8;26189;21 DE ABRIL;Japão;1
ESTADUAL - SE;LINS;LINS;LINS;8;26189;21 DE ABRIL;Venezuela;2
ESTADUAL - SE;LINS;LINS;LINS;8;26451;MIECIO CAVALHEIRO BONILHA PROF;Venezuela;2
ESTADUAL - SE;LINS;LINS;LINS;8;909312;WALTER CARDOSO GALATI PROF;Colômbia;2
ESTADUAL - SE;MARILIA;ALVINLANDIA;ALVINLANDIA;8;33376;JOSE BONIFACIO DO COUTO;Japão;1
ESTADUAL - SE;MARILIA;GARCA;GARCA;8;33388;LYDIA YVONE GOMES MARQUES PROFA;Japão;1
ESTADUAL - SE;MARILIA;JAFA;GARCA;8;33443;NORMA MONICO TRUZZI PROFA;Japão;1
ESTADUAL - SE;MARILIA;LACIO;MARILIA;8;33777;NEUZA MARIA MARANA FEIJAO PROFA;Chile;1
ESTADUAL - SE;MARILIA;MARILIA;MARILIA;6;985508;CEL JTO A EE MONSENHOR BICUDO;Japão;2
ESTADUAL - SE;MARILIA;MARILIA;MARILIA;8;33561;ANTONIO DE BAPTISTA PROF;Itália;1
ESTADUAL - SE;MARILIA;MARILIA;MARILIA;8;33561;ANTONIO DE BAPTISTA PROF;Portugal;1
ESTADUAL - SE;MARILIA;MARILIA;MARILIA;8;33662;BENTO DE ABREU SAMPAIO VIDAL;Egipto;1
ESTADUAL - SE;MARILIA;MARILIA;MARILIA;8;33662;BENTO DE ABREU SAMPAIO VIDAL;Portugal;2
ESTADUAL - SE;MARILIA;MARILIA;MARILIA;8;33674;GABRIEL MONTEIRO DA SILVA;Colômbia;1
ESTADUAL - SE;MARILIA;MARILIA;MARILIA;8;33674;GABRIEL MONTEIRO DA SILVA;Japão;5
ESTADUAL - SE;MARILIA;MARILIA;MARILIA;8;33698;NELSON CABRINI PROF;Bolívia;1
ESTADUAL - SE;MARILIA;MARILIA;MARILIA;8;33728;AMILCARE MATTEI PROF;Colômbia;1
ESTADUAL - SE;MARILIA;MARILIA;MARILIA;8;33736;CARLOTA DE NEGREIROS ROCHA PROFA;China;1
ESTADUAL - SE;MARILIA;MARILIA;MARILIA;8;33736;CARLOTA DE NEGREIROS ROCHA PROFA;Cuba;1
ESTADUAL - SE;MARILIA;MARILIA;MARILIA;8;33741;ANTONIO GOMES DE OLIVEIRA PROF;Japão;1
ESTADUAL - SE;MARILIA;MARILIA;MARILIA;8;33753;BICUDO MONSENHOR;Bolívia;1
ESTADUAL - SE;MARILIA;MARILIA;MARILIA;8;33753;BICUDO MONSENHOR;Colômbia;2
ESTADUAL - SE;MARILIA;MARILIA;MARILIA;8;33753;BICUDO MONSENHOR;Japão;1
ESTADUAL - SE;MARILIA;MARILIA;MARILIA;8;33753;BICUDO MONSENHOR;Peru;1
ESTADUAL - SE;MARILIA;MARILIA;MARILIA;8;33765;WALDEMAR MONIZ DA ROCHA BARROS DR;Portugal;1
ESTADUAL - SE;MARILIA;MARILIA;MARILIA;8;33832;ANTONIO AUGUSTO NETTO;Japão;4
ESTADUAL - SE;MARILIA;MARILIA;MARILIA;8;33856;BALTAZAR DE GODOY MOREIRA PROF;Japão;1
ESTADUAL - SE;MARILIA;MARILIA;MARILIA;8;36250;MARIA STELLA DE CERQUEIRA CESAR PROFA;Portugal;1
ESTADUAL - SE;MARILIA;MARILIA;MARILIA;8;43242;ANTONIO REGINATO PROF;Estados Unidos da América;2
ESTADUAL - SE;MARILIA;MARILIA;MARILIA;8;43242;ANTONIO REGINATO PROF;Itália;1
ESTADUAL - SE;MARILIA;MARILIA;MARILIA;8;43242;ANTONIO REGINATO PROF;Japão;3
ESTADUAL - SE;MARILIA;MARILIA;MARILIA;8;43242;ANTONIO REGINATO PROF;Portugal;1
ESTADUAL - SE;MARILIA;MARILIA;MARILIA;8;43242;ANTONIO REGINATO PROF;Venezuela;1
ESTADUAL - SE;MARILIA;MARILIA;MARILIA;8;43254;JOSE ALFREDO DE ALMEIDA;Portugal;1
ESTADUAL - SE;MARILIA;MARILIA;MARILIA;8;43655;ORACINA CORREA DE MORAES RODINE PROFA;Colômbia;1
ESTADUAL - SE;MARILIA;MARILIA;MARILIA;8;43679;WANDA HELENA TOPPAN NOGUEIRA PROFA;Egipto;1
ESTADUAL - SE;MARILIA;MARILIA;MARILIA;8;43679;WANDA HELENA TOPPAN NOGUEIRA PROFA;Japão;1
ESTADUAL - SE;MARILIA;MARILIA;MARILIA;8;47843;SYLVIA RIBEIRO DE CARVALHO PROFA;Japão;1
ESTADUAL - SE;MARILIA;MARILIA;MARILIA;8;47843;SYLVIA RIBEIRO DE CARVALHO PROFA;Venezuela;1
ESTADUAL - SE;MARILIA;MARILIA;MARILIA;8;47855;MARIA CECILIA FERRAZ DE FREITAS PROFA;Filipinas;1
ESTADUAL - SE;MARILIA;MARILIA;MARILIA;8;47855;MARIA CECILIA FERRAZ DE FREITAS PROFA;Japão;3
ESTADUAL - SE;MARILIA;MARILIA;MARILIA;8;47855;MARIA CECILIA FERRAZ DE FREITAS PROFA;Portugal;1
ESTADUAL - SE;MARILIA;MARILIA;MARILIA;8;462688;JARDIM SANTA ANTONIETA;Portugal;1
ESTADUAL - SE;MARILIA;MARILIA;MARILIA;8;474629;JARDIM ALCIR RAINERI;Estados Unidos da América;1
ESTADUAL - SE;MARILIA;MARILIA;MARILIA;8;474629;JARDIM ALCIR RAINERI;Venezuela;3
ESTADUAL - SE;MARILIA;MARILIA;MARILIA;8;903693;BENITO MARTINELLI PROF;Japão;1
ESTADUAL - SE;MARILIA;MARILIA;MARILIA;8;914198;AMELIA LOPES ANDERS PROFA;Portugal;4
ESTADUAL - SE;MARILIA;MARILIA;MARILIA;8;914198;AMELIA LOPES ANDERS PROFA;Venezuela;1
ESTADUAL - SE;MARILIA;ORIENTE;ORIENTE;8;43266;APARECIDA LOPES RAMOS PROFA;Japão;1
ESTADUAL - SE;MARILIA;PADRE NOBREGA;MARILIA;8;33819;MARIA IZABEL SAMPAIO VIDAL;Venezuela;2
ESTADUAL - SE;MARILIA;POMPEIA;POMPEIA;8;33625;CULTURA E LIBERDADE;Japão;1
ESTADUAL - SE;MARILIA;POMPEIA;POMPEIA;8;33625;CULTURA E LIBERDADE;Portugal;1
ESTADUAL - SE;MAUA;MAUA;MAUA;6;985570;CEL JTO A EE MARLENE CAMARGO RIBEIRO;Haiti;2
ESTADUAL - SE;MAUA;MAUA;MAUA;8;7559;MANOEL CACAO PROFESSOR;Venezuela;1
ESTADUAL - SE;MAUA;MAUA;MAUA;8;7560;THEREZINHA SARTORI PROFESSORA;Japão;1
ESTADUAL - SE;MAUA;MAUA;MAUA;8;7560;THEREZINHA SARTORI PROFESSORA;Venezuela;1
ESTADUAL - SE;MAUA;MAUA;MAUA;8;7572;IRACEMA DE BARROS BERTOLASO PROFESSORA;Nigéria;1
ESTADUAL - SE;MAUA;MAUA;MAUA;8;7596;LUIS WASHINGTON VITA PROFESSOR;Colômbia;3
ESTADUAL - SE;MAUA;MAUA;MAUA;8;7596;LUIS WASHINGTON VITA PROFESSOR;Espanha;1
ESTADUAL - SE;MAUA;MAUA;MAUA;8;7596;LUIS WASHINGTON VITA PROFESSOR;Japão;1
ESTADUAL - SE;MAUA;MAUA;MAUA;8;7614;EMIKO FUJIMOTO PROFESSORA;Bolívia;1
ESTADUAL - SE;MAUA;MAUA;MAUA;8;7614;EMIKO FUJIMOTO PROFESSORA;Haiti;7
ESTADUAL - SE;MAUA;MAUA;MAUA;8;7675;SYLVIO GUERATTO;Haiti;6
ESTADUAL - SE;MAUA;MAUA;MAUA;8;7687;ODILA BENTO MIRARCHI PROFESSORA;Haiti;6
ESTADUAL - SE;MAUA;MAUA;MAUA;8;7687;ODILA BENTO MIRARCHI PROFESSORA;Japão;1
ESTADUAL - SE;MAUA;MAUA;MAUA;8;7687;ODILA BENTO MIRARCHI PROFESSORA;Portugal;2
ESTADUAL - SE;MAUA;MAUA;MAUA;8;7699;CARLOS DRUMMOND DE ANDRADE;Haiti;10
ESTADUAL - SE;MAUA;MAUA;MAUA;8;7699;CARLOS DRUMMOND DE ANDRADE;Venezuela;1
ESTADUAL - SE;MAUA;MAUA;MAUA;8;7705;ANTONIO PRADO JUNIOR;Haiti;3
ESTADUAL - SE;MAUA;MAUA;MAUA;8;7705;ANTONIO PRADO JUNIOR;Venezuela;2
ESTADUAL - SE;MAUA;MAUA;MAUA;8;7717;WALT DISNEY;Estados Unidos da América;1
ESTADUAL - SE;MAUA;MAUA;MAUA;8;7729;MAUA VISCONDE DE;Japão;2
ESTADUAL - SE;MAUA;MAUA;MAUA;8;7730;ADELAIDE ESCOBAR BUENO PROFESSORA;Haiti;3
ESTADUAL - SE;MAUA;MAUA;MAUA;8;7742;MARIA ELENA COLONIA PROFESSORA;Haiti;2
ESTADUAL - SE;MAUA;MAUA;MAUA;8;7754;JOSE ROMEU DA SILVA;Guiné-Conacri;1
ESTADUAL - SE;MAUA;MAUA;MAUA;8;7754;JOSE ROMEU DA SILVA;Japão;1
ESTADUAL - SE;MAUA;MAUA;MAUA;8;7778;ARISTIDES AUGUSTO FERNANDES DOUTOR;Venezuela;4
ESTADUAL - SE;MAUA;MAUA;MAUA;8;7791;MARCELINA MARIA DA SILVA OLIVEIRA DONA;Dominicana, República;2
ESTADUAL - SE;MAUA;MAUA;MAUA;8;7821;MIRNA LOIDE CORREIA FERLE PROFESSORA;Venezuela;3
ESTADUAL - SE;MAUA;MAUA;MAUA;8;7833;IRENE DA SILVA COSTA PROFESSORA;Portugal;1
ESTADUAL - SE;MAUA;MAUA;MAUA;8;7845;MARIA JOSEFINA KUHLMANN FLAQUER PROFESSORA;Japão;1
ESTADUAL - SE;MAUA;MAUA;MAUA;8;7845;MARIA JOSEFINA KUHLMANN FLAQUER PROFESSORA;Venezuela;2
ESTADUAL - SE;MAUA;MAUA;MAUA;8;37291;ARIOVALDO PUPO AMORIM PROFESSOR;Haiti;8
ESTADUAL - SE;MAUA;MAUA;MAUA;8;37308;FLORISBELLA DE CAMPOS WERNECK DONA;Venezuela;3
ESTADUAL - SE;MAUA;MAUA;MAUA;8;37312;OLAVO HANSEN;Venezuela;2
ESTADUAL - SE;MAUA;MAUA;MAUA;8;37321;MARTA TERESINHA ROSA PROFESSORA;Haiti;1
ESTADUAL - SE;MAUA;MAUA;MAUA;8;37321;MARTA TERESINHA ROSA PROFESSORA;Venezuela;2
ESTADUAL - SE;MAUA;MAUA;MAUA;8;38453;JOAO PAULO II;Bolívia;1
ESTADUAL - SE;MAUA;MAUA;MAUA;8;41973;MARLENE CAMARGO RIBEIRO PROFESSORA;Portugal;2
ESTADUAL - SE;MAUA;MAUA;MAUA;8;45068;MAHATMA GHANDI;Haiti;2
ESTADUAL - SE;MAUA;MAUA;MAUA;8;45081;MARIA APARECIDA DAMO FERREIRA;Japão;1
ESTADUAL - SE;MAUA;MAUA;MAUA;8;286710;JOAO RICARDO BORGES DE LIMA;Alemanha;1
ESTADUAL - SE;MAUA;MAUA;MAUA;8;389250;CLOTILDE ALVARES DORATIOTO;Venezuela;2
ESTADUAL - SE;MAUA;MAUA;MAUA;8;412983;AFONSO PASCHOTTE PADRE;Haiti;3
ESTADUAL - SE;MAUA;MAUA;MAUA;8;412983;AFONSO PASCHOTTE PADRE;Marrocos;1
ESTADUAL - SE;MAUA;MAUA;MAUA;8;412983;AFONSO PASCHOTTE PADRE;Peru;1
ESTADUAL - SE;MAUA;MAUA;MAUA;8;412983;AFONSO PASCHOTTE PADRE;Venezuela;3
ESTADUAL - SE;MAUA;MAUA;MAUA;8;901994;ANTONIO LAPATE NETTO PROFESSOR;Bolívia;1
ESTADUAL - SE;MAUA;MAUA;MAUA;8;904715;JOSE DANIEL DA SILVEIRA;Venezuela;1
ESTADUAL - SE;MAUA;MAUA;MAUA;8;907121;CLORINDA CIAMPITTI PERRELLA;Equador;1
ESTADUAL - SE;MAUA;MAUA;MAUA;8;907121;CLORINDA CIAMPITTI PERRELLA;Venezuela;1
ESTADUAL - SE;MAUA;MAUA;MAUA;8;910879;LEA APARECIDA DE OLIVEIRA VEREADORA;Haiti;2
ESTADUAL - SE;MAUA;MAUA;MAUA;8;912384;MERCEDES VALENTINA GIANNOCARIO PROFESSORA;Bolívia;1
ESTADUAL - SE;MAUA;MAUA;MAUA;8;912384;MERCEDES VALENTINA GIANNOCARIO PROFESSORA;Venezuela;1
ESTADUAL - SE;MAUA;MAUA;MAUA;8;920307;MANOEL RODRIGUES PROFESSOR;Venezuela;2
ESTADUAL - SE;MAUA;MAUA;MAUA;8;923229;JARDIM ORATORIO;Haiti;3
ESTADUAL - SE;MAUA;MAUA;MAUA;8;923746;JARDIM ZAIRA VI;Venezuela;1
ESTADUAL - SE;MAUA;MAUA;MAUA;8;923825;VILA MAGINI II;Haiti;7
ESTADUAL - SE;MAUA;OURO FINO PAULISTA;RIBEIRAO PIRES;8;7870;CASEMIRO DA ROCHA SENADOR;Japão;1
ESTADUAL - SE;MAUA;OURO FINO PAULISTA;RIBEIRAO PIRES;8;7985;JUDITH FERREIRA PIVA PROFESSORA;Venezuela;3
ESTADUAL - SE;MAUA;RIBEIRAO PIRES;RIBEIRAO PIRES;8;7626;EMILIO SORTINO COMENDADOR;Espanha;1
ESTADUAL - SE;MAUA;RIBEIRAO PIRES;RIBEIRAO PIRES;8;7924;MARIA PASTANA MENATO PROFESSORA;Venezuela;1
ESTADUAL - SE;MAUA;RIBEIRAO PIRES;RIBEIRAO PIRES;8;7959;ALVARO DE SOUZA VIEIRA;Portugal;1
ESTADUAL - SE;MAUA;RIBEIRAO PIRES;RIBEIRAO PIRES;8;41245;DI CAVALCANTI;Haiti;1
ESTADUAL - SE;MAUA;RIBEIRAO PIRES;RIBEIRAO PIRES;8;48948;ANNA LACIVITTA AMARAL DONA;Japão;2
ESTADUAL - SE;MAUA;RIBEIRAO PIRES;RIBEIRAO PIRES;8;910200;FARID EID;Haiti;1
ESTADUAL - SE;MAUA;RIBEIRAO PIRES;RIBEIRAO PIRES;8;917000;CASEMIRO POFFO PROFESSOR;Venezuela;1
ESTADUAL - SE;MAUA;RIBEIRAO PIRES;RIBEIRAO PIRES;8;921129;JOAO RONCON;Venezuela;3
ESTADUAL - SE;MAUA;RIO GRANDE DA SERRA;RIO GRANDE DA SERRA;8;7936;CASSIANO RICARDO;Venezuela;1
ESTADUAL - SE;MAUA;RIO GRANDE DA SERRA;RIO GRANDE DA SERRA;8;41981;FRANCISCO LOURENCO DE MELO PROFESSOR;Japão;1
ESTADUAL - SE;MIRACATU;IGUAPE;IGUAPE;8;34800;VEIGA JUNIOR PROFESSOR;Venezuela;1
ESTADUAL - SE;MIRACATU;ILHA COMPRIDA;ILHA COMPRIDA;8;903723;JUDITH SANT ANA DIEGUES PROFESSORA;Espanha;1
ESTADUAL - SE;MIRACATU;MIRACATU;MIRACATU;6;459781;CEL JTO A EE ARMANDO GONCALVES PROF;Bolívia;2
ESTADUAL - SE;MIRACATU;MIRACATU;MIRACATU;8;34873;ARMANDO GONCALVES PROFESSOR;Bolívia;1
ESTADUAL - SE;MIRACATU;PEDRO DE TOLEDO;PEDRO DE TOLEDO;8;34964;OTAVIANO SOARES ALBUQUERQUE;Japão;2
ESTADUAL - SE;MIRANTE DO PARANAPANEMA;NARANDIBA;NARANDIBA;8;32700;TAKAKO SUZUKI PROFESSORA;Paraguai;2
ESTADUAL - SE;MIRANTE DO PARANAPANEMA;NARANDIBA;NARANDIBA;8;32700;TAKAKO SUZUKI PROFESSORA;Venezuela;3
ESTADUAL - SE;MIRANTE DO PARANAPANEMA;ROSANA;ROSANA;8;43631;PORTO PRIMAVERA;Portugal;1
ESTADUAL - SE;MIRANTE DO PARANAPANEMA;ROSANA;ROSANA;8;44696;MARIA AUDENIR DE CARVALHO PROFESSORA;Portugal;1
ESTADUAL - SE;MIRANTE DO PARANAPANEMA;TARABAI;TARABAI;8;32759;FELICIO TARABAY DEPUTADO;Venezuela;2
ESTADUAL - SE;MOGI DAS CRUZES;BRAS CUBAS;MOGI DAS CRUZES;8;6683;GALDINO PINHEIRO FRANCO;Venezuela;1
ESTADUAL - SE;MOGI DAS CRUZES;BRAS CUBAS;MOGI DAS CRUZES;8;41142;THIMOTEO VAN DEN BROECK FREI;Espanha;1
ESTADUAL - SE;MOGI DAS CRUZES;BRAS CUBAS;MOGI DAS CRUZES;8;44982;CLAUDIO ABRAHAO PROFESSOR;Venezuela;3
ESTADUAL - SE;MOGI DAS CRUZES;BRAS CUBAS;MOGI DAS CRUZES;8;906682;HELENA URBANO NAGIB PROFESSORA;Haiti;1
ESTADUAL - SE;MOGI DAS CRUZES;BRAS CUBAS;MOGI DAS CRUZES;8;906682;HELENA URBANO NAGIB PROFESSORA;Japão;1
ESTADUAL - SE;MOGI DAS CRUZES;BRAS CUBAS;MOGI DAS CRUZES;8;906682;HELENA URBANO NAGIB PROFESSORA;Venezuela;4
ESTADUAL - SE;MOGI DAS CRUZES;JUNDIAPEBA;MOGI DAS CRUZES;8;79873;VANIA APARECIDA CASSARA PROFESSORA;Haiti;1
ESTADUAL - SE;MOGI DAS CRUZES;MOGI DAS CRUZES;MOGI DAS CRUZES;6;458594;CEL JTO A EE FIRMINO LADEIRA PROF;Japão;3
ESTADUAL - SE;MOGI DAS CRUZES;MOGI DAS CRUZES;MOGI DAS CRUZES;6;985752;CEL JTO A EE FRANCISCO FERREIRA LOPES;Andorra;2
ESTADUAL - SE;MOGI DAS CRUZES;MOGI DAS CRUZES;MOGI DAS CRUZES;6;985752;CEL JTO A EE FRANCISCO FERREIRA LOPES;Japão;3
ESTADUAL - SE;MOGI DAS CRUZES;MOGI DAS CRUZES;MOGI DAS CRUZES;8;6579;APRIGIO DE OLIVEIRA;Japão;2
ESTADUAL - SE;MOGI DAS CRUZES;MOGI DAS CRUZES;MOGI DAS CRUZES;8;6579;APRIGIO DE OLIVEIRA;Síria;1
ESTADUAL - SE;MOGI DAS CRUZES;MOGI DAS CRUZES;MOGI DAS CRUZES;8;6658;LEONOR DE OLIVEIRA MELLO;China;2
ESTADUAL - SE;MOGI DAS CRUZES;MOGI DAS CRUZES;MOGI DAS CRUZES;8;6713;FRANCISCO FERREIRA LOPES;Venezuela;1
ESTADUAL - SE;MOGI DAS CRUZES;MOGI DAS CRUZES;MOGI DAS CRUZES;8;6725;FIRMINO LADEIRA PROFESSOR;Bolívia;1
ESTADUAL - SE;MOGI DAS CRUZES;MOGI DAS CRUZES;MOGI DAS CRUZES;8;6725;FIRMINO LADEIRA PROFESSOR;Japão;1
ESTADUAL - SE;MOGI DAS CRUZES;MOGI DAS CRUZES;MOGI DAS CRUZES;8;6725;FIRMINO LADEIRA PROFESSOR;Síria;2
ESTADUAL - SE;MOGI DAS CRUZES;MOGI DAS CRUZES;MOGI DAS CRUZES;8;6836;MARIA RODRIGUES GONCALVES PROFESSORA;Argentina;1
ESTADUAL - SE;MOGI DAS CRUZES;MOGI DAS CRUZES;MOGI DAS CRUZES;8;6836;MARIA RODRIGUES GONCALVES PROFESSORA;Japão;1
ESTADUAL - SE;MOGI DAS CRUZES;MOGI DAS CRUZES;MOGI DAS CRUZES;8;6865;DEODATO WERTHEIMER DOUTOR;Japão;1
ESTADUAL - SE;MOGI DAS CRUZES;MOGI DAS CRUZES;MOGI DAS CRUZES;8;6865;DEODATO WERTHEIMER DOUTOR;Palestina;1
ESTADUAL - SE;MOGI DAS CRUZES;MOGI DAS CRUZES;MOGI DAS CRUZES;8;6889;AMERICO SUGAI;Japão;1
ESTADUAL - SE;MOGI DAS CRUZES;MOGI DAS CRUZES;MOGI DAS CRUZES;8;6919;CAMILO FAUSTINO DE MELLO PROFESSOR;Japão;5
ESTADUAL - SE;MOGI DAS CRUZES;MOGI DAS CRUZES;MOGI DAS CRUZES;8;6920;WASHINGTON LUIZ DOUTOR;Japão;3
ESTADUAL - SE;MOGI DAS CRUZES;MOGI DAS CRUZES;MOGI DAS CRUZES;8;41105;SYLVIA MAFRA MACHADO PROFESSORA;Japão;1
ESTADUAL - SE;MOGI DAS CRUZES;MOGI DAS CRUZES;MOGI DAS CRUZES;8;191243;IRENE CAPORALI DE SOUZA PROFESSORA;Japão;1
ESTADUAL - SE;MOGI DAS CRUZES;MOGI DAS CRUZES;MOGI DAS CRUZES;8;908514;DORA PERETTI DE OLIVEIRA PROFESSORA;Suíça;2
ESTADUAL - SE;MOGI DAS CRUZES;MOGI DAS CRUZES;MOGI DAS CRUZES;8;916924;EURYCLIDES DE JESUS ZERBINI;Paraguai;1
ESTADUAL - SE;MOGI DAS CRUZES;MOGI DAS CRUZES;MOGI DAS CRUZES;8;916924;EURYCLIDES DE JESUS ZERBINI;Venezuela;1
ESTADUAL - SE;MOGI DAS CRUZES;MOGI DAS CRUZES;MOGI DAS CRUZES;8;916948;JOSE SANCHES JOSENDE PROFESSOR;Japão;1
ESTADUAL - SE;MOGI DAS CRUZES;MOGI DAS CRUZES;MOGI DAS CRUZES;8;923060;CID BOUCAULT PROFESSOR;Haiti;2
ESTADUAL - SE;MOGI DAS CRUZES;MOGI DAS CRUZES;MOGI DAS CRUZES;8;923977;ISAAC GRINBERG HISTORIADOR;Venezuela;2
ESTADUAL - SE;MOGI DAS CRUZES;NOSSA SENHORA DO REMEDIO;SALESOPOLIS;8;6750;ELISIARIO PINTO DE MORAIS VEREADOR;Venezuela;1
ESTADUAL - SE;MOGI DAS CRUZES;SABAUNA;MOGI DAS CRUZES;8;6701;FRANCISCO DE SOUZA MELLO PROFESSOR;Itália;1
ESTADUAL - SE;MOGI MIRIM;AMPARO;AMPARO;8;17528;NOEDIR MAZZINI;Estados Unidos da América;2
ESTADUAL - SE;MOGI MIRIM;AMPARO;AMPARO;8;17541;LUIZ LEITE;Japão;1
ESTADUAL - SE;MOGI MIRIM;AMPARO;AMPARO;8;17577;CORIOLANO BURGOS DR;Estados Unidos da América;1
ESTADUAL - SE;MOGI MIRIM;AMPARO;AMPARO;8;47041;DIONYSIA GERBI BEIRA;Haiti;1
ESTADUAL - SE;MOGI MIRIM;AMPARO;AMPARO;8;903814;ARIOSTO RIBEIRO PERSICANO PROF;Haiti;2
ESTADUAL - SE;MOGI MIRIM;ARCADAS;AMPARO;8;17536;FRANCISCO DA SILVEIRA FRANCO;Peru;2
ESTADUAL - SE;MOGI MIRIM;CONCHAL;CONCHAL;8;20485;ORESTES LADEIRA PE;Venezuela;1
ESTADUAL - SE;MOGI MIRIM;CONCHAL;CONCHAL;8;915944;ALBERTO VELLONE PADRE;Japão;2
ESTADUAL - SE;MOGI MIRIM;ITAPIRA;ITAPIRA;8;17619;JULIO MESQUITA DR;China;1
ESTADUAL - SE;MOGI MIRIM;ITAPIRA;ITAPIRA;8;17681;ELVIRA SANTOS DE OLIVEIRA DONA;Estados Unidos da América;1
ESTADUAL - SE;MOGI MIRIM;ITAPIRA;ITAPIRA;8;17681;ELVIRA SANTOS DE OLIVEIRA DONA;Reino Unido da Grã-Bretanha e Irlanda do Norte;1
ESTADUAL - SE;MOGI MIRIM;ITAPIRA;ITAPIRA;8;911124;BENEDITO FLORES DE AZEVEDO;Japão;1
ESTADUAL - SE;MOGI MIRIM;MARTIM FRANCISCO;MOGI MIRIM;8;20655;ARISTIDES GURJAO PROF;Haiti;1
ESTADUAL - SE;MOGI MIRIM;MARTIM FRANCISCO;MOGI MIRIM;8;20655;ARISTIDES GURJAO PROF;Itália;1
ESTADUAL - SE;MOGI MIRIM;MOGI GUACU;MOGI GUACU;8;20254;ARMANI PADRE;Estados Unidos da América;1
ESTADUAL - SE;MOGI MIRIM;MOGI GUACU;MOGI GUACU;8;20278;LUIZ MARTINI;Espanha;1
ESTADUAL - SE;MOGI MIRIM;MOGI GUACU;MOGI GUACU;8;20291;BENEDITA NAIR XAVIER VEDOVELLO PROFA;Haiti;1
ESTADUAL - SE;MOGI MIRIM;MOGI GUACU;MOGI GUACU;8;21258;ANGELA MARIA DA PAIXAO COSTA PROFA;Japão;1
ESTADUAL - SE;MOGI MIRIM;MOGI GUACU;MOGI GUACU;8;920757;THEREZINHA APPARECIDA VILLANI DE CAMARGO PROFA;Haiti;1
ESTADUAL - SE;MOGI MIRIM;MOGI MIRIM;MOGI MIRIM;6;985302;CEL JTO A EE MONSENHOR NORA;Venezuela;2
ESTADUAL - SE;MOGI MIRIM;MOGI MIRIM;MOGI MIRIM;8;20539;OSCAR RODRIGUES ALVES DR;Reino Unido da Grã-Bretanha e Irlanda do Norte;1
ESTADUAL - SE;MOGI MIRIM;MOGI MIRIM;MOGI MIRIM;8;20631;NORA MONSENHOR;Itália;1
ESTADUAL - SE;MOGI MIRIM;MOGI MIRIM;MOGI MIRIM;8;20631;NORA MONSENHOR;Venezuela;1
ESTADUAL - SE;MOGI MIRIM;PEDREIRA;PEDREIRA;8;17401;JOAO PEDRO DE GODOY MOREIRA CEL;Peru;2
ESTADUAL - SE;MOGI MIRIM;PEDREIRA;PEDREIRA;8;17401;JOAO PEDRO DE GODOY MOREIRA CEL;Venezuela;2
ESTADUAL - SE;MOGI MIRIM;PEDREIRA;PEDREIRA;8;17656;SYLVIO DE AGUIAR MAYA DR;Japão;1
ESTADUAL - SE;MOGI MIRIM;SERRA NEGRA;SERRA NEGRA;8;17673;MARIA DO CARMO DE GODOY RAMOS PROFA;Bolívia;1
ESTADUAL - SE;MOGI MIRIM;TRES PONTES;AMPARO;8;17565;NELSON ALVES DE GODOY DR;Japão;1
ESTADUAL - SE;NORTE 1;ANHANGUERA;SAO PAULO;8;59;SEBASTIAO DE OLIVEIRA GUSMAO PROFESSOR;Haiti;1
ESTADUAL - SE;NORTE 1;ANHANGUERA;SAO PAULO;8;44261;ZORAIDE DE CAMPOS HELU PROFESSORA;Haiti;8
ESTADUAL - SE;NORTE 1;ANHANGUERA;SAO PAULO;8;457243;MORRO DOCE;Haiti;1
ESTADUAL - SE;NORTE 1;ANHANGUERA;SAO PAULO;8;457243;MORRO DOCE;Peru;3
ESTADUAL - SE;NORTE 1;ANHANGUERA;SAO PAULO;8;923624;PARQUE ANHANGUERA;Portugal;1
ESTADUAL - SE;NORTE 1;ANHANGUERA;SAO PAULO;8;924386;VIRGINIA VALERIA APARECIDA DE ALMEIDA FREITAS;Venezuela;2
ESTADUAL - SE;NORTE 1;BRASILANDIA;SAO PAULO;8;48;WALFREDO ARANTES CALDAS PROFESSOR;Argentina;1
ESTADUAL - SE;NORTE 1;BRASILANDIA;SAO PAULO;8;48;WALFREDO ARANTES CALDAS PROFESSOR;Bolívia;2
ESTADUAL - SE;NORTE 1;BRASILANDIA;SAO PAULO;8;48;WALFREDO ARANTES CALDAS PROFESSOR;Haiti;1
ESTADUAL - SE;NORTE 1;BRASILANDIA;SAO PAULO;8;73;JULIO DE FARIA E SOUZA PROFESSOR;Bolívia;2
ESTADUAL - SE;NORTE 1;BRASILANDIA;SAO PAULO;8;103;JOAO BOEMER JARDIM PROFESSOR;Bolívia;3
ESTADUAL - SE;NORTE 1;BRASILANDIA;SAO PAULO;8;103;JOAO BOEMER JARDIM PROFESSOR;Haiti;1
ESTADUAL - SE;NORTE 1;BRASILANDIA;SAO PAULO;8;231;CHIQUINHA RODRIGUES;Bolívia;1
ESTADUAL - SE;NORTE 1;BRASILANDIA;SAO PAULO;8;292;DALILA DE ANDRADE COSTA PROFESSORA;Argentina;1
ESTADUAL - SE;NORTE 1;BRASILANDIA;SAO PAULO;8;292;DALILA DE ANDRADE COSTA PROFESSORA;Bolívia;4
ESTADUAL - SE;NORTE 1;BRASILANDIA;SAO PAULO;8;37102;MARTIN EGIDIO DAMY;Paraguai;1
ESTADUAL - SE;NORTE 1;BRASILANDIA;SAO PAULO;8;37655;UBALDO COSTA LEITE DOUTOR;Bolívia;3
ESTADUAL - SE;NORTE 1;BRASILANDIA;SAO PAULO;8;37655;UBALDO COSTA LEITE DOUTOR;Peru;1
ESTADUAL - SE;NORTE 1;BRASILANDIA;SAO PAULO;8;37679;EDGARD PIMENTEL REZENDE PROFESSOR;Argentina;1
ESTADUAL - SE;NORTE 1;BRASILANDIA;SAO PAULO;8;37679;EDGARD PIMENTEL REZENDE PROFESSOR;Bolívia;3
ESTADUAL - SE;NORTE 1;BRASILANDIA;SAO PAULO;8;37679;EDGARD PIMENTEL REZENDE PROFESSOR;Peru;2
ESTADUAL - SE;NORTE 1;BRASILANDIA;SAO PAULO;8;46243;FLAMINIO FAVERO PROFESSOR;Bolívia;3
ESTADUAL - SE;NORTE 1;BRASILANDIA;SAO PAULO;8;46243;FLAMINIO FAVERO PROFESSOR;Haiti;1
ESTADUAL - SE;NORTE 1;BRASILANDIA;SAO PAULO;8;72503;ELIZABETH APARECIDA SIMOES MESQUITA PROFESSORA;Bolívia;3
ESTADUAL - SE;NORTE 1;BRASILANDIA;SAO PAULO;8;130333;REPUBLICA DA COLOMBIA;Bolívia;7
ESTADUAL - SE;NORTE 1;BRASILANDIA;SAO PAULO;8;130333;REPUBLICA DA COLOMBIA;Haiti;1
ESTADUAL - SE;NORTE 1;BRASILANDIA;SAO PAULO;8;463073;JORNALISTA RUY MESQUITA;Haiti;2
ESTADUAL - SE;NORTE 1;BRASILANDIA;SAO PAULO;8;910302;HELIOS HEBER LINO PROFESSOR;África do Sul;1
ESTADUAL - SE;NORTE 1;BRASILANDIA;SAO PAULO;8;910302;HELIOS HEBER LINO PROFESSOR;Arménia;1
ESTADUAL - SE;NORTE 1;BRASILANDIA;SAO PAULO;8;910302;HELIOS HEBER LINO PROFESSOR;Bolívia;19
ESTADUAL - SE;NORTE 1;BRASILANDIA;SAO PAULO;8;910995;OLINDA LEITE SINISGALLI PROFESSORA;Argentina;1
ESTADUAL - SE;NORTE 1;BRASILANDIA;SAO PAULO;8;910995;OLINDA LEITE SINISGALLI PROFESSORA;Bolívia;5
ESTADUAL - SE;NORTE 1;BRASILANDIA;SAO PAULO;8;910995;OLINDA LEITE SINISGALLI PROFESSORA;Peru;2
ESTADUAL - SE;NORTE 1;BRASILANDIA;SAO PAULO;8;923254;JAIR TOLEDO XAVIER PROFESSOR;Bolívia;6
ESTADUAL - SE;NORTE 1;BRASILANDIA;SAO PAULO;8;924751;LUIZA SALETTE JUNCA DE ALMEIDA PROFESSORA;Bolívia;7
ESTADUAL - SE;NORTE 1;BRASILANDIA;SAO PAULO;8;924751;LUIZA SALETTE JUNCA DE ALMEIDA PROFESSORA;Checa, República;1
ESTADUAL - SE;NORTE 1;BRASILANDIA;SAO PAULO;8;924751;LUIZA SALETTE JUNCA DE ALMEIDA PROFESSORA;Serra Leoa;1
ESTADUAL - SE;NORTE 1;BRASILANDIA;SAO PAULO;8;925861;PROFESSOR RUBEM AZEVEDO ALVES;Bolívia;2
ESTADUAL - SE;NORTE 1;BRASILANDIA;SAO PAULO;8;925861;PROFESSOR RUBEM AZEVEDO ALVES;Serra Leoa;1
ESTADUAL - SE;NORTE 1;FREGUESIA DO O;SAO PAULO;8;255;CLODOMIRO CARNEIRO;Bolívia;1
ESTADUAL - SE;NORTE 1;FREGUESIA DO O;SAO PAULO;8;279;GALDINO LOPES CHAGAS PROFESSOR;Bolívia;2
ESTADUAL - SE;NORTE 1;FREGUESIA DO O;SAO PAULO;8;361;PASQUALE PECCICACCO;Japão;1
ESTADUAL - SE;NORTE 1;FREGUESIA DO O;SAO PAULO;8;395;JOAQUIM LUIZ DE BRITO PROFESSOR;Argentina;2
ESTADUAL - SE;NORTE 1;FREGUESIA DO O;SAO PAULO;8;395;JOAQUIM LUIZ DE BRITO PROFESSOR;Bolívia;1
ESTADUAL - SE;NORTE 1;FREGUESIA DO O;SAO PAULO;8;401;MARQUES DE TAMANDARE ALMIRANTE;Argentina;2
ESTADUAL - SE;NORTE 1;FREGUESIA DO O;SAO PAULO;8;450;AUGUSTO RIBEIRO DE CARVALHO PROFESSOR;Japão;1
ESTADUAL - SE;NORTE 1;FREGUESIA DO O;SAO PAULO;8;553;JACOMO STAVALE PROFESSOR;Nigéria;3
ESTADUAL - SE;NORTE 1;FREGUESIA DO O;SAO PAULO;8;589;PLINIO DAMASCO PENNA PROFESSOR;Bolívia;1
ESTADUAL - SE;NORTE 1;FREGUESIA DO O;SAO PAULO;8;619;REGENTE FEIJO;Venezuela;2
ESTADUAL - SE;NORTE 1;FREGUESIA DO O;SAO PAULO;8;620;ANTONIO EMILIO SOUZA PENNA PROFESSOR;Colômbia;5
ESTADUAL - SE;NORTE 1;FREGUESIA DO O;SAO PAULO;8;632;AUGUSTO DE MACEDO COSTA DOUTOR;Bolívia;2
ESTADUAL - SE;NORTE 1;FREGUESIA DO O;SAO PAULO;8;37722;CACILDA BECKER;Bolívia;6
ESTADUAL - SE;NORTE 1;FREGUESIA DO O;SAO PAULO;8;40460;OSMAR BASTOS CONCEICAO PROFESSOR;Bolívia;1
ESTADUAL - SE;NORTE 1;FREGUESIA DO O;SAO PAULO;8;48598;PAULO TRAJANO DA SILVEIRA SANTOS PROFESSOR;Angola;1
ESTADUAL - SE;NORTE 1;FREGUESIA DO O;SAO PAULO;8;48598;PAULO TRAJANO DA SILVEIRA SANTOS PROFESSOR;Peru;1
ESTADUAL - SE;NORTE 1;JAGUARA;SAO PAULO;8;164;PIO TELLES PEIXOTO PROFESSOR;Haiti;2
ESTADUAL - SE;NORTE 1;JAGUARA;SAO PAULO;8;164;PIO TELLES PEIXOTO PROFESSOR;Venezuela;1
ESTADUAL - SE;NORTE 1;JARAGUA;SAO PAULO;8;280;HUMBERTO DE SOUZA MELLO GENERAL;Bolívia;1
ESTADUAL - SE;NORTE 1;JARAGUA;SAO PAULO;8;37692;ANA SIQUEIRA DA SILVA;Chile;1
ESTADUAL - SE;NORTE 1;JARAGUA;SAO PAULO;8;37692;ANA SIQUEIRA DA SILVA;Japão;1
ESTADUAL - SE;NORTE 1;JARAGUA;SAO PAULO;8;38097;ITALO BETARELLO;Argentina;1
ESTADUAL - SE;NORTE 1;JARAGUA;SAO PAULO;8;38097;ITALO BETARELLO;Bolívia;4
ESTADUAL - SE;NORTE 1;JARAGUA;SAO PAULO;8;38097;ITALO BETARELLO;Haiti;1
ESTADUAL - SE;NORTE 1;JARAGUA;SAO PAULO;8;130321;THAYANE LUZIMARA COSTA VALCACER PROFESSORA;Bolívia;1
ESTADUAL - SE;NORTE 1;JARAGUA;SAO PAULO;8;130321;THAYANE LUZIMARA COSTA VALCACER PROFESSORA;Palestina;2
ESTADUAL - SE;NORTE 1;JARAGUA;SAO PAULO;8;290543;OSCAR DIAS CORREIA MINISTRO;Bolívia;3
ESTADUAL - SE;NORTE 1;JARAGUA;SAO PAULO;8;901684;EDUARDO GOMES BRIGADEIRO COHAB;Bolívia;2
ESTADUAL - SE;NORTE 1;JARAGUA;SAO PAULO;8;904247;LEONIDAS HORTA DE MACEDO PROFESSOR;Bolívia;3
ESTADUAL - SE;NORTE 1;JARAGUA;SAO PAULO;8;904247;LEONIDAS HORTA DE MACEDO PROFESSOR;Congo, República Democrática do (antigo Zaire);1
ESTADUAL - SE;NORTE 1;JARAGUA;SAO PAULO;8;904247;LEONIDAS HORTA DE MACEDO PROFESSOR;Congo, República do;1
ESTADUAL - SE;NORTE 1;JARAGUA;SAO PAULO;8;904247;LEONIDAS HORTA DE MACEDO PROFESSOR;Haiti;1
ESTADUAL - SE;NORTE 1;JARAGUA;SAO PAULO;8;904247;LEONIDAS HORTA DE MACEDO PROFESSOR;Nigéria;1
ESTADUAL - SE;NORTE 1;JARAGUA;SAO PAULO;8;907108;JACOB SALVADOR ZVEIBIL;Bolívia;1
ESTADUAL - SE;NORTE 1;JARAGUA;SAO PAULO;8;910296;FRIEDRICH VON VOITH;Bolívia;5
ESTADUAL - SE;NORTE 1;JARAGUA;SAO PAULO;8;910296;FRIEDRICH VON VOITH;Nigéria;1
ESTADUAL - SE;NORTE 1;JARAGUA;SAO PAULO;8;922249;OSCAR BLOIS;Bolívia;2
ESTADUAL - SE;NORTE 1;JARAGUA;SAO PAULO;8;924738;ANILZA PIOLI PROFESSORA;Bolívia;1
ESTADUAL - SE;NORTE 1;JARAGUA;SAO PAULO;8;924738;ANILZA PIOLI PROFESSORA;Venezuela;1
ESTADUAL - SE;NORTE 1;JARAGUA;SAO PAULO;8;924748;ELISIO TEIXEIRA LEITE III;Bolívia;1
ESTADUAL - SE;NORTE 1;JARAGUA;SAO PAULO;8;924763;REPUBLICA ARGENTINA;Bolívia;1
ESTADUAL - SE;NORTE 1;PERUS;SAO PAULO;8;24;GAVIAO PEIXOTO BRIGADEIRO;Bolívia;3
ESTADUAL - SE;NORTE 1;PERUS;SAO PAULO;8;24;GAVIAO PEIXOTO BRIGADEIRO;Haiti;25
ESTADUAL - SE;NORTE 1;PERUS;SAO PAULO;8;24;GAVIAO PEIXOTO BRIGADEIRO;Marrocos;1
ESTADUAL - SE;NORTE 1;PERUS;SAO PAULO;8;24;GAVIAO PEIXOTO BRIGADEIRO;Paraguai;1
ESTADUAL - SE;NORTE 1;PERUS;SAO PAULO;8;61;SUZANA DE CAMPOS DONA;Bolívia;2
ESTADUAL - SE;NORTE 1;PERUS;SAO PAULO;8;61;SUZANA DE CAMPOS DONA;Haiti;6
ESTADUAL - SE;NORTE 1;PERUS;SAO PAULO;8;36456;MIGUEL OLIVA FEITOSA PROFESSOR;Bolívia;2
ESTADUAL - SE;NORTE 1;PERUS;SAO PAULO;8;36456;MIGUEL OLIVA FEITOSA PROFESSOR;Haiti;1
ESTADUAL - SE;NORTE 1;PERUS;SAO PAULO;8;36959;MANUEL BANDEIRA;Bolívia;2
ESTADUAL - SE;NORTE 1;PERUS;SAO PAULO;8;36959;MANUEL BANDEIRA;Haiti;18
ESTADUAL - SE;NORTE 1;PERUS;SAO PAULO;8;36959;MANUEL BANDEIRA;Venezuela;1
ESTADUAL - SE;NORTE 1;PERUS;SAO PAULO;8;924726;REGIANE DO CARMO MONTEIRO PROFESSORA;Bolívia;1
ESTADUAL - SE;NORTE 1;PERUS;SAO PAULO;8;924726;REGIANE DO CARMO MONTEIRO PROFESSORA;Peru;1
ESTADUAL - SE;NORTE 1;PERUS;SAO PAULO;8;925500;FLORESTAN FERNANDES;Argentina;1
ESTADUAL - SE;NORTE 1;PERUS;SAO PAULO;8;925500;FLORESTAN FERNANDES;Bolívia;4
ESTADUAL - SE;NORTE 1;PERUS;SAO PAULO;8;925500;FLORESTAN FERNANDES;Haiti;1
ESTADUAL - SE;NORTE 1;PIRITUBA;SAO PAULO;8;85;JULIO CESAR DE OLIVEIRA PROFESSOR;Haiti;1
ESTADUAL - SE;NORTE 1;PIRITUBA;SAO PAULO;8;139;MARIANO DE OLIVEIRA PROFESSOR;Bolívia;1
ESTADUAL - SE;NORTE 1;PIRITUBA;SAO PAULO;8;140;SILVIO XAVIER ANTUNES PROFESSOR;Colômbia;3
ESTADUAL - SE;NORTE 1;PIRITUBA;SAO PAULO;8;140;SILVIO XAVIER ANTUNES PROFESSOR;Peru;1
ESTADUAL - SE;NORTE 1;PIRITUBA;SAO PAULO;8;140;SILVIO XAVIER ANTUNES PROFESSOR;Venezuela;1
ESTADUAL - SE;NORTE 1;PIRITUBA;SAO PAULO;8;197;AGENOR COUTO DE MAGALHAES DOUTOR;Bolívia;2
ESTADUAL - SE;NORTE 1;PIRITUBA;SAO PAULO;8;197;AGENOR COUTO DE MAGALHAES DOUTOR;Haiti;1
ESTADUAL - SE;NORTE 1;PIRITUBA;SAO PAULO;8;206;ALIPIO DE BARROS PROFESSOR;Equador;1
ESTADUAL - SE;NORTE 1;PIRITUBA;SAO PAULO;8;206;ALIPIO DE BARROS PROFESSOR;Paraguai;1
ESTADUAL - SE;NORTE 1;PIRITUBA;SAO PAULO;8;224;CANDIDO GONCALVES GOMIDE PROFESSOR;Bolívia;1
ESTADUAL - SE;NORTE 1;PIRITUBA;SAO PAULO;8;224;CANDIDO GONCALVES GOMIDE PROFESSOR;Equador;2
ESTADUAL - SE;NORTE 1;PIRITUBA;SAO PAULO;8;224;CANDIDO GONCALVES GOMIDE PROFESSOR;Haiti;1
ESTADUAL - SE;NORTE 1;PIRITUBA;SAO PAULO;8;267;ERMANO MARCHETTI;Bolívia;1
ESTADUAL - SE;NORTE 1;PIRITUBA;SAO PAULO;8;267;ERMANO MARCHETTI;Equador;1
ESTADUAL - SE;NORTE 1;PIRITUBA;SAO PAULO;8;267;ERMANO MARCHETTI;Uruguai;1
ESTADUAL - SE;NORTE 1;PIRITUBA;SAO PAULO;8;413;JOAQUIM SILVADO DOUTOR;Uruguai;1
ESTADUAL - SE;NORTE 1;PIRITUBA;SAO PAULO;8;565;NOSSA SENHORA DO RETIRO;Haiti;3
ESTADUAL - SE;NORTE 1;PIRITUBA;SAO PAULO;8;644;PIO XII;Bolívia;1
ESTADUAL - SE;NORTE 1;PIRITUBA;SAO PAULO;8;644;PIO XII;Colômbia;1
ESTADUAL - SE;NORTE 1;PIRITUBA;SAO PAULO;8;644;PIO XII;Haiti;1
ESTADUAL - SE;NORTE 1;PIRITUBA;SAO PAULO;8;644;PIO XII;Venezuela;1
ESTADUAL - SE;NORTE 1;PIRITUBA;SAO PAULO;8;37709;CARLOS FREDERICO WERNECK LACERDA JORNALISTA;Bolívia;2
ESTADUAL - SE;NORTE 1;PIRITUBA;SAO PAULO;8;37709;CARLOS FREDERICO WERNECK LACERDA JORNALISTA;Haiti;2
ESTADUAL - SE;NORTE 1;PIRITUBA;SAO PAULO;8;479500;CYNIRA STOCCO FAUSTO PROFESSORA;Bolívia;2
ESTADUAL - SE;NORTE 1;PIRITUBA;SAO PAULO;8;479500;CYNIRA STOCCO FAUSTO PROFESSORA;Portugal;1
ESTADUAL - SE;NORTE 1;SAO DOMINGOS;SAO PAULO;8;152;OCTAVIO MONTEIRO DE CASTRO PROFESSOR;Haiti;1
ESTADUAL - SE;NORTE 1;SAO DOMINGOS;SAO PAULO;8;176;ZENAIDE VILALVA DE ARAUJO PROFESSORA;Japão;1
ESTADUAL - SE;NORTE 1;SAO DOMINGOS;SAO PAULO;8;41683;OTTO DE BARROS VIDAL PROFESSOR;Bolívia;1
ESTADUAL - SE;NORTE 1;SAO DOMINGOS;SAO PAULO;8;41683;OTTO DE BARROS VIDAL PROFESSOR;Haiti;1
ESTADUAL - SE;NORTE 1;SAO DOMINGOS;SAO PAULO;8;41683;OTTO DE BARROS VIDAL PROFESSOR;Venezuela;2
ESTADUAL - SE;NORTE 1;SAO DOMINGOS;SAO PAULO;8;904259;MARILENA PIUMBATO CHAPARRO PROFESSORA;Bolívia;2
ESTADUAL - SE;NORTE 1;SAO DOMINGOS;SAO PAULO;8;904259;MARILENA PIUMBATO CHAPARRO PROFESSORA;Venezuela;1
ESTADUAL - SE;NORTE 2;CACHOEIRINHA;SAO PAULO;8;371;ANTONIO JOSE LEITE PROF;Bolívia;6
ESTADUAL - SE;NORTE 2;CACHOEIRINHA;SAO PAULO;8;371;ANTONIO JOSE LEITE PROF;Haiti;1
ESTADUAL - SE;NORTE 2;CACHOEIRINHA;SAO PAULO;8;371;ANTONIO JOSE LEITE PROF;Japão;1
ESTADUAL - SE;NORTE 2;CACHOEIRINHA;SAO PAULO;8;371;ANTONIO JOSE LEITE PROF;Líbano;1
ESTADUAL - SE;NORTE 2;CACHOEIRINHA;SAO PAULO;8;607;TITO PRATES DA FONSECA;Argentina;1
ESTADUAL - SE;NORTE 2;CACHOEIRINHA;SAO PAULO;8;607;TITO PRATES DA FONSECA;Bolívia;32
ESTADUAL - SE;NORTE 2;CACHOEIRINHA;SAO PAULO;8;607;TITO PRATES DA FONSECA;Guiné-Conacri;1
ESTADUAL - SE;NORTE 2;CACHOEIRINHA;SAO PAULO;8;693;RITA BICUDO PEREIRA PROFA;Bolívia;7
ESTADUAL - SE;NORTE 2;CACHOEIRINHA;SAO PAULO;8;814;RAQUEL ASSIS BARREIROS PROFA;Bolívia;7
ESTADUAL - SE;NORTE 2;CACHOEIRINHA;SAO PAULO;8;814;RAQUEL ASSIS BARREIROS PROFA;Haiti;1
ESTADUAL - SE;NORTE 2;CACHOEIRINHA;SAO PAULO;8;36821;GUILHERME DE ALMEIDA;Bolívia;1
ESTADUAL - SE;NORTE 2;CACHOEIRINHA;SAO PAULO;8;37382;ELZA SARAIVA MONTEIRO PROFA;Bolívia;3
ESTADUAL - SE;NORTE 2;CACHOEIRINHA;SAO PAULO;8;37761;YOLANDO MALLOZZI;Bolívia;5
ESTADUAL - SE;NORTE 2;CACHOEIRINHA;SAO PAULO;8;37761;YOLANDO MALLOZZI;Paraguai;1
ESTADUAL - SE;NORTE 2;CACHOEIRINHA;SAO PAULO;8;48604;PAULO LEIVAS MACALAO PASTOR;Bolívia;2
ESTADUAL - SE;NORTE 2;CACHOEIRINHA;SAO PAULO;8;906141;ASSIS JOSE AMBROSIO;Bolívia;4
ESTADUAL - SE;NORTE 2;CACHOEIRINHA;SAO PAULO;8;911537;DILSON FUNARO MINISTRO;Bolívia;1
ESTADUAL - SE;NORTE 2;CACHOEIRINHA;SAO PAULO;8;915658;MARLY DIVA BONFANTI PROFA;Argentina;2
ESTADUAL - SE;NORTE 2;CACHOEIRINHA;SAO PAULO;8;915658;MARLY DIVA BONFANTI PROFA;Bolívia;2
ESTADUAL - SE;NORTE 2;JACANA;SAO PAULO;8;1004;EURICO FIGUEIREDO PROF;Bolívia;7
ESTADUAL - SE;NORTE 2;JACANA;SAO PAULO;8;1041;JOHANN GUTENBERG;Argentina;1
ESTADUAL - SE;NORTE 2;JACANA;SAO PAULO;8;1041;JOHANN GUTENBERG;Bolívia;10
ESTADUAL - SE;NORTE 2;JACANA;SAO PAULO;8;1053;LUIZ AMARAL WAGNER PROF;Angola;1
ESTADUAL - SE;NORTE 2;JACANA;SAO PAULO;8;1053;LUIZ AMARAL WAGNER PROF;Bolívia;14
ESTADUAL - SE;NORTE 2;JACANA;SAO PAULO;8;1089;GABRIELA MISTRAL;Bolívia;11
ESTADUAL - SE;NORTE 2;JACANA;SAO PAULO;8;1089;GABRIELA MISTRAL;Paraguai;3
ESTADUAL - SE;NORTE 2;JACANA;SAO PAULO;8;1144;JULIO PESTANA;Bolívia;8
ESTADUAL - SE;NORTE 2;JACANA;SAO PAULO;8;1235;CYRENE DE OLIVEIRA LAET DONA;África do Sul;1
ESTADUAL - SE;NORTE 2;JACANA;SAO PAULO;8;1235;CYRENE DE OLIVEIRA LAET DONA;Bolívia;2
ESTADUAL - SE;NORTE 2;JACANA;SAO PAULO;8;1338;MARIA ANGELITA SAYAGO LAET PROFA;Bolívia;7
ESTADUAL - SE;NORTE 2;JACANA;SAO PAULO;8;1348;JOSE DO AMARAL MELLO PROF;Bolívia;10
ESTADUAL - SE;NORTE 2;JACANA;SAO PAULO;8;46036;DIRCE PASTORE DONATO PROFA;Bolívia;2
ESTADUAL - SE;NORTE 2;JACANA;SAO PAULO;8;916729;GUSTAVO BARROSO;Bolívia;2
ESTADUAL - SE;NORTE 2;JACANA;SAO PAULO;8;916729;GUSTAVO BARROSO;Venezuela;1
ESTADUAL - SE;NORTE 2;MANDAQUI;SAO PAULO;8;735;PAUL HUGON PROF;Bolívia;1
ESTADUAL - SE;NORTE 2;MANDAQUI;SAO PAULO;8;735;PAUL HUGON PROF;Estados Unidos da América;1
ESTADUAL - SE;NORTE 2;MANDAQUI;SAO PAULO;8;772;VISCONDE DE INHAUMA ALMIRANTE;Bolívia;3
ESTADUAL - SE;NORTE 2;MANDAQUI;SAO PAULO;8;772;VISCONDE DE INHAUMA ALMIRANTE;Colômbia;1
ESTADUAL - SE;NORTE 2;MANDAQUI;SAO PAULO;8;772;VISCONDE DE INHAUMA ALMIRANTE;Haiti;2
ESTADUAL - SE;NORTE 2;MANDAQUI;SAO PAULO;8;772;VISCONDE DE INHAUMA ALMIRANTE;Japão;1
ESTADUAL - SE;NORTE 2;MANDAQUI;SAO PAULO;8;875;CASTRO ALVES;Bolívia;1
ESTADUAL - SE;NORTE 2;MANDAQUI;SAO PAULO;8;875;CASTRO ALVES;Peru;1
ESTADUAL - SE;NORTE 2;MANDAQUI;SAO PAULO;8;905;CARLOS DE LAET PROF;Bolívia;1
ESTADUAL - SE;NORTE 2;MANDAQUI;SAO PAULO;8;37734;ARLETE TEREZINHA PIZAO PROFA;Bolívia;9
ESTADUAL - SE;NORTE 2;MANDAQUI;SAO PAULO;8;37734;ARLETE TEREZINHA PIZAO PROFA;Haiti;2
ESTADUAL - SE;NORTE 2;MANDAQUI;SAO PAULO;8;913820;FRANCISCO VOCCIO;Bolívia;3
ESTADUAL - SE;NORTE 2;MANDAQUI;SAO PAULO;8;913820;FRANCISCO VOCCIO;Japão;1
ESTADUAL - SE;NORTE 2;TREMEMBE;SAO PAULO;8;1077;JUDITH GUIMARAES DOS SANTOS PROFA;Bolívia;2
ESTADUAL - SE;NORTE 2;TREMEMBE;SAO PAULO;8;1193;PHILOMENA BAYLAO PROFA;Bolívia;19
ESTADUAL - SE;NORTE 2;TREMEMBE;SAO PAULO;8;1193;PHILOMENA BAYLAO PROFA;Venezuela;2
ESTADUAL - SE;NORTE 2;TREMEMBE;SAO PAULO;8;1223;MARIA PAULA MARCONDES DOMINGUES PROFA;Bolívia;3
ESTADUAL - SE;NORTE 2;TREMEMBE;SAO PAULO;8;1223;MARIA PAULA MARCONDES DOMINGUES PROFA;Paraguai;2
ESTADUAL - SE;NORTE 2;TREMEMBE;SAO PAULO;8;1272;ANGELO BORTOLO;Bolívia;1
ESTADUAL - SE;NORTE 2;TREMEMBE;SAO PAULO;8;1272;ANGELO BORTOLO;Japão;1
ESTADUAL - SE;NORTE 2;TREMEMBE;SAO PAULO;8;1302;ARNALDO BARRETO;Bolívia;2
ESTADUAL - SE;NORTE 2;TREMEMBE;SAO PAULO;8;1302;ARNALDO BARRETO;Espanha;1
ESTADUAL - SE;NORTE 2;TREMEMBE;SAO PAULO;8;1302;ARNALDO BARRETO;Venezuela;2
ESTADUAL - SE;NORTE 2;TREMEMBE;SAO PAULO;8;1314;CASSIO DA COSTA VIDIGAL;Bolívia;2
ESTADUAL - SE;NORTE 2;TREMEMBE;SAO PAULO;8;1314;CASSIO DA COSTA VIDIGAL;Haiti;1
ESTADUAL - SE;NORTE 2;TREMEMBE;SAO PAULO;8;1326;PEDRO DE MORAES VICTOR DR;Bolívia;7
ESTADUAL - SE;NORTE 2;TREMEMBE;SAO PAULO;8;48616;JOAO BAPTISTA ALVES SILVA PROF;Bolívia;3
ESTADUAL - SE;NORTE 2;TREMEMBE;SAO PAULO;8;48616;JOAO BAPTISTA ALVES SILVA PROF;Peru;1
ESTADUAL - SE;NORTE 2;TREMEMBE;SAO PAULO;8;269372;LEOVERGILIO MOREIRA PROF;Bolívia;4
ESTADUAL - SE;NORTE 2;TREMEMBE;SAO PAULO;8;269372;LEOVERGILIO MOREIRA PROF;Cuba;1
ESTADUAL - SE;NORTE 2;TREMEMBE;SAO PAULO;8;906153;TEREZINE ARANTES FERRAZ BIBLIOTECARIA;Bolívia;5
ESTADUAL - SE;NORTE 2;TREMEMBE;SAO PAULO;8;906153;TEREZINE ARANTES FERRAZ BIBLIOTECARIA;Venezuela;1
ESTADUAL - SE;NORTE 2;TREMEMBE;SAO PAULO;8;906797;IZAC SILVERIO PROF;Bolívia;1
ESTADUAL - SE;NORTE 2;TREMEMBE;SAO PAULO;8;906797;IZAC SILVERIO PROF;Venezuela;1
ESTADUAL - SE;NORTE 2;TREMEMBE;SAO PAULO;8;915661;EUNICE TEREZINHA DE OLIVEIRA FRAGOAS PROFA;Angola;1
ESTADUAL - SE;NORTE 2;TREMEMBE;SAO PAULO;8;915661;EUNICE TEREZINHA DE OLIVEIRA FRAGOAS PROFA;Bolívia;7
ESTADUAL - SE;NORTE 2;TREMEMBE;SAO PAULO;8;925184;SERGIO DA COSTA PROF;Bolívia;3
ESTADUAL - SE;NORTE 2;TUCURUVI;SAO PAULO;6;985016;CEL JTO A EE ALBINO CESAR;Bolívia;1
ESTADUAL - SE;NORTE 2;TUCURUVI;SAO PAULO;8;1016;ALBERTO CARDOSO DE MELLO NETO DR;Bolívia;6
ESTADUAL - SE;NORTE 2;TUCURUVI;SAO PAULO;8;1016;ALBERTO CARDOSO DE MELLO NETO DR;Japão;1
ESTADUAL - SE;NORTE 2;TUCURUVI;SAO PAULO;8;1016;ALBERTO CARDOSO DE MELLO NETO DR;Paraguai;1
ESTADUAL - SE;NORTE 2;TUCURUVI;SAO PAULO;8;1016;ALBERTO CARDOSO DE MELLO NETO DR;Venezuela;1
ESTADUAL - SE;NORTE 2;TUCURUVI;SAO PAULO;8;1132;PEDRO ALEXANDRINO;Bolívia;5
ESTADUAL - SE;NORTE 2;TUCURUVI;SAO PAULO;8;1132;PEDRO ALEXANDRINO;Espanha;1
ESTADUAL - SE;NORTE 2;TUCURUVI;SAO PAULO;8;1156;SILVA JARDIM;Argentina;1
ESTADUAL - SE;NORTE 2;TUCURUVI;SAO PAULO;8;1156;SILVA JARDIM;Bolívia;7
ESTADUAL - SE;NORTE 2;TUCURUVI;SAO PAULO;8;1156;SILVA JARDIM;Síria;1
ESTADUAL - SE;NORTE 2;TUCURUVI;SAO PAULO;8;1168;ALFREDO INACIO TRINDADE;Bolívia;12
ESTADUAL - SE;NORTE 2;TUCURUVI;SAO PAULO;8;1173;ALBINO CESAR;Bolívia;6
ESTADUAL - SE;NORTE 2;TUCURUVI;SAO PAULO;8;1173;ALBINO CESAR;Guatemala;2
ESTADUAL - SE;NORTE 2;TUCURUVI;SAO PAULO;8;1173;ALBINO CESAR;Síria;2
ESTADUAL - SE;NORTE 2;TUCURUVI;SAO PAULO;8;1173;ALBINO CESAR;Venezuela;1
ESTADUAL - SE;NORTE 2;TUCURUVI;SAO PAULO;8;1181;RAFAEL DE MORAES LIMA PROF;Bolívia;2
ESTADUAL - SE;NORTE 2;TUCURUVI;SAO PAULO;8;1259;JOAO LIGABUE CONEGO;Bolívia;12
ESTADUAL - SE;NORTE 2;TUCURUVI;SAO PAULO;8;1284;AMENAIDE BRAGA DE QUEIROZ PROFA;Espanha;1
ESTADUAL - SE;NORTE 2;TUCURUVI;SAO PAULO;8;1284;AMENAIDE BRAGA DE QUEIROZ PROFA;Portugal;1
ESTADUAL - SE;NORTE 2;TUCURUVI;SAO PAULO;8;1284;AMENAIDE BRAGA DE QUEIROZ PROFA;Venezuela;1
ESTADUAL - SE;NORTE 2;TUCURUVI;SAO PAULO;8;1351;ADEMAR HIROSHI SUDA PROF;Bolívia;12
ESTADUAL - SE;NORTE 2;TUCURUVI;SAO PAULO;8;1351;ADEMAR HIROSHI SUDA PROF;Japão;1
ESTADUAL - SE;NORTE 2;TUCURUVI;SAO PAULO;8;37771;LUZIA GODOY PROFA;Bolívia;1
ESTADUAL - SE;NORTE 2;TUCURUVI;SAO PAULO;8;906803;LEONIDAS PAIVA PROF;Bolívia;1
ESTADUAL - SE;NORTE 2;TUCURUVI;SAO PAULO;8;906803;LEONIDAS PAIVA PROF;Paraguai;1
ESTADUAL - SE;NORTE 2;TUCURUVI;SAO PAULO;8;906803;LEONIDAS PAIVA PROF;Síria;1
ESTADUAL - SE;NORTE 2;VILA MEDEIROS;SAO PAULO;6;458314;CEL JTO A EE VERIDIANA CAMACHO CARVALHO GOMES PROFA;Bolívia;1
ESTADUAL - SE;NORTE 2;VILA MEDEIROS;SAO PAULO;8;1028;VICTOR DOS SANTOS CUNHA PROF;Argentina;1
ESTADUAL - SE;NORTE 2;VILA MEDEIROS;SAO PAULO;8;1028;VICTOR DOS SANTOS CUNHA PROF;Bolívia;16
ESTADUAL - SE;NORTE 2;VILA MEDEIROS;SAO PAULO;8;1036;SEBASTIAO DE SOUZA BUENO PROF;África do Sul;1
ESTADUAL - SE;NORTE 2;VILA MEDEIROS;SAO PAULO;8;1036;SEBASTIAO DE SOUZA BUENO PROF;Argentina;1
ESTADUAL - SE;NORTE 2;VILA MEDEIROS;SAO PAULO;8;1036;SEBASTIAO DE SOUZA BUENO PROF;Bolívia;11
ESTADUAL - SE;NORTE 2;VILA MEDEIROS;SAO PAULO;8;1036;SEBASTIAO DE SOUZA BUENO PROF;Paraguai;3
ESTADUAL - SE;NORTE 2;VILA MEDEIROS;SAO PAULO;8;1065;DAVID EUGENIO DOS SANTOS PROF;Argentina;1
ESTADUAL - SE;NORTE 2;VILA MEDEIROS;SAO PAULO;8;1065;DAVID EUGENIO DOS SANTOS PROF;Bolívia;25
ESTADUAL - SE;NORTE 2;VILA MEDEIROS;SAO PAULO;8;1065;DAVID EUGENIO DOS SANTOS PROF;Espanha;1
ESTADUAL - SE;NORTE 2;VILA MEDEIROS;SAO PAULO;8;1065;DAVID EUGENIO DOS SANTOS PROF;Paraguai;1
ESTADUAL - SE;NORTE 2;VILA MEDEIROS;SAO PAULO;8;1090;JOSE MARIA REYS PROF;Argentina;1
ESTADUAL - SE;NORTE 2;VILA MEDEIROS;SAO PAULO;8;1090;JOSE MARIA REYS PROF;Bolívia;36
ESTADUAL - SE;NORTE 2;VILA MEDEIROS;SAO PAULO;8;1119;EURIPEDES DE CASTRO;Argentina;1
ESTADUAL - SE;NORTE 2;VILA MEDEIROS;SAO PAULO;8;1119;EURIPEDES DE CASTRO;Bolívia;4
ESTADUAL - SE;NORTE 2;VILA MEDEIROS;SAO PAULO;8;1200;LAEL DE MOURA PRADO PROF;Argentina;1
ESTADUAL - SE;NORTE 2;VILA MEDEIROS;SAO PAULO;8;1200;LAEL DE MOURA PRADO PROF;Bolívia;15
ESTADUAL - SE;NORTE 2;VILA MEDEIROS;SAO PAULO;8;1200;LAEL DE MOURA PRADO PROF;Paraguai;2
ESTADUAL - SE;NORTE 2;VILA MEDEIROS;SAO PAULO;8;1200;LAEL DE MOURA PRADO PROF;Venezuela;2
ESTADUAL - SE;NORTE 2;VILA MEDEIROS;SAO PAULO;8;1211;MIGUEL VIEIRA FERREIRA DR;Argentina;1
ESTADUAL - SE;NORTE 2;VILA MEDEIROS;SAO PAULO;8;1211;MIGUEL VIEIRA FERREIRA DR;Bolívia;7
ESTADUAL - SE;NORTE 2;VILA MEDEIROS;SAO PAULO;8;1211;MIGUEL VIEIRA FERREIRA DR;Paraguai;1
ESTADUAL - SE;NORTE 2;VILA MEDEIROS;SAO PAULO;8;1296;CARMOSINA MONTEIRO VIANNA PROFA;Argentina;1
ESTADUAL - SE;NORTE 2;VILA MEDEIROS;SAO PAULO;8;1296;CARMOSINA MONTEIRO VIANNA PROFA;Bolívia;30
ESTADUAL - SE;NORTE 2;VILA MEDEIROS;SAO PAULO;8;1296;CARMOSINA MONTEIRO VIANNA PROFA;Paraguai;3
ESTADUAL - SE;NORTE 2;VILA MEDEIROS;SAO PAULO;8;1296;CARMOSINA MONTEIRO VIANNA PROFA;Venezuela;1
ESTADUAL - SE;NORTE 2;VILA MEDEIROS;SAO PAULO;8;37783;VERIDIANA CAMACHO CARVALHO GOMES PROFA;Bolívia;43
ESTADUAL - SE;NORTE 2;VILA MEDEIROS;SAO PAULO;8;37783;VERIDIANA CAMACHO CARVALHO GOMES PROFA;Guatemala;1
ESTADUAL - SE;NORTE 2;VILA MEDEIROS;SAO PAULO;8;37783;VERIDIANA CAMACHO CARVALHO GOMES PROFA;Guiné-Conacri;1
ESTADUAL - SE;NORTE 2;VILA MEDEIROS;SAO PAULO;8;37783;VERIDIANA CAMACHO CARVALHO GOMES PROFA;Japão;1
ESTADUAL - SE;NORTE 2;VILA MEDEIROS;SAO PAULO;8;37783;VERIDIANA CAMACHO CARVALHO GOMES PROFA;Paraguai;5
ESTADUAL - SE;NORTE 2;VILA MEDEIROS;SAO PAULO;8;37795;JUSTINO CARDOSO DR;Bolívia;16
ESTADUAL - SE;NORTE 2;VILA MEDEIROS;SAO PAULO;8;37795;JUSTINO CARDOSO DR;Paraguai;1
ESTADUAL - SE;NORTE 2;VILA MEDEIROS;SAO PAULO;8;39226;LUIZ LAZARO ZAMENHOF DR;Bolívia;16
ESTADUAL - SE;NORTE 2;VILA MEDEIROS;SAO PAULO;8;39226;LUIZ LAZARO ZAMENHOF DR;Paraguai;2
ESTADUAL - SE;NORTE 2;VILA MEDEIROS;SAO PAULO;8;39226;LUIZ LAZARO ZAMENHOF DR;Venezuela;1
ESTADUAL - SE;NORTE 2;VILA MEDEIROS;SAO PAULO;8;48021;PROVINCIA DE NAGASAKI;Bolívia;18
ESTADUAL - SE;NORTE 2;VILA MEDEIROS;SAO PAULO;8;48021;PROVINCIA DE NAGASAKI;Paraguai;2
ESTADUAL - SE;NORTE 2;VILA MEDEIROS;SAO PAULO;8;904272;MARIA ANTONIETTA DE CASTRO PROFA;Bolívia;1
ESTADUAL - SE;OSASCO;OSASCO;OSASCO;6;985235;CEL JTO A EE ANTONIO RAPOSO TAVARES;Portugal;2
ESTADUAL - SE;OSASCO;OSASCO;OSASCO;8;10716;JOSE MARIA RODRIGUES LEITE PROFESSOR;Japão;1
ESTADUAL - SE;OSASCO;OSASCO;OSASCO;8;10716;JOSE MARIA RODRIGUES LEITE PROFESSOR;Portugal;2
ESTADUAL - SE;OSASCO;OSASCO;OSASCO;8;10728;ALCYR OLIVEIRA PORCIUNCULA PROFESSOR;Peru;1
ESTADUAL - SE;OSASCO;OSASCO;OSASCO;8;10741;ROSA BONFIGLIOLI;Venezuela;2
ESTADUAL - SE;OSASCO;OSASCO;OSASCO;8;10789;JOSE LIBERATTI PROFESSOR;Colômbia;2
ESTADUAL - SE;OSASCO;OSASCO;OSASCO;8;10789;JOSE LIBERATTI PROFESSOR;Estados Unidos da América;1
ESTADUAL - SE;OSASCO;OSASCO;OSASCO;8;10789;JOSE LIBERATTI PROFESSOR;Venezuela;2
ESTADUAL - SE;OSASCO;OSASCO;OSASCO;8;10790;FRANCISCA LISBOA PERALTA PROFESSORA;Bolívia;2
ESTADUAL - SE;OSASCO;OSASCO;OSASCO;8;10807;ANTONIO PAIVA DE SAMPAIO CORONEL;Japão;1
ESTADUAL - SE;OSASCO;OSASCO;OSASCO;8;10820;FANNY MONZONI SANTOS PROFESSORA;Argentina;1
ESTADUAL - SE;OSASCO;OSASCO;OSASCO;8;10868;LUIZ LUSTOSA DA SILVA PROFESSOR DOUTOR;Bolívia;4
ESTADUAL - SE;OSASCO;OSASCO;OSASCO;8;10868;LUIZ LUSTOSA DA SILVA PROFESSOR DOUTOR;Haiti;1
ESTADUAL - SE;OSASCO;OSASCO;OSASCO;8;10868;LUIZ LUSTOSA DA SILVA PROFESSOR DOUTOR;Qatar;1
ESTADUAL - SE;OSASCO;OSASCO;OSASCO;8;10873;JOAO BAPTISTA DE BRITO PROFESSOR;China;1
ESTADUAL - SE;OSASCO;OSASCO;OSASCO;8;10873;JOAO BAPTISTA DE BRITO PROFESSOR;Peru;1
ESTADUAL - SE;OSASCO;OSASCO;OSASCO;8;10881;AURELIANO LEITE DOUTOR;Venezuela;1
ESTADUAL - SE;OSASCO;OSASCO;OSASCO;8;10900;BENEDICTO CALDEIRA PROFESSOR;Bolívia;1
ESTADUAL - SE;OSASCO;OSASCO;OSASCO;8;10900;BENEDICTO CALDEIRA PROFESSOR;Japão;1
ESTADUAL - SE;OSASCO;OSASCO;OSASCO;8;10900;BENEDICTO CALDEIRA PROFESSOR;Venezuela;1
ESTADUAL - SE;OSASCO;OSASCO;OSASCO;8;10923;HELOISA DE ASSUMPCAO PROFESSORA;Japão;2
ESTADUAL - SE;OSASCO;OSASCO;OSASCO;8;10947;ALICE VELHO TEIXEIRA PROFESSORA;Colômbia;1
ESTADUAL - SE;OSASCO;OSASCO;OSASCO;8;10959;JULIA LOPES DE ALMEIDA;Bolívia;3
ESTADUAL - SE;OSASCO;OSASCO;OSASCO;8;10984;GLORIA AZEDIA BONETTI PROFESSORA;Bolívia;1
ESTADUAL - SE;OSASCO;OSASCO;OSASCO;8;10984;GLORIA AZEDIA BONETTI PROFESSORA;Japão;1
ESTADUAL - SE;OSASCO;OSASCO;OSASCO;8;11034;TELMO COELHO FILHO MAJOR;Haiti;1
ESTADUAL - SE;OSASCO;OSASCO;OSASCO;8;11058;LEONARDO VILAS BOAS;Portugal;1
ESTADUAL - SE;OSASCO;OSASCO;OSASCO;8;11061;JOSUE BENEDICTO MENDES PROFESSOR;Bolívia;1
ESTADUAL - SE;OSASCO;OSASCO;OSASCO;8;11095;ANTONIO RAPOSO TAVARES;Coreia do Sul;2
ESTADUAL - SE;OSASCO;OSASCO;OSASCO;8;11095;ANTONIO RAPOSO TAVARES;Haiti;2
ESTADUAL - SE;OSASCO;OSASCO;OSASCO;8;11095;ANTONIO RAPOSO TAVARES;Japão;1
ESTADUAL - SE;OSASCO;OSASCO;OSASCO;8;11095;ANTONIO RAPOSO TAVARES;Paraguai;2
ESTADUAL - SE;OSASCO;OSASCO;OSASCO;8;11095;ANTONIO RAPOSO TAVARES;Peru;1
ESTADUAL - SE;OSASCO;OSASCO;OSASCO;8;38647;JOSE GERALDO VIEIRA;Japão;1
ESTADUAL - SE;OSASCO;OSASCO;OSASCO;8;38647;JOSE GERALDO VIEIRA;Venezuela;1
ESTADUAL - SE;OSASCO;OSASCO;OSASCO;8;38684;GASTAO RAMOS PROFESSOR;Bolívia;4
ESTADUAL - SE;OSASCO;OSASCO;OSASCO;8;38702;ANTONIO DE ALMEIDA JUNIOR;Venezuela;1
ESTADUAL - SE;OSASCO;OSASCO;OSASCO;8;38726;TARSILA DO AMARAL;Bolívia;1
ESTADUAL - SE;OSASCO;OSASCO;OSASCO;8;38738;FRANCISCO MATARAZZO SOBRINHO;Bolívia;3
ESTADUAL - SE;OSASCO;OSASCO;OSASCO;8;40770;NEUZA DE OLIVEIRA PREVIDE PROFESSORA;Bolívia;6
ESTADUAL - SE;OSASCO;OSASCO;OSASCO;8;40770;NEUZA DE OLIVEIRA PREVIDE PROFESSORA;Venezuela;1
ESTADUAL - SE;OSASCO;OSASCO;OSASCO;8;40800;ARMANDO GABAN PROFESSOR;Espanha;1
ESTADUAL - SE;OSASCO;OSASCO;OSASCO;8;40800;ARMANDO GABAN PROFESSOR;Venezuela;1
ESTADUAL - SE;OSASCO;OSASCO;OSASCO;8;46620;JOSE RIBEIRO DE SOUZA PROFESSOR;Colômbia;2
ESTADUAL - SE;OSASCO;OSASCO;OSASCO;8;294603;JARDIM SANTA MARIA III;Haiti;3
ESTADUAL - SE;OSASCO;OSASCO;OSASCO;8;294603;JARDIM SANTA MARIA III;Venezuela;1
ESTADUAL - SE;OSASCO;OSASCO;OSASCO;8;902755;JOSE JORGE PROFESSOR;Japão;1
ESTADUAL - SE;OSASCO;OSASCO;OSASCO;8;902755;JOSE JORGE PROFESSOR;Paraguai;1
ESTADUAL - SE;OSASCO;OSASCO;OSASCO;8;904740;FERNANDO BUONADUCE PROFESSOR;Bolívia;4
ESTADUAL - SE;OSASCO;OSASCO;OSASCO;8;906360;WALTER NEGRELLI;Haiti;1
ESTADUAL - SE;OSASCO;OSASCO;OSASCO;8;923096;PAULO FREIRE EDUCADOR;Bolívia;3
ESTADUAL - SE;OSASCO;OSASCO;OSASCO;8;923096;PAULO FREIRE EDUCADOR;Haiti;1
ESTADUAL - SE;OSASCO;OSASCO;OSASCO;8;923096;PAULO FREIRE EDUCADOR;Venezuela;2
ESTADUAL - SE;OSASCO;OSASCO;OSASCO;8;925421;JOSE EDSON MARTINS GOMES PROFESSOR;Bolívia;1
ESTADUAL - SE;OSASCO;OSASCO;OSASCO;8;925421;JOSE EDSON MARTINS GOMES PROFESSOR;Espanha;1
ESTADUAL - SE;OURINHOS;CAMPOS NOVOS PAULISTA;CAMPOS NOVOS PAULISTA;8;34125;THEODORICO DE OLIVEIRA PROFESSOR;Japão;1
ESTADUAL - SE;OURINHOS;CHAVANTES;CHAVANTES;8;33893;ERNESTO FONSECA DOUTOR;Tunísia;2
ESTADUAL - SE;OURINHOS;OURINHOS;OURINHOS;8;33911;HORACIO SOARES;Cuba;1
ESTADUAL - SE;OURINHOS;OURINHOS;OURINHOS;8;33911;HORACIO SOARES;Espanha;1
ESTADUAL - SE;OURINHOS;OURINHOS;OURINHOS;8;33911;HORACIO SOARES;Japão;2
ESTADUAL - SE;OURINHOS;OURINHOS;OURINHOS;8;33911;HORACIO SOARES;Venezuela;1
ESTADUAL - SE;OURINHOS;OURINHOS;OURINHOS;8;33923;DOMINGOS CAMERLINGO CALO;Venezuela;1
ESTADUAL - SE;OURINHOS;OURINHOS;OURINHOS;8;34216;VIRGINIA RAMALHO;Colômbia;4
ESTADUAL - SE;OURINHOS;OURINHOS;OURINHOS;8;565040;PROFESSOR PEDRO ANTONIO FERRAZ DE ANDRADE;Paraguai;2
ESTADUAL - SE;OURINHOS;OURINHOS;OURINHOS;8;577145;PROFESSOR NORIVAL VIEIRA DA SILVA;Paraguai;1
ESTADUAL - SE;OURINHOS;OURINHOS;OURINHOS;8;900916;ARY CORREA DOUTOR;Venezuela;1
ESTADUAL - SE;OURINHOS;OURINHOS;OURINHOS;8;903700;JOSE PASCHOALICK PROFESSOR;Colômbia;1
ESTADUAL - SE;OURINHOS;SANTA CRUZ DO RIO PARDO;SANTA CRUZ DO RIO PARDO;8;904223;ZILDA COMEGNO MONTI PROFESSORA;Japão;2
ESTADUAL - SE;OURINHOS;SAO PEDRO DO TURVO;SAO PEDRO DO TURVO;8;34265;HOMERO CALVOSO PROFESSOR;Bélgica;1
ESTADUAL - SE;PENAPOLIS;PENAPOLIS;PENAPOLIS;6;460242;CEL JTO A EE ADELINO PETERS;Venezuela;2
ESTADUAL - SE;PENAPOLIS;PENAPOLIS;PENAPOLIS;8;30314;CARLOS SAMPAIO FILHO DOUTOR;Síria;1
ESTADUAL - SE;PENAPOLIS;PENAPOLIS;PENAPOLIS;8;30314;CARLOS SAMPAIO FILHO DOUTOR;Venezuela;3
ESTADUAL - SE;PENAPOLIS;PENAPOLIS;PENAPOLIS;8;30466;AUGUSTO PEREIRA DE MORAES;Colômbia;1
ESTADUAL - SE;PINDAMONHANGABA;MOREIRA CESAR;PINDAMONHANGABA;8;13456;YOLANDA BUENO DE GODOY PROFESSORA;Bolívia;1
ESTADUAL - SE;PINDAMONHANGABA;MOREIRA CESAR;PINDAMONHANGABA;8;924325;DIRCE LEOPOLDINA CINTRA VILLAS BOAS PROFESSORA;Espanha;1
ESTADUAL - SE;PINDAMONHANGABA;PINDAMONHANGABA;PINDAMONHANGABA;6;460278;CEL JTO A EE ALFREDO PUJOL DOUTOR;Japão;1
ESTADUAL - SE;PINDAMONHANGABA;PINDAMONHANGABA;PINDAMONHANGABA;8;40836;YONNE CESAR GUAYCURU DE OLIVEIRA PROFESSORA;Portugal;1
ESTADUAL - SE;PINDAMONHANGABA;PINDAMONHANGABA;PINDAMONHANGABA;8;40836;YONNE CESAR GUAYCURU DE OLIVEIRA PROFESSORA;Uruguai;2
ESTADUAL - SE;PINDAMONHANGABA;PINDAMONHANGABA;PINDAMONHANGABA;8;42274;WILSON PIRES CESAR PROFESSOR;Bolívia;1
ESTADUAL - SE;PINDAMONHANGABA;PINDAMONHANGABA;PINDAMONHANGABA;8;45408;ISMENIA MONTEIRO DE OLIVEIRA PROFESSORA;Argentina;1
ESTADUAL - SE;PINDAMONHANGABA;PINDAMONHANGABA;PINDAMONHANGABA;8;916286;ESCOLASTICA ANTUNES SALGADO PROFESSORA;Venezuela;1
ESTADUAL - SE;PINDAMONHANGABA;PINDAMONHANGABA;PINDAMONHANGABA;8;925913;DEMETRIO IVAHY BADARO DOUTOR;Venezuela;1
ESTADUAL - SE;PINDAMONHANGABA;TREMEMBE;TREMEMBE;8;14187;AMALIA GARCIA RIBEIRO PATTO PROFESSORA;Portugal;1
ESTADUAL - SE;PINDAMONHANGABA;TREMEMBE;TREMEMBE;15;454576;PENITENCIARIA FEMININA SANTA MARIA EUFRASIA PELLETIER;Bolívia;1
ESTADUAL - SE;PIRACICABA;PIRACICABA;PIRACICABA;8;20771;AUGUSTO SAES PROFESSOR;Colômbia;1
ESTADUAL - SE;PIRACICABA;PIRACICABA;PIRACICABA;8;20771;AUGUSTO SAES PROFESSOR;Haiti;1
ESTADUAL - SE;PIRACICABA;PIRACICABA;PIRACICABA;8;20771;AUGUSTO SAES PROFESSOR;Japão;1
ESTADUAL - SE;PIRACICABA;PIRACICABA;PIRACICABA;8;20825;ELIAS DE MELLO AYRES PROFESSOR;Japão;2
ESTADUAL - SE;PIRACICABA;PIRACICABA;PIRACICABA;8;20862;PRUDENTE DOUTOR;Paraguai;1
ESTADUAL - SE;PIRACICABA;PIRACICABA;PIRACICABA;8;20862;PRUDENTE DOUTOR;Venezuela;1
ESTADUAL - SE;PIRACICABA;PIRACICABA;PIRACICABA;8;20916;MORAIS BARROS;Paraguai;1
ESTADUAL - SE;PIRACICABA;PIRACICABA;PIRACICABA;8;20916;MORAIS BARROS;Peru;1
ESTADUAL - SE;PIRACICABA;PIRACICABA;PIRACICABA;8;20916;MORAIS BARROS;Venezuela;2
ESTADUAL - SE;PIRACICABA;PIRACICABA;PIRACICABA;8;20965;RIO BRANCO BARAO DO;Haiti;5
ESTADUAL - SE;PIRACICABA;PIRACICABA;PIRACICABA;8;20977;ALFREDO CARDOSO DOUTOR;Haiti;1
ESTADUAL - SE;PIRACICABA;PIRACICABA;PIRACICABA;8;20977;ALFREDO CARDOSO DOUTOR;Paraguai;1
ESTADUAL - SE;PIRACICABA;PIRACICABA;PIRACICABA;8;20989;PEDRO MORAES CAVALCANTI;África do Sul;1
ESTADUAL - SE;PIRACICABA;PIRACICABA;PIRACICABA;8;20989;PEDRO MORAES CAVALCANTI;Peru;1
ESTADUAL - SE;PIRACICABA;PIRACICABA;PIRACICABA;8;20989;PEDRO MORAES CAVALCANTI;Venezuela;1
ESTADUAL - SE;PIRACICABA;PIRACICABA;PIRACICABA;8;21088;JACANA ALTAIR PEREIRA GUERRINI PROFESSORA;Cuba;1
ESTADUAL - SE;PIRACICABA;PIRACICABA;PIRACICABA;8;21097;JOSE DE MELLO MORAES PROFESSOR;Japão;2
ESTADUAL - SE;PIRACICABA;PIRACICABA;PIRACICABA;8;21097;JOSE DE MELLO MORAES PROFESSOR;Venezuela;1
ESTADUAL - SE;PIRACICABA;PIRACICABA;PIRACICABA;8;21179;JORGE COURY DOUTOR;Japão;1
ESTADUAL - SE;PIRACICABA;PIRACICABA;PIRACICABA;8;21179;JORGE COURY DOUTOR;Peru;2
ESTADUAL - SE;PIRACICABA;PIRACICABA;PIRACICABA;8;21179;JORGE COURY DOUTOR;Venezuela;1
ESTADUAL - SE;PIRACICABA;PIRACICABA;PIRACICABA;8;21180;SAMUEL DE CASTRO NEVES DOUTOR;Paraguai;3
ESTADUAL - SE;PIRACICABA;PIRACICABA;PIRACICABA;8;36473;DARIO BRASIL DOUTOR;Colômbia;2
ESTADUAL - SE;PIRACICABA;PIRACICABA;PIRACICABA;8;36473;DARIO BRASIL DOUTOR;Haiti;1
ESTADUAL - SE;PIRACICABA;PIRACICABA;PIRACICABA;8;37977;HELIO NEHRING PROFESSOR;Japão;1
ESTADUAL - SE;PIRACICABA;PIRACICABA;PIRACICABA;8;37977;HELIO NEHRING PROFESSOR;Venezuela;3
ESTADUAL - SE;PIRACICABA;PIRACICABA;PIRACICABA;8;40435;JOAO SAMPAIO DOUTOR;Haiti;4
ESTADUAL - SE;PIRACICABA;PIRACICABA;PIRACICABA;8;40435;JOAO SAMPAIO DOUTOR;Venezuela;1
ESTADUAL - SE;PIRACICABA;PIRACICABA;PIRACICABA;8;48331;MANASSES EPHRAIN PEREIRA PROFESSOR;Haiti;1
ESTADUAL - SE;PIRACICABA;PIRACICABA;PIRACICABA;8;297653;DIONETTI CALLEGARO MIORI PROFESSORA;Peru;1
ESTADUAL - SE;PIRACICABA;PIRACICABA;PIRACICABA;8;909543;AFFONSO JOSE FIORAVANTI PROFESSOR;Haiti;1
ESTADUAL - SE;PIRACICABA;PIRACICABA;PIRACICABA;8;909543;AFFONSO JOSE FIORAVANTI PROFESSOR;Peru;1
ESTADUAL - SE;PIRACICABA;PIRACICABA;PIRACICABA;8;919330;JURACY NEVES DE MELLO FERRACCIU PROFESSOR;Nova Zelândia (Aotearoa);1
ESTADUAL - SE;PIRACICABA;PIRACICABA;PIRACICABA;8;920782;EDUIR BENEDICTO SCARPARI PROFESSOR;Colômbia;1
ESTADUAL - SE;PIRACICABA;PIRACICABA;PIRACICABA;8;920782;EDUIR BENEDICTO SCARPARI PROFESSOR;Venezuela;1
ESTADUAL - SE;PIRACICABA;PIRACICABA;PIRACICABA;8;920794;CAROLINA MENDES THAME PROFESSORA;Colômbia;2
ESTADUAL - SE;PIRACICABA;PIRACICABA;PIRACICABA;8;920794;CAROLINA MENDES THAME PROFESSORA;Venezuela;1
ESTADUAL - SE;PIRACICABA;SANTA TERESINHA DE PIRACICABA;PIRACICABA;8;20837;CATHARINA CASALE PADOVANI PROFESSORA;Argentina;1
ESTADUAL - SE;PIRACICABA;SANTA TERESINHA DE PIRACICABA;PIRACICABA;8;20837;CATHARINA CASALE PADOVANI PROFESSORA;Colômbia;1
ESTADUAL - SE;PIRACICABA;SAO PEDRO;SAO PEDRO;8;20990;JOSE ABILIO DE PAULA;Japão;1
ESTADUAL - SE;PIRAJU;FARTURA;FARTURA;8;34373;MARCOS RIBEIRO CORONEL;Japão;1
ESTADUAL - SE;PIRASSUNUNGA;ARARAS;ARARAS;8;19902;CESAR LACERDA DE VERGUEIRO SENADOR;Argentina;1
ESTADUAL - SE;PIRASSUNUNGA;ARARAS;ARARAS;8;19902;CESAR LACERDA DE VERGUEIRO SENADOR;Venezuela;2
ESTADUAL - SE;PIRASSUNUNGA;ARARAS;ARARAS;8;20059;FRANCISCO GRAZIANO;Venezuela;1
ESTADUAL - SE;PIRASSUNUNGA;ARARAS;ARARAS;8;905409;OSCAR ALVES JANEIRO PROFESSOR;Colômbia;1
ESTADUAL - SE;PIRASSUNUNGA;LEME;LEME;8;21428;WALDEMAR FERREIRA PROFESSOR;Austrália;2
ESTADUAL - SE;PIRASSUNUNGA;LEME;LEME;8;21520;NEWTON PRADO;Argentina;1
ESTADUAL - SE;PIRASSUNUNGA;LEME;LEME;8;21520;NEWTON PRADO;Venezuela;1
ESTADUAL - SE;PIRASSUNUNGA;LEME;LEME;8;42730;CUSTODIO ANGELO DE LIMA DOUTOR;Japão;1
ESTADUAL - SE;PIRASSUNUNGA;LEME;LEME;8;901246;ARLINDO FAVARO PROFESSOR;Portugal;1
ESTADUAL - SE;PIRASSUNUNGA;LEME;LEME;8;924660;PEDRO CELESTINO TONOLLI PROFESSOR;Japão;2
ESTADUAL - SE;PIRASSUNUNGA;PIRASSUNUNGA;PIRASSUNUNGA;8;21477;MANOEL JACINTHO VIEIRA DE MORAES DOUTOR;Colômbia;1
ESTADUAL - SE;PIRASSUNUNGA;PIRASSUNUNGA;PIRASSUNUNGA;8;36336;OSMARINA SEDEH PADILHA PROFESSORA;Venezuela;2
ESTADUAL - SE;PIRASSUNUNGA;SANTA CRUZ DA CONCEICAO;SANTA CRUZ DA CONCEICAO;8;21350;LUIZ NARCISO GOMES DOUTOR;Japão;1
ESTADUAL - SE;PIRASSUNUNGA;SANTA RITA DO PASSA QUATRO;SANTA RITA DO PASSA QUATRO;8;907911;IGNEZ GIARETTA SGUERRA PROFESSORA;Peru;1
ESTADUAL - SE;PRESIDENTE PRUDENTE;ALVARES MACHADO;ALVARES MACHADO;8;43138;MARCIO DE SOUZA E MELLO MARECHAL DO AR;Argentina;1
ESTADUAL - SE;PRESIDENTE PRUDENTE;ANHUMAS;ANHUMAS;8;32621;FRANCISCO WHITACKER CORONEL;Peru;1
ESTADUAL - SE;PRESIDENTE PRUDENTE;ESPIGAO;REGENTE FEIJO;8;32761;FRANCISCO PIO BENGUELLA;Japão;1
ESTADUAL - SE;PRESIDENTE PRUDENTE;MARTINOPOLIS;MARTINOPOLIS;8;32475;ALBERTO SANTOS DUMONT;Japão;1
ESTADUAL - SE;PRESIDENTE PRUDENTE;PIRAPOZINHO;PIRAPOZINHO;8;32585;OLGA YASUKO YAMASHITA PROFESSORA;Reino Unido da Grã-Bretanha e Irlanda do Norte;1
ESTADUAL - SE;PRESIDENTE PRUDENTE;PIRAPOZINHO;PIRAPOZINHO;8;32694;MARIA JOSE BARBOSA CASTRO TOLEDO PROFESSORA;Japão;1
ESTADUAL - SE;PRESIDENTE PRUDENTE;PRESIDENTE PRUDENTE;PRESIDENTE PRUDENTE;8;31732;FERNANDO COSTA;Japão;1
ESTADUAL - SE;PRESIDENTE PRUDENTE;PRESIDENTE PRUDENTE;PRESIDENTE PRUDENTE;8;31744;MARIA LUIZA BASTOS PROFESSORA;Argélia;1
ESTADUAL - SE;PRESIDENTE PRUDENTE;PRESIDENTE PRUDENTE;PRESIDENTE PRUDENTE;8;31800;ANNA ANTONIO PROFESSORA;Paraguai;3
ESTADUAL - SE;PRESIDENTE PRUDENTE;PRESIDENTE PRUDENTE;PRESIDENTE PRUDENTE;8;31860;MARIA LUIZA FORMOZINHO RIBEIRO PROFESSORA;Japão;1
ESTADUAL - SE;PRESIDENTE PRUDENTE;PRESIDENTE PRUDENTE;PRESIDENTE PRUDENTE;8;31884;CELESTINA DE CAMPOS TOLEDO TEIXEIRA PROFESSORA;Centro-africana, República;1
ESTADUAL - SE;PRESIDENTE PRUDENTE;PRESIDENTE PRUDENTE;PRESIDENTE PRUDENTE;8;31914;MIGUEL OMAR BARRETO PROFESSOR;Dominicana, República;2
ESTADUAL - SE;PRESIDENTE PRUDENTE;PRESIDENTE PRUDENTE;PRESIDENTE PRUDENTE;8;31914;MIGUEL OMAR BARRETO PROFESSOR;Japão;1
ESTADUAL - SE;PRESIDENTE PRUDENTE;PRESIDENTE PRUDENTE;PRESIDENTE PRUDENTE;8;31926;HUGO MIELE PROFESSOR;Portugal;2
ESTADUAL - SE;PRESIDENTE PRUDENTE;PRESIDENTE PRUDENTE;PRESIDENTE PRUDENTE;8;31963;TANNEL ABBUD COMENDADOR;Paraguai;1
ESTADUAL - SE;PRESIDENTE PRUDENTE;PRESIDENTE PRUDENTE;PRESIDENTE PRUDENTE;8;31999;JOSE FOZ DOUTOR;Venezuela;1
ESTADUAL - SE;PRESIDENTE PRUDENTE;PRESIDENTE PRUDENTE;PRESIDENTE PRUDENTE;8;32001;MARIETTA FERRAZ DE ASSUMPCAO PROFESSORA;Venezuela;4
ESTADUAL - SE;PRESIDENTE PRUDENTE;PRESIDENTE PRUDENTE;PRESIDENTE PRUDENTE;8;32050;FLORIVALDO LEAL;Guiné Equatorial;1
ESTADUAL - SE;PRESIDENTE PRUDENTE;PRESIDENTE PRUDENTE;PRESIDENTE PRUDENTE;8;32050;FLORIVALDO LEAL;Portugal;1
ESTADUAL - SE;PRESIDENTE PRUDENTE;PRESIDENTE PRUDENTE;PRESIDENTE PRUDENTE;8;32074;SARRION MONSENHOR;Portugal;1
ESTADUAL - SE;PRESIDENTE PRUDENTE;PRESIDENTE PRUDENTE;PRESIDENTE PRUDENTE;8;32098;MARREY JUNIOR DOUTOR;Colômbia;1
ESTADUAL - SE;PRESIDENTE PRUDENTE;PRESIDENTE PRUDENTE;PRESIDENTE PRUDENTE;8;32104;ANTONIO FIORAVANTE DE MENEZES;Venezuela;1
ESTADUAL - SE;PRESIDENTE PRUDENTE;PRESIDENTE PRUDENTE;PRESIDENTE PRUDENTE;8;44684;ARLINDO FANTINI PROFESSOR;Austrália;1
ESTADUAL - SE;PRESIDENTE PRUDENTE;PRESIDENTE PRUDENTE;PRESIDENTE PRUDENTE;8;49724;MIRELLA PESCE DESIDERE PROFESSORA;Espanha;1
ESTADUAL - SE;PRESIDENTE PRUDENTE;PRESIDENTE PRUDENTE;PRESIDENTE PRUDENTE;8;49724;MIRELLA PESCE DESIDERE PROFESSORA;Japão;1
ESTADUAL - SE;PRESIDENTE PRUDENTE;PRESIDENTE PRUDENTE;PRESIDENTE PRUDENTE;8;49724;MIRELLA PESCE DESIDERE PROFESSORA;Portugal;1
ESTADUAL - SE;PRESIDENTE PRUDENTE;PRESIDENTE PRUDENTE;PRESIDENTE PRUDENTE;8;49724;MIRELLA PESCE DESIDERE PROFESSORA;Venezuela;2
ESTADUAL - SE;PRESIDENTE PRUDENTE;PRESIDENTE PRUDENTE;PRESIDENTE PRUDENTE;8;900965;FATIMA APARECIDA COSTA FALCON PROFESSORA;Venezuela;1
ESTADUAL - SE;REGISTRO;CAJATI;CAJATI;8;34997;FRUTUOSO PEREIRA DE MORAES;Espanha;1
ESTADUAL - SE;REGISTRO;CANANEIA;CANANEIA;8;35191;YOLANDA ARAUJO SILVA PAIVA PROFESSORA;Japão;1
ESTADUAL - SE;REGISTRO;ELDORADO;ELDORADO;8;35178;JAYME ALMEIDA PAIVA DOUTOR;Japão;1
ESTADUAL - SE;REGISTRO;REGISTRO;REGISTRO;6;985533;CEL JTO A EE FABIO BARRETO DOUTOR;Japão;5
ESTADUAL - SE;REGISTRO;REGISTRO;REGISTRO;8;35075;ANTONIO FERNANDES PROFESSOR;Japão;2
ESTADUAL - SE;REGISTRO;REGISTRO;REGISTRO;8;35087;RUY PRADO DE MENDONCA FILHO PROFESSOR;Japão;6
ESTADUAL - SE;REGISTRO;REGISTRO;REGISTRO;8;35105;PASCOAL GRECCO PROFESSOR;Japão;2
ESTADUAL - SE;REGISTRO;REGISTRO;REGISTRO;8;35117;KOKI KITAJIMA;Japão;1
ESTADUAL - SE;REGISTRO;REGISTRO;REGISTRO;8;35117;KOKI KITAJIMA;Venezuela;1
ESTADUAL - SE;REGISTRO;REGISTRO;REGISTRO;8;579440;PREFEITA ELZA ORSINI DE CARVALHO;Japão;1
ESTADUAL - SE;REGISTRO;REGISTRO;REGISTRO;8;901659;MASSAKO OSAWA HIRABAYASHI PROFESSORA;Suíça;1
ESTADUAL - SE;REGISTRO;SETE BARRAS;SETE BARRAS;8;35142;PLACIDO DE PAULA E SILVA;Bolívia;1
ESTADUAL - SE;REGISTRO;SETE BARRAS;SETE BARRAS;8;35154;MARIA SANTANA DE ALMEIDA PROFESSORA;Japão;1
ESTADUAL - SE;RIBEIRAO PRETO;ALTINOPOLIS;ALTINOPOLIS;8;22901;ANTONIO BARREIROS PROFESSOR;Angola;2
ESTADUAL - SE;RIBEIRAO PRETO;ALTINOPOLIS;ALTINOPOLIS;8;22901;ANTONIO BARREIROS PROFESSOR;Paraguai;1
ESTADUAL - SE;RIBEIRAO PRETO;BATATAIS;BATATAIS;8;22949;WASHINGTON LUIZ DOUTOR;Venezuela;1
ESTADUAL - SE;RIBEIRAO PRETO;BATATAIS;BATATAIS;8;49566;ANTONIO AUGUSTO LOPES DE OLIVEIRA JUNIOR;Venezuela;1
ESTADUAL - SE;RIBEIRAO PRETO;BRODOWSKI;BRODOWSKI;8;23838;JOSE ALEIXO DA SILVA PASSOS CORONEL;Estados Unidos da América;1
ESTADUAL - SE;RIBEIRAO PRETO;CAJURU;CAJURU;8;24200;MESSIAS DA FONSECA DOUTOR;Venezuela;1
ESTADUAL - SE;RIBEIRAO PRETO;CRAVINHOS;CRAVINHOS;8;900631;FERNANDO CAMPOS ROSAS PROFESSOR;Espanha;1
ESTADUAL - SE;RIBEIRAO PRETO;LUIS ANTONIO;LUIS ANTONIO;8;24223;ARTHUR PIRES CORONEL;Japão;1
ESTADUAL - SE;RIBEIRAO PRETO;RIBEIRAO PRETO;RIBEIRAO PRETO;8;23796;FABIO BARRETO;Colômbia;1
ESTADUAL - SE;RIBEIRAO PRETO;RIBEIRAO PRETO;RIBEIRAO PRETO;8;23796;FABIO BARRETO;Venezuela;1
ESTADUAL - SE;RIBEIRAO PRETO;RIBEIRAO PRETO;RIBEIRAO PRETO;8;23826;BARROS CONEGO;Japão;1
ESTADUAL - SE;RIBEIRAO PRETO;RIBEIRAO PRETO;RIBEIRAO PRETO;8;23848;ANTONIO DIEDERICHSEN;Portugal;1
ESTADUAL - SE;RIBEIRAO PRETO;RIBEIRAO PRETO;RIBEIRAO PRETO;8;23848;ANTONIO DIEDERICHSEN;Venezuela;1
ESTADUAL - SE;RIBEIRAO PRETO;RIBEIRAO PRETO;RIBEIRAO PRETO;8;23875;JOSE LIMA PEDREIRA DE FREITAS PROFESSORA;Paraguai;1
ESTADUAL - SE;RIBEIRAO PRETO;RIBEIRAO PRETO;RIBEIRAO PRETO;8;23875;JOSE LIMA PEDREIRA DE FREITAS PROFESSORA;Venezuela;3
ESTADUAL - SE;RIBEIRAO PRETO;RIBEIRAO PRETO;RIBEIRAO PRETO;8;23887;WALTER FERREIRA PROFESSOR;Colômbia;1
ESTADUAL - SE;RIBEIRAO PRETO;RIBEIRAO PRETO;RIBEIRAO PRETO;8;23887;WALTER FERREIRA PROFESSOR;Japão;2
ESTADUAL - SE;RIBEIRAO PRETO;RIBEIRAO PRETO;RIBEIRAO PRETO;8;23905;HERMINIA GUGLIANO PROFESSORA;Colômbia;1
ESTADUAL - SE;RIBEIRAO PRETO;RIBEIRAO PRETO;RIBEIRAO PRETO;8;23905;HERMINIA GUGLIANO PROFESSORA;Venezuela;1
ESTADUAL - SE;RIBEIRAO PRETO;RIBEIRAO PRETO;RIBEIRAO PRETO;8;23917;AMELIA DOS SANTOS MUSA PROFESSORA;Venezuela;1
ESTADUAL - SE;RIBEIRAO PRETO;RIBEIRAO PRETO;RIBEIRAO PRETO;8;23929;SINHA JUNQUEIRA DONA;Colômbia;1
ESTADUAL - SE;RIBEIRAO PRETO;RIBEIRAO PRETO;RIBEIRAO PRETO;8;23929;SINHA JUNQUEIRA DONA;Nigéria;1
ESTADUAL - SE;RIBEIRAO PRETO;RIBEIRAO PRETO;RIBEIRAO PRETO;8;23929;SINHA JUNQUEIRA DONA;Venezuela;1
ESTADUAL - SE;RIBEIRAO PRETO;RIBEIRAO PRETO;RIBEIRAO PRETO;8;23930;ALCIDES CORREA PROFESSOR;Colômbia;1
ESTADUAL - SE;RIBEIRAO PRETO;RIBEIRAO PRETO;RIBEIRAO PRETO;8;23930;ALCIDES CORREA PROFESSOR;Síria;2
ESTADUAL - SE;RIBEIRAO PRETO;RIBEIRAO PRETO;RIBEIRAO PRETO;8;23930;ALCIDES CORREA PROFESSOR;Venezuela;1
ESTADUAL - SE;RIBEIRAO PRETO;RIBEIRAO PRETO;RIBEIRAO PRETO;8;23954;JOAO AUGUSTO DE MELLO PROFESSOR;Bolívia;1
ESTADUAL - SE;RIBEIRAO PRETO;RIBEIRAO PRETO;RIBEIRAO PRETO;8;23954;JOAO AUGUSTO DE MELLO PROFESSOR;Eslovénia;1
ESTADUAL - SE;RIBEIRAO PRETO;RIBEIRAO PRETO;RIBEIRAO PRETO;8;23954;JOAO AUGUSTO DE MELLO PROFESSOR;Japão;1
ESTADUAL - SE;RIBEIRAO PRETO;RIBEIRAO PRETO;RIBEIRAO PRETO;8;23978;ALBERTO JOSE GONCALVES DOM;Bolívia;1
ESTADUAL - SE;RIBEIRAO PRETO;RIBEIRAO PRETO;RIBEIRAO PRETO;8;23978;ALBERTO JOSE GONCALVES DOM;Cuba;2
ESTADUAL - SE;RIBEIRAO PRETO;RIBEIRAO PRETO;RIBEIRAO PRETO;8;23978;ALBERTO JOSE GONCALVES DOM;Paraguai;1
ESTADUAL - SE;RIBEIRAO PRETO;RIBEIRAO PRETO;RIBEIRAO PRETO;8;24053;MEIRA JUNIOR DOUTOR;Venezuela;1
ESTADUAL - SE;RIBEIRAO PRETO;RIBEIRAO PRETO;RIBEIRAO PRETO;8;24077;SEBASTIAO FERNANDES PALMA PROFESSOR;Colômbia;1
ESTADUAL - SE;RIBEIRAO PRETO;RIBEIRAO PRETO;RIBEIRAO PRETO;8;24089;ALPHEU DOMINIGUETTI PROFESSOR;Angola;1
ESTADUAL - SE;RIBEIRAO PRETO;RIBEIRAO PRETO;RIBEIRAO PRETO;8;24089;ALPHEU DOMINIGUETTI PROFESSOR;Venezuela;1
ESTADUAL - SE;RIBEIRAO PRETO;RIBEIRAO PRETO;RIBEIRAO PRETO;8;24090;CID DE OLIVEIRA LEITE PROFESSOR;Angola;1
ESTADUAL - SE;RIBEIRAO PRETO;RIBEIRAO PRETO;RIBEIRAO PRETO;8;24090;CID DE OLIVEIRA LEITE PROFESSOR;Portugal;1
ESTADUAL - SE;RIBEIRAO PRETO;RIBEIRAO PRETO;RIBEIRAO PRETO;8;24090;CID DE OLIVEIRA LEITE PROFESSOR;Venezuela;1
ESTADUAL - SE;RIBEIRAO PRETO;RIBEIRAO PRETO;RIBEIRAO PRETO;8;24119;OTONIEL MOTA;Argentina;1
ESTADUAL - SE;RIBEIRAO PRETO;RIBEIRAO PRETO;RIBEIRAO PRETO;8;24119;OTONIEL MOTA;Dominicana, República;1
ESTADUAL - SE;RIBEIRAO PRETO;RIBEIRAO PRETO;RIBEIRAO PRETO;8;24119;OTONIEL MOTA;Paraguai;1
ESTADUAL - SE;RIBEIRAO PRETO;RIBEIRAO PRETO;RIBEIRAO PRETO;8;24119;OTONIEL MOTA;São Tomé e Príncipe;2
ESTADUAL - SE;RIBEIRAO PRETO;RIBEIRAO PRETO;RIBEIRAO PRETO;8;24119;OTONIEL MOTA;Venezuela;1
ESTADUAL - SE;RIBEIRAO PRETO;RIBEIRAO PRETO;RIBEIRAO PRETO;8;24120;EDGARDO CAJADO DOUTOR;China;1
ESTADUAL - SE;RIBEIRAO PRETO;RIBEIRAO PRETO;RIBEIRAO PRETO;8;24120;EDGARDO CAJADO DOUTOR;Colômbia;1
ESTADUAL - SE;RIBEIRAO PRETO;RIBEIRAO PRETO;RIBEIRAO PRETO;8;24120;EDGARDO CAJADO DOUTOR;Venezuela;2
ESTADUAL - SE;RIBEIRAO PRETO;RIBEIRAO PRETO;RIBEIRAO PRETO;8;36869;VEIGA DE MIRANDA MINISTRO;Bolívia;1
ESTADUAL - SE;RIBEIRAO PRETO;RIBEIRAO PRETO;RIBEIRAO PRETO;8;36869;VEIGA DE MIRANDA MINISTRO;Estados Unidos da América;1
ESTADUAL - SE;RIBEIRAO PRETO;RIBEIRAO PRETO;RIBEIRAO PRETO;8;37151;GERALDO CORREIA DE CARVALHO DOUTOR;Japão;1
ESTADUAL - SE;RIBEIRAO PRETO;RIBEIRAO PRETO;RIBEIRAO PRETO;8;41531;JENNY DE TOLEDO PIZA SCHROEDER PROFESSORA;África do Sul;1
ESTADUAL - SE;RIBEIRAO PRETO;RIBEIRAO PRETO;RIBEIRAO PRETO;8;42870;RAFAEL LEME FRANCO PROFESSOR;Japão;2
ESTADUAL - SE;RIBEIRAO PRETO;RIBEIRAO PRETO;RIBEIRAO PRETO;8;44660;DOMINGOS JOAO BAPTISTA SPINELLI PROFESSOR DOUTOR;Haiti;3
ESTADUAL - SE;RIBEIRAO PRETO;RIBEIRAO PRETO;RIBEIRAO PRETO;8;47466;DJANIRA VELHO PROFESSORA;Estados Unidos da América;1
ESTADUAL - SE;RIBEIRAO PRETO;RIBEIRAO PRETO;RIBEIRAO PRETO;8;900072;IRENE DIAS RIBEIRO PROFESSORA;Japão;1
ESTADUAL - SE;RIBEIRAO PRETO;RIBEIRAO PRETO;RIBEIRAO PRETO;8;900072;IRENE DIAS RIBEIRO PROFESSORA;Peru;1
ESTADUAL - SE;RIBEIRAO PRETO;RIBEIRAO PRETO;RIBEIRAO PRETO;8;900758;JOAO PALMA GUIAO DOUTOR;Estados Unidos da América;1
ESTADUAL - SE;RIBEIRAO PRETO;RIBEIRAO PRETO;RIBEIRAO PRETO;8;900758;JOAO PALMA GUIAO DOUTOR;Japão;3
ESTADUAL - SE;RIBEIRAO PRETO;RIBEIRAO PRETO;RIBEIRAO PRETO;8;900758;JOAO PALMA GUIAO DOUTOR;Venezuela;1
ESTADUAL - SE;RIBEIRAO PRETO;RIBEIRAO PRETO;RIBEIRAO PRETO;8;907881;EXPEDICIONARIOS BRASILEIROS;Venezuela;3
ESTADUAL - SE;RIBEIRAO PRETO;RIBEIRAO PRETO;RIBEIRAO PRETO;8;912086;ROMEU ALBERTI DOM;Estados Unidos da América;2
ESTADUAL - SE;RIBEIRAO PRETO;RIBEIRAO PRETO;RIBEIRAO PRETO;8;912086;ROMEU ALBERTI DOM;Venezuela;1
ESTADUAL - SE;RIBEIRAO PRETO;RIBEIRAO PRETO;RIBEIRAO PRETO;8;925664;PROFESSOR LAURO BIGELLI;Bolívia;1
ESTADUAL - SE;RIBEIRAO PRETO;RIBEIRAO PRETO;RIBEIRAO PRETO;8;925664;PROFESSOR LAURO BIGELLI;Portugal;1
ESTADUAL - SE;RIBEIRAO PRETO;RIBEIRAO PRETO;RIBEIRAO PRETO;8;925664;PROFESSOR LAURO BIGELLI;Venezuela;2
ESTADUAL - SE;RIBEIRAO PRETO;RIBEIRAO PRETO;RIBEIRAO PRETO;8;925688;JARDIM PAIVA I;Portugal;1
ESTADUAL - SE;SANTO ANASTACIO;PIQUEROBI;PIQUEROBI;8;32244;MARIA APARECIDA QUEIROZ CASARI PROFESSORA;Portugal;1
ESTADUAL - SE;SANTO ANASTACIO;PRESIDENTE EPITACIO;PRESIDENTE EPITACIO;8;32335;CONSUELO FERNANDES DE MAGALHAES CASTRO DONA;Paraguai;1
ESTADUAL - SE;SANTO ANASTACIO;PRESIDENTE EPITACIO;PRESIDENTE EPITACIO;8;191536;MARINA AMARANTE RIBEIRO VASQUES SANCHES PROFESSORA;Japão;1
ESTADUAL - SE;SANTO ANASTACIO;PRESIDENTE EPITACIO;PRESIDENTE EPITACIO;8;191536;MARINA AMARANTE RIBEIRO VASQUES SANCHES PROFESSORA;Paraguai;1
ESTADUAL - SE;SANTO ANASTACIO;PRESIDENTE VENCESLAU;PRESIDENTE VENCESLAU;8;922663;HIROSHI SHIRASSU SHIRUCA PROFESSOR;Japão;1
ESTADUAL - SE;SANTO ANDRE;SANTO ANDRE;SANTO ANDRE;6;985193;CEL JTO A EE PROF AMARAL WAGNER;Haiti;2
ESTADUAL - SE;SANTO ANDRE;SANTO ANDRE;SANTO ANDRE;6;985193;CEL JTO A EE PROF AMARAL WAGNER;Japão;2
ESTADUAL - SE;SANTO ANDRE;SANTO ANDRE;SANTO ANDRE;8;8023;GABRIEL OSCAR DE AZEVEDO ANTUNES PROFESSOR;China;1
ESTADUAL - SE;SANTO ANDRE;SANTO ANDRE;SANTO ANDRE;8;8023;GABRIEL OSCAR DE AZEVEDO ANTUNES PROFESSOR;Venezuela;1
ESTADUAL - SE;SANTO ANDRE;SANTO ANDRE;SANTO ANDRE;8;8047;PAULO SINNA PROFESSOR;Colômbia;2
ESTADUAL - SE;SANTO ANDRE;SANTO ANDRE;SANTO ANDRE;8;8059;CELSO GAMA DOUTOR;Espanha;1
ESTADUAL - SE;SANTO ANDRE;SANTO ANDRE;SANTO ANDRE;8;8084;JOSE AUGUSTO DE AZEVEDO ANTUNES PROFESSOR;Japão;2
ESTADUAL - SE;SANTO ANDRE;SANTO ANDRE;SANTO ANDRE;8;8084;JOSE AUGUSTO DE AZEVEDO ANTUNES PROFESSOR;Síria;1
ESTADUAL - SE;SANTO ANDRE;SANTO ANDRE;SANTO ANDRE;8;8096;LUIZ LOBO NETO DOUTOR;Japão;2
ESTADUAL - SE;SANTO ANDRE;SANTO ANDRE;SANTO ANDRE;8;8102;CRISTINA FITTIPALDI PROFESSORA;Japão;1
ESTADUAL - SE;SANTO ANDRE;SANTO ANDRE;SANTO ANDRE;8;8114;CLOTHILDE MARTINS ZANEI PROFESSORA;Colômbia;1
ESTADUAL - SE;SANTO ANDRE;SANTO ANDRE;SANTO ANDRE;8;8126;PAULO VI PAPA;Japão;1
ESTADUAL - SE;SANTO ANDRE;SANTO ANDRE;SANTO ANDRE;8;8148;CARLOS DE CAMPOS DOUTOR;Angola;1
ESTADUAL - SE;SANTO ANDRE;SANTO ANDRE;SANTO ANDRE;8;8148;CARLOS DE CAMPOS DOUTOR;Síria;1
ESTADUAL - SE;SANTO ANDRE;SANTO ANDRE;SANTO ANDRE;8;8151;GENEROSO ALVES DE SIQUEIRA DOUTOR;Bolívia;1
ESTADUAL - SE;SANTO ANDRE;SANTO ANDRE;SANTO ANDRE;8;8187;JOSE CARLOS ANTUNES PROFESSOR;Japão;2
ESTADUAL - SE;SANTO ANDRE;SANTO ANDRE;SANTO ANDRE;8;8199;OITO DE ABRIL;Argentina;1
ESTADUAL - SE;SANTO ANDRE;SANTO ANDRE;SANTO ANDRE;8;8199;OITO DE ABRIL;Japão;1
ESTADUAL - SE;SANTO ANDRE;SANTO ANDRE;SANTO ANDRE;8;8217;OVIDIO PIRES DE CAMPOS PROFESSOR;Portugal;1
ESTADUAL - SE;SANTO ANDRE;SANTO ANDRE;SANTO ANDRE;8;8229;AGNALDO SEBASTIAO VIEIRA PADRE;Bolívia;1
ESTADUAL - SE;SANTO ANDRE;SANTO ANDRE;SANTO ANDRE;8;8230;ANTONIO DE CAMPOS GONCALVES PROFESSOR;Colômbia;1
ESTADUAL - SE;SANTO ANDRE;SANTO ANDRE;SANTO ANDRE;8;8266;AMERICO BRASILIENSE DOUTOR;Bolívia;1
ESTADUAL - SE;SANTO ANDRE;SANTO ANDRE;SANTO ANDRE;8;8266;AMERICO BRASILIENSE DOUTOR;Chile;2
ESTADUAL - SE;SANTO ANDRE;SANTO ANDRE;SANTO ANDRE;8;8266;AMERICO BRASILIENSE DOUTOR;Haiti;9
ESTADUAL - SE;SANTO ANDRE;SANTO ANDRE;SANTO ANDRE;8;8345;HOMERO THON;Síria;1
ESTADUAL - SE;SANTO ANDRE;SANTO ANDRE;SANTO ANDRE;8;8357;JOAO GALEAO CARVALHAL SENADOR;Bolívia;2
ESTADUAL - SE;SANTO ANDRE;SANTO ANDRE;SANTO ANDRE;8;8357;JOAO GALEAO CARVALHAL SENADOR;Colômbia;1
ESTADUAL - SE;SANTO ANDRE;SANTO ANDRE;SANTO ANDRE;8;8357;JOAO GALEAO CARVALHAL SENADOR;Egipto;1
ESTADUAL - SE;SANTO ANDRE;SANTO ANDRE;SANTO ANDRE;8;8357;JOAO GALEAO CARVALHAL SENADOR;Estados Unidos da América;2
ESTADUAL - SE;SANTO ANDRE;SANTO ANDRE;SANTO ANDRE;8;8357;JOAO GALEAO CARVALHAL SENADOR;Iémen;1
ESTADUAL - SE;SANTO ANDRE;SANTO ANDRE;SANTO ANDRE;8;8357;JOAO GALEAO CARVALHAL SENADOR;Japão;1
ESTADUAL - SE;SANTO ANDRE;SANTO ANDRE;SANTO ANDRE;8;8357;JOAO GALEAO CARVALHAL SENADOR;Venezuela;1
ESTADUAL - SE;SANTO ANDRE;SANTO ANDRE;SANTO ANDRE;8;8369;JOAO BAPTISTA MARIGO MARTINS;Japão;1
ESTADUAL - SE;SANTO ANDRE;SANTO ANDRE;SANTO ANDRE;8;8382;JOSE CALVITTI FILHO PROFESSOR;Japão;1
ESTADUAL - SE;SANTO ANDRE;SANTO ANDRE;SANTO ANDRE;8;8382;JOSE CALVITTI FILHO PROFESSOR;Uruguai;2
ESTADUAL - SE;SANTO ANDRE;SANTO ANDRE;SANTO ANDRE;8;8382;JOSE CALVITTI FILHO PROFESSOR;Venezuela;1
ESTADUAL - SE;SANTO ANDRE;SANTO ANDRE;SANTO ANDRE;8;8424;NELSON PIZZOTTI MENDES PROFESSOR;Haiti;4
ESTADUAL - SE;SANTO ANDRE;SANTO ANDRE;SANTO ANDRE;8;8436;ONDINA RIVERA MIRANDA CINTRA PROFESSORA;Colômbia;1
ESTADUAL - SE;SANTO ANDRE;SANTO ANDRE;SANTO ANDRE;8;8436;ONDINA RIVERA MIRANDA CINTRA PROFESSORA;Peru;1
ESTADUAL - SE;SANTO ANDRE;SANTO ANDRE;SANTO ANDRE;8;8436;ONDINA RIVERA MIRANDA CINTRA PROFESSORA;Venezuela;2
ESTADUAL - SE;SANTO ANDRE;SANTO ANDRE;SANTO ANDRE;8;8448;FIORAVANTE ZAMPOL;Paraguai;2
ESTADUAL - SE;SANTO ANDRE;SANTO ANDRE;SANTO ANDRE;8;8459;WALDOMIRO GUIMARAES PROFESSOR;Venezuela;7
ESTADUAL - SE;SANTO ANDRE;SANTO ANDRE;SANTO ANDRE;8;8473;WANDA BENTO GONCALVES PROFESSORA;Venezuela;1
ESTADUAL - SE;SANTO ANDRE;SANTO ANDRE;SANTO ANDRE;8;8497;JOAO PAULO I PAPA;Venezuela;1
ESTADUAL - SE;SANTO ANDRE;SANTO ANDRE;SANTO ANDRE;8;8503;IVONE PALMA TODOROV RUGGIERI PROFESSORA;Venezuela;1
ESTADUAL - SE;SANTO ANDRE;SANTO ANDRE;SANTO ANDRE;8;8540;AMARAL WAGNER;Japão;1
ESTADUAL - SE;SANTO ANDRE;SANTO ANDRE;SANTO ANDRE;8;8540;AMARAL WAGNER;Portugal;1
ESTADUAL - SE;SANTO ANDRE;SANTO ANDRE;SANTO ANDRE;8;8552;ALBERTO FRANCIA GOMES MARTINS DOUTOR;Japão;1
ESTADUAL - SE;SANTO ANDRE;SANTO ANDRE;SANTO ANDRE;8;8564;CARLINA CACAPAVA DE MELLO PROFESSORA;Bolívia;2
ESTADUAL - SE;SANTO ANDRE;SANTO ANDRE;SANTO ANDRE;8;8564;CARLINA CACAPAVA DE MELLO PROFESSORA;Japão;3
ESTADUAL - SE;SANTO ANDRE;SANTO ANDRE;SANTO ANDRE;8;8576;ADAMASTOR DE CARVALHO PROFESSOR;Bolívia;1
ESTADUAL - SE;SANTO ANDRE;SANTO ANDRE;SANTO ANDRE;8;8576;ADAMASTOR DE CARVALHO PROFESSOR;Dominicana, República;1
ESTADUAL - SE;SANTO ANDRE;SANTO ANDRE;SANTO ANDRE;8;8576;ADAMASTOR DE CARVALHO PROFESSOR;Haiti;50
ESTADUAL - SE;SANTO ANDRE;SANTO ANDRE;SANTO ANDRE;8;8576;ADAMASTOR DE CARVALHO PROFESSOR;Venezuela;1
ESTADUAL - SE;SANTO ANDRE;SANTO ANDRE;SANTO ANDRE;8;8606;JOSE HENRIQUE DE PAULA E SILVA PROFESSOR;Bolívia;1
ESTADUAL - SE;SANTO ANDRE;SANTO ANDRE;SANTO ANDRE;8;8606;JOSE HENRIQUE DE PAULA E SILVA PROFESSOR;Haiti;1
ESTADUAL - SE;SANTO ANDRE;SANTO ANDRE;SANTO ANDRE;8;8643;VISCONDE DE TAUNAY;Venezuela;1
ESTADUAL - SE;SANTO ANDRE;SANTO ANDRE;SANTO ANDRE;8;8655;OSCAVO DE PAULA E SILVA PROFESSOR;Bolívia;1
ESTADUAL - SE;SANTO ANDRE;SANTO ANDRE;SANTO ANDRE;8;8709;ESTHER MEDINA PROFESSORA;Japão;1
ESTADUAL - SE;SANTO ANDRE;SANTO ANDRE;SANTO ANDRE;8;8710;CAMILO PEDUTI;Haiti;1
ESTADUAL - SE;SANTO ANDRE;SANTO ANDRE;SANTO ANDRE;8;37266;MARIA DE LOURDES GUIMARAES PROFESSORA;Venezuela;2
ESTADUAL - SE;SANTO ANDRE;SANTO ANDRE;SANTO ANDRE;8;286217;FRANCISCA HELENA FURIA II PROFESSORA;Bolívia;1
ESTADUAL - SE;SANTO ANDRE;SANTO ANDRE;SANTO ANDRE;8;286217;FRANCISCA HELENA FURIA II PROFESSORA;Portugal;2
ESTADUAL - SE;SANTO ANDRE;SANTO ANDRE;SANTO ANDRE;8;900175;BENERALDO DE TOLEDO PIZA PROFESSOR;Haiti;2
ESTADUAL - SE;SANTO ANDRE;SANTO ANDRE;SANTO ANDRE;8;907066;FRANCISCA HELENA FURIA PROFESSORA;Bolívia;1
ESTADUAL - SE;SANTO ANDRE;SANTO ANDRE;SANTO ANDRE;8;907170;GABRIEL GONCALVES PROFESSOR;Venezuela;1
ESTADUAL - SE;SANTO ANDRE;SANTO ANDRE;SANTO ANDRE;8;916985;EDEVALDO PERASSI PROFESSOR;Haiti;1
ESTADUAL - SE;SANTO ANDRE;SANTO ANDRE;SANTO ANDRE;8;916985;EDEVALDO PERASSI PROFESSOR;Venezuela;1
ESTADUAL - SE;SANTO ANDRE;SANTO ANDRE;SANTO ANDRE;8;920344;INACIA TERUKO INAGAKI PROFESSORA;Colômbia;1
ESTADUAL - SE;SANTO ANDRE;SANTO ANDRE;SANTO ANDRE;8;921361;ODNEI MARIA MARTINS SANTURBANO PROFESSORA;Japão;1
ESTADUAL - SE;SANTO ANDRE;SANTO ANDRE;SANTO ANDRE;8;925639;PARQUE MARAJOARA II;Colômbia;1
ESTADUAL - SE;SANTOS;BERTIOGA;BERTIOGA;8;11605;ARMANDO BELLEGARD PROFESSOR;Japão;1
ESTADUAL - SE;SANTOS;BERTIOGA;BERTIOGA;8;269323;JARDIM VICENTE DE CARVALHO;Portugal;1
ESTADUAL - SE;SANTOS;BERTIOGA;BERTIOGA;8;921749;PRAIA DE BORACEIA;Paraguai;1
ESTADUAL - SE;SANTOS;BERTIOGA;BERTIOGA;8;921749;PRAIA DE BORACEIA;Venezuela;1
ESTADUAL - SE;SANTOS;CUBATAO;CUBATAO;8;11435;AFONSO SCHIMIDT;Portugal;1
ESTADUAL - SE;SANTOS;CUBATAO;CUBATAO;8;47818;ARY DE OLIVEIRA GARCIA PROFESSOR;Reino Unido da Grã-Bretanha e Irlanda do Norte;1
ESTADUAL - SE;SANTOS;GUARUJA;GUARUJA;8;11502;THEREZA SILVEIRA DE ALMEIDA PROFESSORA;Colômbia;1
ESTADUAL - SE;SANTOS;GUARUJA;GUARUJA;8;11587;VICENTE DE CARVALHO;Cuba;2
ESTADUAL - SE;SANTOS;GUARUJA;GUARUJA;8;11587;VICENTE DE CARVALHO;Itália;1
ESTADUAL - SE;SANTOS;GUARUJA;GUARUJA;8;11587;VICENTE DE CARVALHO;Peru;1
ESTADUAL - SE;SANTOS;GUARUJA;GUARUJA;8;11587;VICENTE DE CARVALHO;Portugal;1
ESTADUAL - SE;SANTOS;GUARUJA;GUARUJA;8;38775;DOMINGOS DE SOUZA PREFEITO;Argentina;1
ESTADUAL - SE;SANTOS;GUARUJA;GUARUJA;8;38775;DOMINGOS DE SOUZA PREFEITO;Portugal;2
ESTADUAL - SE;SANTOS;GUARUJA;GUARUJA;8;43345;MILTON BORGES YPIRANGA;Haiti;6
ESTADUAL - SE;SANTOS;GUARUJA;GUARUJA;8;908885;ROBERTO AMAURY GALLIERA DOUTOR;Bolívia;1
ESTADUAL - SE;SANTOS;SANTOS;SANTOS;8;11708;AZEVEDO JUNIOR;Bolívia;3
ESTADUAL - SE;SANTOS;SANTOS;SANTOS;8;11721;SAO LEOPOLDO VISCONDE DE;Haiti;1
ESTADUAL - SE;SANTOS;SANTOS;SANTOS;8;11721;SAO LEOPOLDO VISCONDE DE;Japão;1
ESTADUAL - SE;SANTOS;SANTOS;SANTOS;8;11757;LUIZA MACUCO DONA;Venezuela;1
ESTADUAL - SE;SANTOS;SANTOS;SANTOS;8;11794;NEVES PRADO MONTEIRO;Colômbia;2
ESTADUAL - SE;SANTOS;SANTOS;SANTOS;8;11794;NEVES PRADO MONTEIRO;Japão;2
ESTADUAL - SE;SANTOS;SANTOS;SANTOS;8;11824;PRIMO FERREIRA PROFESSOR;Estados Unidos da América;1
ESTADUAL - SE;SANTOS;SANTOS;SANTOS;8;11824;PRIMO FERREIRA PROFESSOR;Haiti;1
ESTADUAL - SE;SANTOS;SANTOS;SANTOS;8;11824;PRIMO FERREIRA PROFESSOR;Venezuela;1
ESTADUAL - SE;SANTOS;SANTOS;SANTOS;8;11836;CANADA;Espanha;1
ESTADUAL - SE;SANTOS;SANTOS;SANTOS;8;11836;CANADA;Haiti;2
ESTADUAL - SE;SANTOS;SANTOS;SANTOS;8;11836;CANADA;Venezuela;1
ESTADUAL - SE;SANTOS;SANTOS;SANTOS;8;11885;ALZIRA MARTINS LICHTI PROFESSORA;Venezuela;1
ESTADUAL - SE;SANTOS;SANTOS;SANTOS;8;11903;BARNABE;Haiti;1
ESTADUAL - SE;SANTOS;SANTOS;SANTOS;8;11927;MARQUES DE SAO VICENTE;Haiti;3
ESTADUAL - SE;SANTOS;SANTOS;SANTOS;8;11927;MARQUES DE SAO VICENTE;Venezuela;1
ESTADUAL - SE;SANTOS;SANTOS;SANTOS;8;38805;JOAO OCTAVIO DOS SANTOS;Venezuela;1
ESTADUAL - SE;SANTOS;SANTOS;SANTOS;8;46164;OLGA CURY;Japão;1
ESTADUAL - SE;SANTOS;SANTOS;SANTOS;8;905021;GRACINDA MARIA FERREIRA PROFESSORA;Estados Unidos da América;1
ESTADUAL - SE;SANTOS;VICENTE DE CARVALHO;GUARUJA;8;11666;EDUARDO GOMES MARECHAL DO AR;Japão;1
ESTADUAL - SE;SAO BERNARDO DO CAMPO;SAO BERNARDO DO CAMPO;SAO BERNARDO DO CAMPO;8;8783;PEDRA DE CARVALHO PROFESSORA;Japão;1
ESTADUAL - SE;SAO BERNARDO DO CAMPO;SAO BERNARDO DO CAMPO;SAO BERNARDO DO CAMPO;8;8813;JOAO BATISTA BERNARDES PROFESSOR;Haiti;1
ESTADUAL - SE;SAO BERNARDO DO CAMPO;SAO BERNARDO DO CAMPO;SAO BERNARDO DO CAMPO;8;8813;JOAO BATISTA BERNARDES PROFESSOR;Síria;2
ESTADUAL - SE;SAO BERNARDO DO CAMPO;SAO BERNARDO DO CAMPO;SAO BERNARDO DO CAMPO;8;8849;EUCLYDES DESLANDES PROFESSOR;Japão;1
ESTADUAL - SE;SAO BERNARDO DO CAMPO;SAO BERNARDO DO CAMPO;SAO BERNARDO DO CAMPO;8;8849;EUCLYDES DESLANDES PROFESSOR;Venezuela;1
ESTADUAL - SE;SAO BERNARDO DO CAMPO;SAO BERNARDO DO CAMPO;SAO BERNARDO DO CAMPO;8;8904;JOSE JORGE DO AMARAL PROFESSOR;Japão;1
ESTADUAL - SE;SAO BERNARDO DO CAMPO;SAO BERNARDO DO CAMPO;SAO BERNARDO DO CAMPO;8;8904;JOSE JORGE DO AMARAL PROFESSOR;Portugal;1
ESTADUAL - SE;SAO BERNARDO DO CAMPO;SAO BERNARDO DO CAMPO;SAO BERNARDO DO CAMPO;8;8928;JOSE GONCALVES DE ANDRADE FIGUEIRA DOUTOR;Venezuela;1
ESTADUAL - SE;SAO BERNARDO DO CAMPO;SAO BERNARDO DO CAMPO;SAO BERNARDO DO CAMPO;8;9003;JORGE RAHME PROFESSOR;Haiti;1
ESTADUAL - SE;SAO BERNARDO DO CAMPO;SAO BERNARDO DO CAMPO;SAO BERNARDO DO CAMPO;8;9003;JORGE RAHME PROFESSOR;Japão;1
ESTADUAL - SE;SAO BERNARDO DO CAMPO;SAO BERNARDO DO CAMPO;SAO BERNARDO DO CAMPO;8;9015;MIZUHO ABUNDANCIA;Venezuela;1
ESTADUAL - SE;SAO BERNARDO DO CAMPO;SAO BERNARDO DO CAMPO;SAO BERNARDO DO CAMPO;8;9039;ANTONIO NASCIMENTO PROFESSOR;Japão;1
ESTADUAL - SE;SAO BERNARDO DO CAMPO;SAO BERNARDO DO CAMPO;SAO BERNARDO DO CAMPO;8;9106;JOSE FORNARI DOUTOR;Haiti;2
ESTADUAL - SE;SAO BERNARDO DO CAMPO;SAO BERNARDO DO CAMPO;SAO BERNARDO DO CAMPO;8;9106;JOSE FORNARI DOUTOR;Peru;1
ESTADUAL - SE;SAO BERNARDO DO CAMPO;SAO BERNARDO DO CAMPO;SAO BERNARDO DO CAMPO;8;9118;MARIA LUIZA FERRARI CICERO PROFESSORA;Síria;1
ESTADUAL - SE;SAO BERNARDO DO CAMPO;SAO BERNARDO DO CAMPO;SAO BERNARDO DO CAMPO;8;9124;CLOVIS DE LUCCA PROFESSOR;Coreia do Sul;1
ESTADUAL - SE;SAO BERNARDO DO CAMPO;SAO BERNARDO DO CAMPO;SAO BERNARDO DO CAMPO;8;9155;LUIZA COLLACO QUEIROZ FONSECA PROFESSORA;Venezuela;2
ESTADUAL - SE;SAO BERNARDO DO CAMPO;SAO BERNARDO DO CAMPO;SAO BERNARDO DO CAMPO;8;9180;AMADEU OLIVERIO PROFESSOR;Paraguai;1
ESTADUAL - SE;SAO BERNARDO DO CAMPO;SAO BERNARDO DO CAMPO;SAO BERNARDO DO CAMPO;8;9210;MARIA IRACEMA MUNHOZ;Portugal;2
ESTADUAL - SE;SAO BERNARDO DO CAMPO;SAO BERNARDO DO CAMPO;SAO BERNARDO DO CAMPO;8;9234;LAURO GOMES DE ALMEIDA;Japão;1
ESTADUAL - SE;SAO BERNARDO DO CAMPO;SAO BERNARDO DO CAMPO;SAO BERNARDO DO CAMPO;8;9246;CARLOS PEZZOLO PROFESSOR;Portugal;1
ESTADUAL - SE;SAO BERNARDO DO CAMPO;SAO BERNARDO DO CAMPO;SAO BERNARDO DO CAMPO;8;9258;YOLANDA NORONHA DO NASCIMENTO PROFESSORA;Uruguai;2
ESTADUAL - SE;SAO BERNARDO DO CAMPO;SAO BERNARDO DO CAMPO;SAO BERNARDO DO CAMPO;8;9261;JOAO RAMALHO;Argentina;1
ESTADUAL - SE;SAO BERNARDO DO CAMPO;SAO BERNARDO DO CAMPO;SAO BERNARDO DO CAMPO;8;9261;JOAO RAMALHO;Espanha;1
ESTADUAL - SE;SAO BERNARDO DO CAMPO;SAO BERNARDO DO CAMPO;SAO BERNARDO DO CAMPO;8;9261;JOAO RAMALHO;Palestina;1
ESTADUAL - SE;SAO BERNARDO DO CAMPO;SAO BERNARDO DO CAMPO;SAO BERNARDO DO CAMPO;8;9261;JOAO RAMALHO;Síria;2
ESTADUAL - SE;SAO BERNARDO DO CAMPO;SAO BERNARDO DO CAMPO;SAO BERNARDO DO CAMPO;8;9283;20 DE AGOSTO;Síria;1
ESTADUAL - SE;SAO BERNARDO DO CAMPO;SAO BERNARDO DO CAMPO;SAO BERNARDO DO CAMPO;8;9325;ANESIA LOUREIRO GAMA PROFESSORA;Venezuela;1
ESTADUAL - SE;SAO BERNARDO DO CAMPO;SAO BERNARDO DO CAMPO;SAO BERNARDO DO CAMPO;8;9337;CYNIRA PIRES DOS SANTOS PROFESSORA;Angola;2
ESTADUAL - SE;SAO BERNARDO DO CAMPO;SAO BERNARDO DO CAMPO;SAO BERNARDO DO CAMPO;8;9337;CYNIRA PIRES DOS SANTOS PROFESSORA;Chile;2
ESTADUAL - SE;SAO BERNARDO DO CAMPO;SAO BERNARDO DO CAMPO;SAO BERNARDO DO CAMPO;8;9337;CYNIRA PIRES DOS SANTOS PROFESSORA;Peru;1
ESTADUAL - SE;SAO BERNARDO DO CAMPO;SAO BERNARDO DO CAMPO;SAO BERNARDO DO CAMPO;8;9337;CYNIRA PIRES DOS SANTOS PROFESSORA;Portugal;2
ESTADUAL - SE;SAO BERNARDO DO CAMPO;SAO BERNARDO DO CAMPO;SAO BERNARDO DO CAMPO;8;38519;MARIA CRISTINA SCHMIDT MIRANDA PROFESSORA;Bolívia;2
ESTADUAL - SE;SAO BERNARDO DO CAMPO;SAO BERNARDO DO CAMPO;SAO BERNARDO DO CAMPO;8;39548;VLADIMIR HERZOG JORNALISTA;Japão;1
ESTADUAL - SE;SAO BERNARDO DO CAMPO;SAO BERNARDO DO CAMPO;SAO BERNARDO DO CAMPO;8;39548;VLADIMIR HERZOG JORNALISTA;Venezuela;1
ESTADUAL - SE;SAO BERNARDO DO CAMPO;SAO BERNARDO DO CAMPO;SAO BERNARDO DO CAMPO;8;41269;DOMINGOS PEIXOTO DA SILVA PROFESSOR;Venezuela;1
ESTADUAL - SE;SAO BERNARDO DO CAMPO;SAO BERNARDO DO CAMPO;SAO BERNARDO DO CAMPO;8;42031;SANTA DALMOLIN DEMARCHI;Angola;1
ESTADUAL - SE;SAO BERNARDO DO CAMPO;SAO BERNARDO DO CAMPO;SAO BERNARDO DO CAMPO;8;42055;BRAZILIA TONDI DE LIMA;Colômbia;1
ESTADUAL - SE;SAO BERNARDO DO CAMPO;SAO BERNARDO DO CAMPO;SAO BERNARDO DO CAMPO;8;902020;LUIS DOS SANTOS METALURGICO;Bolívia;1
ESTADUAL - SE;SAO BERNARDO DO CAMPO;SAO BERNARDO DO CAMPO;SAO BERNARDO DO CAMPO;8;904958;FRANCISCO CRISTIANO LIMA DE FREITAS;Venezuela;1
ESTADUAL - SE;SAO BERNARDO DO CAMPO;SAO BERNARDO DO CAMPO;SAO BERNARDO DO CAMPO;8;906669;WALKER DA COSTA BARBOSA PROFESSOR;Venezuela;2
ESTADUAL - SE;SAO BERNARDO DO CAMPO;SAO BERNARDO DO CAMPO;SAO BERNARDO DO CAMPO;8;907182;MARIO FRANCISCON;Venezuela;4
ESTADUAL - SE;SAO BERNARDO DO CAMPO;SAO BERNARDO DO CAMPO;SAO BERNARDO DO CAMPO;8;908745;NEUSA FIGUEIREDO MARCAL PROFESSORA;Haiti;1
ESTADUAL - SE;SAO BERNARDO DO CAMPO;SAO BERNARDO DO CAMPO;SAO BERNARDO DO CAMPO;8;908745;NEUSA FIGUEIREDO MARCAL PROFESSORA;Japão;1
ESTADUAL - SE;SAO BERNARDO DO CAMPO;SAO BERNARDO DO CAMPO;SAO BERNARDO DO CAMPO;8;908769;VILMA APPARECIDA ANSELMO SILVEIRA PROFESSORA;Paraguai;1
ESTADUAL - SE;SAO BERNARDO DO CAMPO;SAO BERNARDO DO CAMPO;SAO BERNARDO DO CAMPO;8;913807;OMAR DAIBERT REVERENDO;Venezuela;3
ESTADUAL - SE;SAO BERNARDO DO CAMPO;SAO BERNARDO DO CAMPO;SAO BERNARDO DO CAMPO;8;915750;CELIO LUIZ NEGRINI PROFESSOR;Venezuela;1
ESTADUAL - SE;SAO BERNARDO DO CAMPO;SAO BERNARDO DO CAMPO;SAO BERNARDO DO CAMPO;8;917515;MARIA REGINA DEMARCHI FANANI;Chile;1
ESTADUAL - SE;SAO BERNARDO DO CAMPO;SAO BERNARDO DO CAMPO;SAO BERNARDO DO CAMPO;8;923904;SERGIO VIEIRA DE MELLO DIPLOMATA;Venezuela;1
ESTADUAL - SE;SAO BERNARDO DO CAMPO;SAO CAETANO DO SUL;SAO CAETANO DO SUL;6;985211;CEL JTO A EE IDALINA MACEDO COSTA SODRE DONA;Japão;2
ESTADUAL - SE;SAO BERNARDO DO CAMPO;SAO CAETANO DO SUL;SAO CAETANO DO SUL;6;985211;CEL JTO A EE IDALINA MACEDO COSTA SODRE DONA;Paraguai;1
ESTADUAL - SE;SAO BERNARDO DO CAMPO;SAO CAETANO DO SUL;SAO CAETANO DO SUL;6;985211;CEL JTO A EE IDALINA MACEDO COSTA SODRE DONA;Síria;1
ESTADUAL - SE;SAO BERNARDO DO CAMPO;SAO CAETANO DO SUL;SAO CAETANO DO SUL;8;9436;EDGAR ALVES DA CUNHA PROFESSOR;Haiti;2
ESTADUAL - SE;SAO BERNARDO DO CAMPO;SAO CAETANO DO SUL;SAO CAETANO DO SUL;8;9436;EDGAR ALVES DA CUNHA PROFESSOR;Paraguai;1
ESTADUAL - SE;SAO BERNARDO DO CAMPO;SAO CAETANO DO SUL;SAO CAETANO DO SUL;8;9441;ALFREDO BURKART PROFESSOR;Japão;1
ESTADUAL - SE;SAO BERNARDO DO CAMPO;SAO CAETANO DO SUL;SAO CAETANO DO SUL;8;9477;MARIA DA CONCEICAO MOURA BRANCO PROFESSORA;Portugal;1
ESTADUAL - SE;SAO BERNARDO DO CAMPO;SAO CAETANO DO SUL;SAO CAETANO DO SUL;8;9573;BONIFACIO DE CARVALHO CORONEL;Argentina;3
ESTADUAL - SE;SAO BERNARDO DO CAMPO;SAO CAETANO DO SUL;SAO CAETANO DO SUL;8;9573;BONIFACIO DE CARVALHO CORONEL;Estados Unidos da América;5
ESTADUAL - SE;SAO CARLOS;BELA VISTA SAO-CARLENSE;SAO CARLOS;8;24478;JESUINO DE ARRUDA;Venezuela;2
ESTADUAL - SE;SAO CARLOS;BELA VISTA SAO-CARLENSE;SAO CARLOS;8;24612;MARIA RAMOS PROFESSORA;Colômbia;1
ESTADUAL - SE;SAO CARLOS;BELA VISTA SAO-CARLENSE;SAO CARLOS;8;49992;ARACY LEITE PEREIRA LOPES DONA;Colômbia;1
ESTADUAL - SE;SAO CARLOS;SAO CARLOS;SAO CARLOS;8;24466;DOM GASTAO BISPO;Venezuela;2
ESTADUAL - SE;SAO CARLOS;SAO CARLOS;SAO CARLOS;8;24491;ANTONIO ADOLFO LOBBE PROFESSOR;Colômbia;1
ESTADUAL - SE;SAO CARLOS;SAO CARLOS;SAO CARLOS;8;24491;ANTONIO ADOLFO LOBBE PROFESSOR;Venezuela;1
ESTADUAL - SE;SAO CARLOS;SAO CARLOS;SAO CARLOS;8;24521;EUGENIO FRANCO;Venezuela;1
ESTADUAL - SE;SAO CARLOS;SAO CARLOS;SAO CARLOS;8;24557;ARLINDO BITTENCOURT PROFESSOR;Cabo Verde;1
ESTADUAL - SE;SAO CARLOS;SAO CARLOS;SAO CARLOS;8;24557;ARLINDO BITTENCOURT PROFESSOR;Colômbia;1
ESTADUAL - SE;SAO CARLOS;SAO CARLOS;SAO CARLOS;8;24557;ARLINDO BITTENCOURT PROFESSOR;Venezuela;2
ESTADUAL - SE;SAO CARLOS;SAO CARLOS;SAO CARLOS;8;24636;PAULINO CARLOS CORONEL;Argentina;1
ESTADUAL - SE;SAO CARLOS;SAO CARLOS;SAO CARLOS;8;24636;PAULINO CARLOS CORONEL;Venezuela;1
ESTADUAL - SE;SAO CARLOS;SAO CARLOS;SAO CARLOS;8;42894;CONDE DO PINHAL;Colômbia;5
ESTADUAL - SE;SAO CARLOS;SAO CARLOS;SAO CARLOS;8;42894;CONDE DO PINHAL;Venezuela;3
ESTADUAL - SE;SAO CARLOS;SAO CARLOS;SAO CARLOS;8;434711;ARY PINTO DAS NEVES PROFESSOR;Haiti;1
ESTADUAL - SE;SAO CARLOS;SAO CARLOS;SAO CARLOS;8;434711;ARY PINTO DAS NEVES PROFESSOR;Venezuela;4
ESTADUAL - SE;SAO CARLOS;SAO CARLOS;SAO CARLOS;8;496571;ADUAR KEMELL DIBO PROFESSOR;Venezuela;1
ESTADUAL - SE;SAO CARLOS;SAO CARLOS;SAO CARLOS;8;900795;JOAO JORGE MARMORATO PROFESSOR;Argentina;2
ESTADUAL - SE;SAO CARLOS;SAO CARLOS;SAO CARLOS;8;900795;JOAO JORGE MARMORATO PROFESSOR;Venezuela;1
ESTADUAL - SE;SAO CARLOS;SAO CARLOS;SAO CARLOS;8;905835;GABRIEL FELIX DO AMARAL PROFESSOR;Colômbia;2
ESTADUAL - SE;SAO CARLOS;SAO CARLOS;SAO CARLOS;8;906773;ARCHIMEDES ARISTEU MENDES DE CARVALHO PROFESSOR;Venezuela;3
ESTADUAL - SE;SAO CARLOS;SAO CARLOS;SAO CARLOS;8;907923;LUDGERO BRAGA PROFESSOR;Colômbia;1
ESTADUAL - SE;SAO CARLOS;SAO CARLOS;SAO CARLOS;8;907923;LUDGERO BRAGA PROFESSOR;Cuba;1
ESTADUAL - SE;SAO CARLOS;SAO CARLOS;SAO CARLOS;8;907923;LUDGERO BRAGA PROFESSOR;Peru;1
ESTADUAL - SE;SAO CARLOS;SAO CARLOS;SAO CARLOS;8;907923;LUDGERO BRAGA PROFESSOR;Venezuela;7
ESTADUAL - SE;SAO CARLOS;SAO CARLOS;SAO CARLOS;8;909750;MARILENE TEREZINHA LONGHIM;Venezuela;1
ESTADUAL - SE;SAO CARLOS;SAO CARLOS;SAO CARLOS;8;914988;ORLANDO PEREZ PROFESSOR;Haiti;1
ESTADUAL - SE;SAO CARLOS;SAO CARLOS;SAO CARLOS;8;914997;ATTILIA PRADO MARGARIDO;Japão;1
ESTADUAL - SE;SAO CARLOS;SAO CARLOS;SAO CARLOS;8;914997;ATTILIA PRADO MARGARIDO;Venezuela;3
ESTADUAL - SE;SAO CARLOS;SAO CARLOS;SAO CARLOS;8;916183;PERICLES SOARES;Colômbia;1
ESTADUAL - SE;SAO CARLOS;SAO CARLOS;SAO CARLOS;8;921981;BENTO DA SILVA CESAR PROFESSOR;Colômbia;2
ESTADUAL - SE;SAO CARLOS;SAO CARLOS;SAO CARLOS;8;921981;BENTO DA SILVA CESAR PROFESSOR;Venezuela;1
ESTADUAL - SE;SAO CARLOS;VILA NERY;SAO CARLOS;8;24454;LUIZ AUGUSTO DE OLIVEIRA PROFESSOR;Colômbia;1
ESTADUAL - SE;SAO CARLOS;VILA NERY;SAO CARLOS;8;24454;LUIZ AUGUSTO DE OLIVEIRA PROFESSOR;Reino Unido da Grã-Bretanha e Irlanda do Norte;1
ESTADUAL - SE;SAO CARLOS;VILA NERY;SAO CARLOS;8;24512;ALVARO GUIAO DOUTOR;Venezuela;2
ESTADUAL - SE;SAO CARLOS;VILA NERY;SAO CARLOS;8;39019;ANDRELINO VIEIRA PROFESSOR;Cuba;1
ESTADUAL - SE;SAO CARLOS;VILA NERY;SAO CARLOS;8;39019;ANDRELINO VIEIRA PROFESSOR;Haiti;1
ESTADUAL - SE;SAO JOAO DA BOA VISTA;DIVINOLANDIA;DIVINOLANDIA;8;19239;EDUARDO VICENTE NASSER DEPUTADO;Itália;1
ESTADUAL - SE;SAO JOAO DA BOA VISTA;ESPIRITO SANTO DO PINHAL;ESPIRITO SANTO DO PINHAL;8;20357;LEME CARDEAL;Cuba;1
ESTADUAL - SE;SAO JOAO DA BOA VISTA;MOCOCA;MOCOCA;8;19012;JUSTINO GOMES DE CASTRO MAESTRO;Venezuela;1
ESTADUAL - SE;SAO JOAO DA BOA VISTA;SAO JOAO DA BOA VISTA;SAO JOAO DA BOA VISTA;8;20588;JOAQUIM JOSE CORONEL;Venezuela;1
ESTADUAL - SE;SAO JOAO DA BOA VISTA;SAO JOAO DA BOA VISTA;SAO JOAO DA BOA VISTA;8;20680;ANESIA MARTINS MATTOS PROFESSORA;Venezuela;2
ESTADUAL - SE;SAO JOAO DA BOA VISTA;SAO JOSE DO RIO PARDO;SAO JOSE DO RIO PARDO;8;19112;CANDIDO RODRIGUES DOUTOR;Estados Unidos da América;1
ESTADUAL - SE;SAO JOAO DA BOA VISTA;SAO JOSE DO RIO PARDO;SAO JOSE DO RIO PARDO;8;19159;TARQUINIO COBRA OLYNTHO;China;1
ESTADUAL - SE;SAO JOAO DA BOA VISTA;SAO SEBASTIAO DA GRAMA;SAO SEBASTIAO DA GRAMA;8;19082;GENY GOMES DONA;Estados Unidos da América;1
ESTADUAL - SE;SAO JOAO DA BOA VISTA;VARGEM GRANDE DO SUL;VARGEM GRANDE DO SUL;8;19021;BENJAMIN BASTOS;Argentina;1
ESTADUAL - SE;SAO JOAO DA BOA VISTA;VARGEM GRANDE DO SUL;VARGEM GRANDE DO SUL;8;19033;GILBERTO GIRALDI;Portugal;1
ESTADUAL - SE;SAO JOAQUIM DA BARRA;IGARAPAVA;IGARAPAVA;8;23231;MARTINHO SYLVIO BIZUTTI PROFESSOR;Portugal;2
ESTADUAL - SE;SAO JOAQUIM DA BARRA;ITUVERAVA;ITUVERAVA;8;23383;ANTONIO JUSTINO FALLEIROS CAPITAO;Itália;2
ESTADUAL - SE;SAO JOAQUIM DA BARRA;SAO JOAQUIM DA BARRA;SAO JOAQUIM DA BARRA;8;24685;SYLVIO TORQUATO JUNQUEIRA;Argentina;1
ESTADUAL - SE;SAO JOAQUIM DA BARRA;SAO JOAQUIM DA BARRA;SAO JOAQUIM DA BARRA;8;24685;SYLVIO TORQUATO JUNQUEIRA;Bélgica;1
ESTADUAL - SE;SAO JOAQUIM DA BARRA;SAO JOAQUIM DA BARRA;SAO JOAQUIM DA BARRA;8;24703;GENOVEVA PINHEIRO VIEIRA DE VITTA PROFESSORA;Venezuela;1
ESTADUAL - SE;SAO JOSE DO RIO PRETO;BADY BASSITT;BADY BASSITT;8;28666;AUREA DE OLIVEIRA PROFESSORA;Bolívia;11
ESTADUAL - SE;SAO JOSE DO RIO PRETO;BADY BASSITT;BADY BASSITT;8;28666;AUREA DE OLIVEIRA PROFESSORA;Moçambique;1
ESTADUAL - SE;SAO JOSE DO RIO PRETO;GUAPIACU;GUAPIACU;8;28241;CARLOS CASTILHO PROFESSOR;Bolívia;1
ESTADUAL - SE;SAO JOSE DO RIO PRETO;IPIGUA;IPIGUA;8;28617;FRANCISCO PURITA PROFESSOR;Venezuela;1
ESTADUAL - SE;SAO JOSE DO RIO PRETO;MIRASSOLANDIA;MIRASSOLANDIA;8;28897;JOAQUIM MENDES PEQUITO;Haiti;1
ESTADUAL - SE;SAO JOSE DO RIO PRETO;NOVA GRANADA;NOVA GRANADA;8;27820;FRANCISCO MARQUES PINTO;Burkina Faso;1
ESTADUAL - SE;SAO JOSE DO RIO PRETO;SAO JOSE DO RIO PRETO;SAO JOSE DO RIO PRETO;6;985405;CEL JTO A EE MONSENHOR GONCALVES;Haiti;5
ESTADUAL - SE;SAO JOSE DO RIO PRETO;SAO JOSE DO RIO PRETO;SAO JOSE DO RIO PRETO;8;28538;ALBERTO ANDALO;Haiti;1
ESTADUAL - SE;SAO JOSE DO RIO PRETO;SAO JOSE DO RIO PRETO;SAO JOSE DO RIO PRETO;8;28538;ALBERTO ANDALO;Togo;1
ESTADUAL - SE;SAO JOSE DO RIO PRETO;SAO JOSE DO RIO PRETO;SAO JOSE DO RIO PRETO;8;28551;NOEMIA BUENO DO VALLE PROFESSORA;Bolívia;1
ESTADUAL - SE;SAO JOSE DO RIO PRETO;SAO JOSE DO RIO PRETO;SAO JOSE DO RIO PRETO;8;28599;OSCAR SALGADO BUENO PROFESSOR;Colômbia;2
ESTADUAL - SE;SAO JOSE DO RIO PRETO;SAO JOSE DO RIO PRETO;SAO JOSE DO RIO PRETO;8;28605;ZULMIRA DA SILVA SALLES PROFESSORA;Haiti;1
ESTADUAL - SE;SAO JOSE DO RIO PRETO;SAO JOSE DO RIO PRETO;SAO JOSE DO RIO PRETO;8;28685;ADAHIR GUIMARAES FOGACA PROFESSOR;África do Sul;1
ESTADUAL - SE;SAO JOSE DO RIO PRETO;SAO JOSE DO RIO PRETO;SAO JOSE DO RIO PRETO;8;28685;ADAHIR GUIMARAES FOGACA PROFESSOR;Bolívia;3
ESTADUAL - SE;SAO JOSE DO RIO PRETO;SAO JOSE DO RIO PRETO;SAO JOSE DO RIO PRETO;8;28712;PIO X;Equador;2
ESTADUAL - SE;SAO JOSE DO RIO PRETO;SAO JOSE DO RIO PRETO;SAO JOSE DO RIO PRETO;8;28712;PIO X;Haiti;1
ESTADUAL - SE;SAO JOSE DO RIO PRETO;SAO JOSE DO RIO PRETO;SAO JOSE DO RIO PRETO;8;28733;VICTOR BRITTO BASTOS PROFESSOR;Argentina;1
ESTADUAL - SE;SAO JOSE DO RIO PRETO;SAO JOSE DO RIO PRETO;SAO JOSE DO RIO PRETO;8;28733;VICTOR BRITTO BASTOS PROFESSOR;Colômbia;4
ESTADUAL - SE;SAO JOSE DO RIO PRETO;SAO JOSE DO RIO PRETO;SAO JOSE DO RIO PRETO;8;28733;VICTOR BRITTO BASTOS PROFESSOR;Venezuela;2
ESTADUAL - SE;SAO JOSE DO RIO PRETO;SAO JOSE DO RIO PRETO;SAO JOSE DO RIO PRETO;8;28769;ANTONIO DE BARROS SERRA PROFESSOR;Colômbia;1
ESTADUAL - SE;SAO JOSE DO RIO PRETO;SAO JOSE DO RIO PRETO;SAO JOSE DO RIO PRETO;8;28769;ANTONIO DE BARROS SERRA PROFESSOR;Venezuela;2
ESTADUAL - SE;SAO JOSE DO RIO PRETO;SAO JOSE DO RIO PRETO;SAO JOSE DO RIO PRETO;8;28794;AMIRA HOMSI CHALELLA PROFESSORA;Haiti;1
ESTADUAL - SE;SAO JOSE DO RIO PRETO;SAO JOSE DO RIO PRETO;SAO JOSE DO RIO PRETO;8;28848;VOLUNTARIOS DE 32;Síria;1
ESTADUAL - SE;SAO JOSE DO RIO PRETO;SAO JOSE DO RIO PRETO;SAO JOSE DO RIO PRETO;8;28848;VOLUNTARIOS DE 32;Venezuela;1
ESTADUAL - SE;SAO JOSE DO RIO PRETO;SAO JOSE DO RIO PRETO;SAO JOSE DO RIO PRETO;8;28903;JUSTINO JERRY FARIA PROFESSOR;Venezuela;2
ESTADUAL - SE;SAO JOSE DO RIO PRETO;SAO JOSE DO RIO PRETO;SAO JOSE DO RIO PRETO;8;28927;JOSE FELICIO MIZIARA PROFESSOR;Bolívia;1
ESTADUAL - SE;SAO JOSE DO RIO PRETO;SAO JOSE DO RIO PRETO;SAO JOSE DO RIO PRETO;8;28927;JOSE FELICIO MIZIARA PROFESSOR;Haiti;17
ESTADUAL - SE;SAO JOSE DO RIO PRETO;SAO JOSE DO RIO PRETO;SAO JOSE DO RIO PRETO;8;28927;JOSE FELICIO MIZIARA PROFESSOR;Japão;3
ESTADUAL - SE;SAO JOSE DO RIO PRETO;SAO JOSE DO RIO PRETO;SAO JOSE DO RIO PRETO;8;28927;JOSE FELICIO MIZIARA PROFESSOR;Paraguai;2
ESTADUAL - SE;SAO JOSE DO RIO PRETO;SAO JOSE DO RIO PRETO;SAO JOSE DO RIO PRETO;8;28927;JOSE FELICIO MIZIARA PROFESSOR;Síria;1
ESTADUAL - SE;SAO JOSE DO RIO PRETO;SAO JOSE DO RIO PRETO;SAO JOSE DO RIO PRETO;8;35828;AURELIANO MENDONCA PROFESSOR;Haiti;3
ESTADUAL - SE;SAO JOSE DO RIO PRETO;SAO JOSE DO RIO PRETO;SAO JOSE DO RIO PRETO;8;35828;AURELIANO MENDONCA PROFESSOR;Venezuela;3
ESTADUAL - SE;SAO JOSE DO RIO PRETO;SAO JOSE DO RIO PRETO;SAO JOSE DO RIO PRETO;8;43047;LEONOR DA SILVA CARRAMONA PROFESSORA;Estados Unidos da América;1
ESTADUAL - SE;SAO JOSE DO RIO PRETO;SAO JOSE DO RIO PRETO;SAO JOSE DO RIO PRETO;8;43047;LEONOR DA SILVA CARRAMONA PROFESSORA;Síria;1
ESTADUAL - SE;SAO JOSE DO RIO PRETO;SAO JOSE DO RIO PRETO;SAO JOSE DO RIO PRETO;8;43047;LEONOR DA SILVA CARRAMONA PROFESSORA;Venezuela;1
ESTADUAL - SE;SAO JOSE DO RIO PRETO;SAO JOSE DO RIO PRETO;SAO JOSE DO RIO PRETO;8;43059;MARIA GALANTE NORA PROFESSORA;Venezuela;6
ESTADUAL - SE;SAO JOSE DO RIO PRETO;SAO JOSE DO RIO PRETO;SAO JOSE DO RIO PRETO;8;436239;DINORATH DO VALLE PROFESSORA;Venezuela;4
ESTADUAL - SE;SAO JOSE DO RIO PRETO;SAO JOSE DO RIO PRETO;SAO JOSE DO RIO PRETO;8;565052;PARQUE DAS AROEIRAS II;Venezuela;2
ESTADUAL - SE;SAO JOSE DO RIO PRETO;SAO JOSE DO RIO PRETO;SAO JOSE DO RIO PRETO;8;908149;ALZIRA VALLE ROLEMBERG PROFESSORA;Bolívia;3
ESTADUAL - SE;SAO JOSE DO RIO PRETO;SAO JOSE DO RIO PRETO;SAO JOSE DO RIO PRETO;8;911461;OSCAR DE BARROS SERRA DORIA DOUTOR;Venezuela;1
ESTADUAL - SE;SAO JOSE DO RIO PRETO;SAO JOSE DO RIO PRETO;SAO JOSE DO RIO PRETO;8;914411;DARCY FEDERICI PACHECO PROFESSOR;Haiti;2
ESTADUAL - SE;SAO JOSE DO RIO PRETO;SAO JOSE DO RIO PRETO;SAO JOSE DO RIO PRETO;8;914411;DARCY FEDERICI PACHECO PROFESSOR;Paraguai;1
ESTADUAL - SE;SAO JOSE DO RIO PRETO;SAO JOSE DO RIO PRETO;SAO JOSE DO RIO PRETO;8;918313;BENTO ABELAIRA GOMES PROFESSOR;Venezuela;4
ESTADUAL - SE;SAO JOSE DO RIO PRETO;SAO JOSE DO RIO PRETO;SAO JOSE DO RIO PRETO;8;918337;CELSO ABBADE MOURAO;Japão;1
ESTADUAL - SE;SAO JOSE DO RIO PRETO;SAO JOSE DO RIO PRETO;SAO JOSE DO RIO PRETO;8;918337;CELSO ABBADE MOURAO;Portugal;1
ESTADUAL - SE;SAO JOSE DO RIO PRETO;SAO JOSE DO RIO PRETO;SAO JOSE DO RIO PRETO;8;918337;CELSO ABBADE MOURAO;Venezuela;1
ESTADUAL - SE;SAO JOSE DO RIO PRETO;SAO JOSE DO RIO PRETO;SAO JOSE DO RIO PRETO;8;919688;SONIA MARIA VENTURELLI PROFESSORA;Colômbia;5
ESTADUAL - SE;SAO JOSE DO RIO PRETO;SAO JOSE DO RIO PRETO;SAO JOSE DO RIO PRETO;8;921221;OCTACILIO ALVES DE ALMEIDA PROFESSOR;Japão;1
ESTADUAL - SE;SAO JOSE DO RIO PRETO;TALHADO;SAO JOSE DO RIO PRETO;8;28859;JOAO DEOCLECIO DA SILVA RAMOS PROFESSOR DOUTOR;Bolívia;4
ESTADUAL - SE;SAO JOSE DOS CAMPOS;SAO JOSE DOS CAMPOS;SAO JOSE DOS CAMPOS;8;1557;BENEDITO MATARAZZO DEPUTADO;Colômbia;2
ESTADUAL - SE;SAO JOSE DOS CAMPOS;SAO JOSE DOS CAMPOS;SAO JOSE DOS CAMPOS;8;1557;BENEDITO MATARAZZO DEPUTADO;Espanha;1
ESTADUAL - SE;SAO JOSE DOS CAMPOS;SAO JOSE DOS CAMPOS;SAO JOSE DOS CAMPOS;8;1557;BENEDITO MATARAZZO DEPUTADO;Japão;1
ESTADUAL - SE;SAO JOSE DOS CAMPOS;SAO JOSE DOS CAMPOS;SAO JOSE DOS CAMPOS;8;1557;BENEDITO MATARAZZO DEPUTADO;Portugal;2
ESTADUAL - SE;SAO JOSE DOS CAMPOS;SAO JOSE DOS CAMPOS;SAO JOSE DOS CAMPOS;8;13481;ALCEU MAYNARD ARAUJO PROFESSOR;Chile;1
ESTADUAL - SE;SAO JOSE DOS CAMPOS;SAO JOSE DOS CAMPOS;SAO JOSE DOS CAMPOS;8;13493;EDEWALDO FREITAS GAIA SANT ANA PROFESSOR;Espanha;2
ESTADUAL - SE;SAO JOSE DOS CAMPOS;SAO JOSE DOS CAMPOS;SAO JOSE DOS CAMPOS;8;13511;EUNICE CORDEIRO DOS SANTOS RODRIGUES PROFESSORA;Venezuela;2
ESTADUAL - SE;SAO JOSE DOS CAMPOS;SAO JOSE DOS CAMPOS;SAO JOSE DOS CAMPOS;8;13547;FELICIO SAVASTANO PROFESSOR;Colômbia;2
ESTADUAL - SE;SAO JOSE DOS CAMPOS;SAO JOSE DOS CAMPOS;SAO JOSE DOS CAMPOS;8;13572;ANA CANDIDA DE BARROS MOLINA PROFESSORA;Japão;2
ESTADUAL - SE;SAO JOSE DOS CAMPOS;SAO JOSE DOS CAMPOS;SAO JOSE DOS CAMPOS;8;13584;PEDRO MAZZA PROFESSOR;Japão;1
ESTADUAL - SE;SAO JOSE DOS CAMPOS;SAO JOSE DOS CAMPOS;SAO JOSE DOS CAMPOS;8;13584;PEDRO MAZZA PROFESSOR;Portugal;1
ESTADUAL - SE;SAO JOSE DOS CAMPOS;SAO JOSE DOS CAMPOS;SAO JOSE DOS CAMPOS;8;13602;EUCLIDES BUENO MIRAGAIA;Venezuela;1
ESTADUAL - SE;SAO JOSE DOS CAMPOS;SAO JOSE DOS CAMPOS;SAO JOSE DOS CAMPOS;8;13626;OLIMPIO CATAO;China;1
ESTADUAL - SE;SAO JOSE DOS CAMPOS;SAO JOSE DOS CAMPOS;SAO JOSE DOS CAMPOS;8;13626;OLIMPIO CATAO;Peru;1
ESTADUAL - SE;SAO JOSE DOS CAMPOS;SAO JOSE DOS CAMPOS;SAO JOSE DOS CAMPOS;8;13638;FRANCISCO JOAO LEME;Portugal;1
ESTADUAL - SE;SAO JOSE DOS CAMPOS;SAO JOSE DOS CAMPOS;SAO JOSE DOS CAMPOS;8;13651;SANT ANA DO PARAIBA;Japão;1
ESTADUAL - SE;SAO JOSE DOS CAMPOS;SAO JOSE DOS CAMPOS;SAO JOSE DOS CAMPOS;8;13651;SANT ANA DO PARAIBA;Portugal;1
ESTADUAL - SE;SAO JOSE DOS CAMPOS;SAO JOSE DOS CAMPOS;SAO JOSE DOS CAMPOS;8;13754;MARIA LUIZA DE GUIMARAES MEDEIROS PROFESSORA;Haiti;4
ESTADUAL - SE;SAO JOSE DOS CAMPOS;SAO JOSE DOS CAMPOS;SAO JOSE DOS CAMPOS;8;13778;WILMA RAGAZZI BOCCARDO PROFESSORA;Japão;1
ESTADUAL - SE;SAO JOSE DOS CAMPOS;SAO JOSE DOS CAMPOS;SAO JOSE DOS CAMPOS;8;13778;WILMA RAGAZZI BOCCARDO PROFESSORA;Peru;1
ESTADUAL - SE;SAO JOSE DOS CAMPOS;SAO JOSE DOS CAMPOS;SAO JOSE DOS CAMPOS;8;13791;MAURICIO ANISSE CURY DOUTOR;Colômbia;2
ESTADUAL - SE;SAO JOSE DOS CAMPOS;SAO JOSE DOS CAMPOS;SAO JOSE DOS CAMPOS;8;13869;JOSE MARIOTTO FERREIRA MAJOR AVIADOR;Japão;1
ESTADUAL - SE;SAO JOSE DOS CAMPOS;SAO JOSE DOS CAMPOS;SAO JOSE DOS CAMPOS;8;13869;JOSE MARIOTTO FERREIRA MAJOR AVIADOR;Nigéria;1
ESTADUAL - SE;SAO JOSE DOS CAMPOS;SAO JOSE DOS CAMPOS;SAO JOSE DOS CAMPOS;8;13948;JOAO CURSINO;China;1
ESTADUAL - SE;SAO JOSE DOS CAMPOS;SAO JOSE DOS CAMPOS;SAO JOSE DOS CAMPOS;8;13948;JOAO CURSINO;Itália;1
ESTADUAL - SE;SAO JOSE DOS CAMPOS;SAO JOSE DOS CAMPOS;SAO JOSE DOS CAMPOS;8;23462;ESTEVAM FERRI PROFESSOR;Venezuela;1
ESTADUAL - SE;SAO JOSE DOS CAMPOS;SAO JOSE DOS CAMPOS;SAO JOSE DOS CAMPOS;8;35397;JUVENAL MACHADO DE ARAUJO PROFESSOR;Colômbia;1
ESTADUAL - SE;SAO JOSE DOS CAMPOS;SAO JOSE DOS CAMPOS;SAO JOSE DOS CAMPOS;8;37837;LOURDES MARIA DE CAMARGO PROFESSORA;Haiti;1
ESTADUAL - SE;SAO JOSE DOS CAMPOS;SAO JOSE DOS CAMPOS;SAO JOSE DOS CAMPOS;8;37837;LOURDES MARIA DE CAMARGO PROFESSORA;Peru;1
ESTADUAL - SE;SAO JOSE DOS CAMPOS;SAO JOSE DOS CAMPOS;SAO JOSE DOS CAMPOS;8;37837;LOURDES MARIA DE CAMARGO PROFESSORA;Venezuela;2
ESTADUAL - SE;SAO JOSE DOS CAMPOS;SAO JOSE DOS CAMPOS;SAO JOSE DOS CAMPOS;8;39640;FRANCISCO LOPES DE AZEVEDO PROFESSOR;Colômbia;1
ESTADUAL - SE;SAO JOSE DOS CAMPOS;SAO JOSE DOS CAMPOS;SAO JOSE DOS CAMPOS;8;42316;MALBA THEREZA FERRAZ CAMPANER PROFESSORA;Colômbia;4
ESTADUAL - SE;SAO JOSE DOS CAMPOS;SAO JOSE DOS CAMPOS;SAO JOSE DOS CAMPOS;8;42316;MALBA THEREZA FERRAZ CAMPANER PROFESSORA;Japão;2
ESTADUAL - SE;SAO JOSE DOS CAMPOS;SAO JOSE DOS CAMPOS;SAO JOSE DOS CAMPOS;8;42328;NELSON DO NASCIMENTO MONTEIRO PROFESSOR;Paquistão;1
ESTADUAL - SE;SAO JOSE DOS CAMPOS;SAO JOSE DOS CAMPOS;SAO JOSE DOS CAMPOS;8;45469;MIGUEL NAKED MAJOR;Bolívia;1
ESTADUAL - SE;SAO JOSE DOS CAMPOS;SAO JOSE DOS CAMPOS;SAO JOSE DOS CAMPOS;8;45469;MIGUEL NAKED MAJOR;Japão;1
ESTADUAL - SE;SAO JOSE DOS CAMPOS;SAO JOSE DOS CAMPOS;SAO JOSE DOS CAMPOS;8;45469;MIGUEL NAKED MAJOR;Peru;2
ESTADUAL - SE;SAO JOSE DOS CAMPOS;SAO JOSE DOS CAMPOS;SAO JOSE DOS CAMPOS;8;45469;MIGUEL NAKED MAJOR;Venezuela;2
ESTADUAL - SE;SAO JOSE DOS CAMPOS;SAO JOSE DOS CAMPOS;SAO JOSE DOS CAMPOS;8;45470;MARILDA FERREIRA DE BRITO BARROS PEREIRA;Colômbia;2
ESTADUAL - SE;SAO JOSE DOS CAMPOS;SAO JOSE DOS CAMPOS;SAO JOSE DOS CAMPOS;8;45470;MARILDA FERREIRA DE BRITO BARROS PEREIRA;Japão;1
ESTADUAL - SE;SAO JOSE DOS CAMPOS;SAO JOSE DOS CAMPOS;SAO JOSE DOS CAMPOS;8;45470;MARILDA FERREIRA DE BRITO BARROS PEREIRA;Venezuela;1
ESTADUAL - SE;SAO JOSE DOS CAMPOS;SAO JOSE DOS CAMPOS;SAO JOSE DOS CAMPOS;8;47946;HENRIQUETA COSTA PORTO PROFESSORA;Chile;1
ESTADUAL - SE;SAO JOSE DOS CAMPOS;SAO JOSE DOS CAMPOS;SAO JOSE DOS CAMPOS;8;47958;AYR PICANCO BARBOSA DE ALMEIDA PROFESSORA;Cuba;1
ESTADUAL - SE;SAO JOSE DOS CAMPOS;SAO JOSE DOS CAMPOS;SAO JOSE DOS CAMPOS;8;47958;AYR PICANCO BARBOSA DE ALMEIDA PROFESSORA;Espanha;1
ESTADUAL - SE;SAO JOSE DOS CAMPOS;SAO JOSE DOS CAMPOS;SAO JOSE DOS CAMPOS;8;47958;AYR PICANCO BARBOSA DE ALMEIDA PROFESSORA;Venezuela;2
ESTADUAL - SE;SAO JOSE DOS CAMPOS;SAO JOSE DOS CAMPOS;SAO JOSE DOS CAMPOS;8;901532;DINORA PEREIRA RAMOS BRITO PROFESSORA;França;1
ESTADUAL - SE;SAO JOSE DOS CAMPOS;SAO JOSE DOS CAMPOS;SAO JOSE DOS CAMPOS;8;901581;GERALDINA COELHO MONTEIRO PROFESSORA;Colômbia;3
ESTADUAL - SE;SAO JOSE DOS CAMPOS;SAO JOSE DOS CAMPOS;SAO JOSE DOS CAMPOS;8;902548;RUTH COUTINHO SOBREIRO PROFESSORA;Venezuela;1
ESTADUAL - SE;SAO JOSE DOS CAMPOS;SAO JOSE DOS CAMPOS;SAO JOSE DOS CAMPOS;8;911392;JOAQUIM DE MOURA CANDELARIA PROFESSOR;Venezuela;3
ESTADUAL - SE;SAO JOSE DOS CAMPOS;SAO JOSE DOS CAMPOS;SAO JOSE DOS CAMPOS;8;916304;JOAO FERREIRA DOS SANTOS PROFESSOR;Colômbia;1
ESTADUAL - SE;SAO JOSE DOS CAMPOS;SAO JOSE DOS CAMPOS;SAO JOSE DOS CAMPOS;8;917597;AMINTAS ROCHA BRITO PROFESSOR;Paraguai;1
ESTADUAL - SE;SAO JOSE DOS CAMPOS;SAO JOSE DOS CAMPOS;SAO JOSE DOS CAMPOS;8;919724;ZILAH FERREIRA VIAGI PASSARELLI DE CAMPOS PROFESSORA;Japão;1
ESTADUAL - SE;SAO JOSE DOS CAMPOS;SAO JOSE DOS CAMPOS;SAO JOSE DOS CAMPOS;8;919724;ZILAH FERREIRA VIAGI PASSARELLI DE CAMPOS PROFESSORA;Portugal;1
ESTADUAL - SE;SAO JOSE DOS CAMPOS;SAO JOSE DOS CAMPOS;SAO JOSE DOS CAMPOS;8;919731;MARIA GOMIDE SANTOS DE SOUZA PROFESSORA;Colômbia;1
ESTADUAL - SE;SAO JOSE DOS CAMPOS;SAO JOSE DOS CAMPOS;SAO JOSE DOS CAMPOS;8;919731;MARIA GOMIDE SANTOS DE SOUZA PROFESSORA;Venezuela;1
ESTADUAL - SE;SAO JOSE DOS CAMPOS;SAO JOSE DOS CAMPOS;SAO JOSE DOS CAMPOS;8;922857;NILCE CONCEICAO DE LIMA PROFESSORA;Venezuela;1
ESTADUAL - SE;SAO ROQUE;ARACARIGUAMA;ARACARIGUAMA;8;15921;HUMBERTO VICTORAZZO PROFESSOR;Estados Unidos da América;1
ESTADUAL - SE;SAO ROQUE;ARACARIGUAMA;ARACARIGUAMA;8;15921;HUMBERTO VICTORAZZO PROFESSOR;Japão;1
ESTADUAL - SE;SAO ROQUE;ARACARIGUAMA;ARACARIGUAMA;8;15921;HUMBERTO VICTORAZZO PROFESSOR;Venezuela;2
ESTADUAL - SE;SAO ROQUE;IBIUNA;IBIUNA;8;15945;EUCLIDES MARIA BORBA;Japão;2
ESTADUAL - SE;SAO ROQUE;IBIUNA;IBIUNA;8;15945;EUCLIDES MARIA BORBA;Venezuela;1
ESTADUAL - SE;SAO ROQUE;IBIUNA;IBIUNA;8;15982;ROQUE BASTOS PROFESSOR;Venezuela;1
ESTADUAL - SE;SAO ROQUE;IBIUNA;IBIUNA;8;16044;MARIA ANGERAMI SCALAMANDRE;Haiti;1
ESTADUAL - SE;SAO ROQUE;IBIUNA;IBIUNA;8;16056;LAURINDA VIEIRA PINTO PROFESSORA;Japão;1
ESTADUAL - SE;SAO ROQUE;IBIUNA;IBIUNA;8;462767;MALIR TEREZINHA RAMALHO GOMES PROFESSORA;Chile;1
ESTADUAL - SE;SAO ROQUE;IBIUNA;IBIUNA;8;907133;OLIMPIA FALCI DONA;Bolívia;1
ESTADUAL - SE;SAO ROQUE;IBIUNA;IBIUNA;8;907133;OLIMPIA FALCI DONA;Haiti;2
ESTADUAL - SE;SAO ROQUE;IBIUNA;IBIUNA;8;920216;BAIRRO VARGEM;Japão;1
ESTADUAL - SE;SAO ROQUE;MAIRINQUE;MAIRINQUE;8;16081;ALTINA JULIA DE OLIVEIRA PROFESSORA;Bolívia;1
ESTADUAL - SE;SAO ROQUE;MAIRINQUE;MAIRINQUE;8;16081;ALTINA JULIA DE OLIVEIRA PROFESSORA;Venezuela;2
ESTADUAL - SE;SAO ROQUE;SAO ROQUE;SAO ROQUE;6;443475;CEL JTO A EE HORACIO MANLEY LANE;Venezuela;2
ESTADUAL - SE;SAO ROQUE;SAO ROQUE;SAO ROQUE;8;15830;HORACIO MANLEY LANE;Venezuela;2
ESTADUAL - SE;SAO ROQUE;SAO ROQUE;SAO ROQUE;8;15891;GERMANO NEGRINI PROFESSOR;Japão;1
ESTADUAL - SE;SAO ROQUE;VARGEM GRANDE PAULISTA;VARGEM GRANDE PAULISTA;8;10406;VALENCIO SOARES RODRIGUES;Haiti;5
ESTADUAL - SE;SAO ROQUE;VARGEM GRANDE PAULISTA;VARGEM GRANDE PAULISTA;8;10406;VALENCIO SOARES RODRIGUES;Japão;1
ESTADUAL - SE;SAO ROQUE;VARGEM GRANDE PAULISTA;VARGEM GRANDE PAULISTA;8;10534;ORLANDO ELLERO PROFESSOR;Chile;1
ESTADUAL - SE;SAO ROQUE;VARGEM GRANDE PAULISTA;VARGEM GRANDE PAULISTA;8;10534;ORLANDO ELLERO PROFESSOR;Japão;2
ESTADUAL - SE;SAO ROQUE;VARGEM GRANDE PAULISTA;VARGEM GRANDE PAULISTA;8;10534;ORLANDO ELLERO PROFESSOR;Venezuela;4
ESTADUAL - SE;SAO ROQUE;VARGEM GRANDE PAULISTA;VARGEM GRANDE PAULISTA;8;10637;PAULO SOARES DA SILVA;Haiti;1
ESTADUAL - SE;SAO ROQUE;VARGEM GRANDE PAULISTA;VARGEM GRANDE PAULISTA;8;10637;PAULO SOARES DA SILVA;Japão;1
ESTADUAL - SE;SAO ROQUE;VARGEM GRANDE PAULISTA;VARGEM GRANDE PAULISTA;8;36663;LEONARDO SOARES RODRIGUES;Haiti;2
ESTADUAL - SE;SAO ROQUE;VARGEM GRANDE PAULISTA;VARGEM GRANDE PAULISTA;8;36663;LEONARDO SOARES RODRIGUES;Japão;1
ESTADUAL - SE;SAO ROQUE;VARGEM GRANDE PAULISTA;VARGEM GRANDE PAULISTA;8;36663;LEONARDO SOARES RODRIGUES;Moçambique;1
ESTADUAL - SE;SAO ROQUE;VARGEM GRANDE PAULISTA;VARGEM GRANDE PAULISTA;8;48148;ELIAS ALVES DA COSTA BACHAREL;Ucrânia;1
ESTADUAL - SE;SAO ROQUE;VARGEM GRANDE PAULISTA;VARGEM GRANDE PAULISTA;8;906414;JARDIM SAO LUCAS;Haiti;4
ESTADUAL - SE;SAO VICENTE;ITANHAEM;ITANHAEM;8;11952;SILVIA JORGE POLLASTRINI PROFESSORA;Espanha;1
ESTADUAL - SE;SAO VICENTE;ITANHAEM;ITANHAEM;8;11952;SILVIA JORGE POLLASTRINI PROFESSORA;Japão;1
ESTADUAL - SE;SAO VICENTE;ITANHAEM;ITANHAEM;8;11952;SILVIA JORGE POLLASTRINI PROFESSORA;Nigéria;1
ESTADUAL - SE;SAO VICENTE;ITANHAEM;ITANHAEM;8;12002;BENEDITO CALIXTO;Bolívia;1
ESTADUAL - SE;SAO VICENTE;ITANHAEM;ITANHAEM;8;12026;DAGOBERTO NOGUEIRA DA FONSECA;Argentina;1
ESTADUAL - SE;SAO VICENTE;ITANHAEM;ITANHAEM;8;12026;DAGOBERTO NOGUEIRA DA FONSECA;Japão;1
ESTADUAL - SE;SAO VICENTE;ITANHAEM;ITANHAEM;8;12038;JON TEODORESCO PROFESSOR;Japão;1
ESTADUAL - SE;SAO VICENTE;ITANHAEM;ITANHAEM;8;907935;MILTON MARTINS POITENA;Japão;1
ESTADUAL - SE;SAO VICENTE;MONGAGUA;MONGAGUA;8;36110;AGENOR DE CAMPOS;Peru;1
ESTADUAL - SE;SAO VICENTE;PERUIBE;PERUIBE;8;38830;OTTONIEL JUNQUEIRA PROFESSOR;Bolívia;1
ESTADUAL - SE;SAO VICENTE;PERUIBE;PERUIBE;8;38830;OTTONIEL JUNQUEIRA PROFESSOR;Cuba;1
ESTADUAL - SE;SAO VICENTE;PERUIBE;PERUIBE;8;38830;OTTONIEL JUNQUEIRA PROFESSOR;Japão;1
ESTADUAL - SE;SAO VICENTE;PERUIBE;PERUIBE;8;42161;CARMEN MIRANDA;Japão;1
ESTADUAL - SE;SAO VICENTE;PERUIBE;PERUIBE;8;924301;PORTAL DA JUREIA;Bolívia;1
ESTADUAL - SE;SAO VICENTE;PERUIBE;PERUIBE;8;924301;PORTAL DA JUREIA;Espanha;1
ESTADUAL - SE;SAO VICENTE;PRAIA GRANDE;PRAIA GRANDE;6;435752;CEL JTO A EE REYNALDO KUNTZ BUSCH DOUTOR;Peru;1
ESTADUAL - SE;SAO VICENTE;PRAIA GRANDE;PRAIA GRANDE;8;12191;AUGUSTO PAES D AVILA REVERENDO;Japão;1
ESTADUAL - SE;SAO VICENTE;PRAIA GRANDE;PRAIA GRANDE;8;12233;MARIA PACHECO NOBRE PROFESSORA;Japão;1
ESTADUAL - SE;SAO VICENTE;PRAIA GRANDE;PRAIA GRANDE;8;37242;SYLVIA DE MELLO PROFESSORA;Japão;1
ESTADUAL - SE;SAO VICENTE;PRAIA GRANDE;PRAIA GRANDE;8;42195;BALNEARIO DAS PALMEIRAS;Japão;1
ESTADUAL - SE;SAO VICENTE;PRAIA GRANDE;PRAIA GRANDE;8;46097;OSWALDO LUIZ SANCHES TOSCHI;Venezuela;1
ESTADUAL - SE;SAO VICENTE;PRAIA GRANDE;PRAIA GRANDE;8;903097;RUBENS PAIVA DEPUTADO;Japão;2
ESTADUAL - SE;SAO VICENTE;PRAIA GRANDE;PRAIA GRANDE;8;903097;RUBENS PAIVA DEPUTADO;Venezuela;5
ESTADUAL - SE;SAO VICENTE;PRAIA GRANDE;PRAIA GRANDE;8;909836;VILA TUPI;Aruba;1
ESTADUAL - SE;SAO VICENTE;PRAIA GRANDE;PRAIA GRANDE;8;909836;VILA TUPI;Colômbia;1
ESTADUAL - SE;SAO VICENTE;PRAIA GRANDE;PRAIA GRANDE;8;909836;VILA TUPI;Equador;1
ESTADUAL - SE;SAO VICENTE;PRAIA GRANDE;PRAIA GRANDE;8;909836;VILA TUPI;Japão;2
ESTADUAL - SE;SAO VICENTE;SAO VICENTE;SAO VICENTE;6;985247;CEL JTO A EE MARTIM AFONSO;Japão;2
ESTADUAL - SE;SAO VICENTE;SAO VICENTE;SAO VICENTE;8;12129;MARIA THEREZA DA CUNHA PEDROSO PROFESSORA;Espanha;1
ESTADUAL - SE;SAO VICENTE;SAO VICENTE;SAO VICENTE;8;12212;MARTIM AFONSO;Angola;1
ESTADUAL - SE;SAO VICENTE;SAO VICENTE;SAO VICENTE;8;12212;MARTIM AFONSO;Japão;1
ESTADUAL - SE;SAO VICENTE;SAO VICENTE;SAO VICENTE;8;12212;MARTIM AFONSO;Líbano;1
ESTADUAL - SE;SAO VICENTE;SAO VICENTE;SAO VICENTE;8;12324;ARMANDO VICTORIO BEI;Japão;1
ESTADUAL - SE;SAO VICENTE;SAO VICENTE;SAO VICENTE;8;12348;LEOPOLDO JOSE DE SANT ANNA PROFESSOR;Angola;1
ESTADUAL - SE;SAO VICENTE;SAO VICENTE;SAO VICENTE;8;12348;LEOPOLDO JOSE DE SANT ANNA PROFESSOR;Argentina;1
ESTADUAL - SE;SAO VICENTE;SAO VICENTE;SAO VICENTE;8;12348;LEOPOLDO JOSE DE SANT ANNA PROFESSOR;Bolívia;1
ESTADUAL - SE;SAO VICENTE;SAO VICENTE;SAO VICENTE;8;905012;PAULO DE ARRUDA PENTEADO PROFESSOR;Venezuela;4
ESTADUAL - SE;SAO VICENTE;SAO VICENTE;SAO VICENTE;8;909865;JOSE DE ALMEIDA PINHEIRO JUNIOR PROFESSOR;Bolívia;1
ESTADUAL - SE;SAO VICENTE;SAO VICENTE;SAO VICENTE;8;923485;MARIO COVAS JUNIOR GOVERNADOR;Venezuela;2
ESTADUAL - SE;SERTAOZINHO;SERTAOZINHO;SERTAOZINHO;8;923023;NICIA FABIOLA ZANUTTO GIRALDI PROFESSORA;Japão;1
ESTADUAL - SE;SOROCABA;SOROCABA;SOROCABA;6;985284;CEL JTO A EE ANTONIO PADILHA;Colômbia;4
ESTADUAL - SE;SOROCABA;SOROCABA;SOROCABA;6;985284;CEL JTO A EE ANTONIO PADILHA;Haiti;4
ESTADUAL - SE;SOROCABA;SOROCABA;SOROCABA;6;985284;CEL JTO A EE ANTONIO PADILHA;Venezuela;1
ESTADUAL - SE;SOROCABA;SOROCABA;SOROCABA;8;16093;JOAQUIM IZIDORO MARINS PROFESSOR;Japão;1
ESTADUAL - SE;SOROCABA;SOROCABA;SOROCABA;8;16093;JOAQUIM IZIDORO MARINS PROFESSOR;Portugal;2
ESTADUAL - SE;SOROCABA;SOROCABA;SOROCABA;8;16093;JOAQUIM IZIDORO MARINS PROFESSOR;Venezuela;1
ESTADUAL - SE;SOROCABA;SOROCABA;SOROCABA;8;16100;JOSE ODIN DE ARRUDA PROFESSOR;Colômbia;1
ESTADUAL - SE;SOROCABA;SOROCABA;SOROCABA;8;16100;JOSE ODIN DE ARRUDA PROFESSOR;Haiti;1
ESTADUAL - SE;SOROCABA;SOROCABA;SOROCABA;8;16111;GENESIO MACHADO PROFESSOR;Japão;1
ESTADUAL - SE;SOROCABA;SOROCABA;SOROCABA;8;16111;GENESIO MACHADO PROFESSOR;México;1
ESTADUAL - SE;SOROCABA;SOROCABA;SOROCABA;8;16111;GENESIO MACHADO PROFESSOR;Venezuela;1
ESTADUAL - SE;SOROCABA;SOROCABA;SOROCABA;8;16159;VERGUEIRO SENADOR;Espanha;1
ESTADUAL - SE;SOROCABA;SOROCABA;SOROCABA;8;16159;VERGUEIRO SENADOR;Haiti;1
ESTADUAL - SE;SOROCABA;SOROCABA;SOROCABA;8;16159;VERGUEIRO SENADOR;Venezuela;3
ESTADUAL - SE;SOROCABA;SOROCABA;SOROCABA;8;16160;JULIO PRESTES DE ALBUQUERQUE DOUTOR;Haiti;1
ESTADUAL - SE;SOROCABA;SOROCABA;SOROCABA;8;16172;FRANCISCO CAMARGO CESAR;Haiti;2
ESTADUAL - SE;SOROCABA;SOROCABA;SOROCABA;8;16172;FRANCISCO CAMARGO CESAR;Venezuela;3
ESTADUAL - SE;SOROCABA;SOROCABA;SOROCABA;8;16196;ACCACIO DE VASCONCELLOS CAMARGO PROFESSOR;Japão;1
ESTADUAL - SE;SOROCABA;SOROCABA;SOROCABA;8;16202;FRANCISCO EUPHRASIO MONTEIRO;Haiti;3
ESTADUAL - SE;SOROCABA;SOROCABA;SOROCABA;8;16214;HUMBERTO DE CAMPOS;Espanha;1
ESTADUAL - SE;SOROCABA;SOROCABA;SOROCABA;8;16214;HUMBERTO DE CAMPOS;Haiti;72
ESTADUAL - SE;SOROCABA;SOROCABA;SOROCABA;8;16248;BRIGADEIRO TOBIAS;Colômbia;1
ESTADUAL - SE;SOROCABA;SOROCABA;SOROCABA;8;16248;BRIGADEIRO TOBIAS;Haiti;2
ESTADUAL - SE;SOROCABA;SOROCABA;SOROCABA;8;16251;ARTHUR CYRILLO FREIRE DOUTOR;Haiti;7
ESTADUAL - SE;SOROCABA;SOROCABA;SOROCABA;8;16263;JOSE QUEVEDO PROFESSOR;Haiti;1
ESTADUAL - SE;SOROCABA;SOROCABA;SOROCABA;8;16263;JOSE QUEVEDO PROFESSOR;Itália;1
ESTADUAL - SE;SOROCABA;SOROCABA;SOROCABA;8;16287;MONTEIRO LOBATO;Colômbia;1
ESTADUAL - SE;SOROCABA;SOROCABA;SOROCABA;8;16287;MONTEIRO LOBATO;Haiti;7
ESTADUAL - SE;SOROCABA;SOROCABA;SOROCABA;8;16287;MONTEIRO LOBATO;Paquistão;2
ESTADUAL - SE;SOROCABA;SOROCABA;SOROCABA;8;16287;MONTEIRO LOBATO;Venezuela;3
ESTADUAL - SE;SOROCABA;SOROCABA;SOROCABA;8;16299;AGGEO PEREIRA DO AMARAL PROFESSOR;Argentina;1
ESTADUAL - SE;SOROCABA;SOROCABA;SOROCABA;8;16299;AGGEO PEREIRA DO AMARAL PROFESSOR;Espanha;1
ESTADUAL - SE;SOROCABA;SOROCABA;SOROCABA;8;16299;AGGEO PEREIRA DO AMARAL PROFESSOR;Estados Unidos da América;1
ESTADUAL - SE;SOROCABA;SOROCABA;SOROCABA;8;16299;AGGEO PEREIRA DO AMARAL PROFESSOR;Haiti;2
ESTADUAL - SE;SOROCABA;SOROCABA;SOROCABA;8;16299;AGGEO PEREIRA DO AMARAL PROFESSOR;Japão;2
ESTADUAL - SE;SOROCABA;SOROCABA;SOROCABA;8;16299;AGGEO PEREIRA DO AMARAL PROFESSOR;Portugal;2
ESTADUAL - SE;SOROCABA;SOROCABA;SOROCABA;8;16305;JOSE REGINATO PROFESSOR;Japão;6
ESTADUAL - SE;SOROCABA;SOROCABA;SOROCABA;8;16305;JOSE REGINATO PROFESSOR;Peru;1
ESTADUAL - SE;SOROCABA;SOROCABA;SOROCABA;8;16305;JOSE REGINATO PROFESSOR;Portugal;1
ESTADUAL - SE;SOROCABA;SOROCABA;SOROCABA;8;16317;JULIO BIERRENBACH LIMA PROFESSOR;Angola;3
ESTADUAL - SE;SOROCABA;SOROCABA;SOROCABA;8;16317;JULIO BIERRENBACH LIMA PROFESSOR;Estados Unidos da América;1
ESTADUAL - SE;SOROCABA;SOROCABA;SOROCABA;8;16329;LAURO SANCHEZ PROFESSOR;Argentina;2
ESTADUAL - SE;SOROCABA;SOROCABA;SOROCABA;8;16329;LAURO SANCHEZ PROFESSOR;Venezuela;1
ESTADUAL - SE;SOROCABA;SOROCABA;SOROCABA;8;16330;LUIZ GONZAGA DE CAMARGO FLEURY PROFESSOR;Espanha;1
ESTADUAL - SE;SOROCABA;SOROCABA;SOROCABA;8;16330;LUIZ GONZAGA DE CAMARGO FLEURY PROFESSOR;Países Baixos (Holanda);1
ESTADUAL - SE;SOROCABA;SOROCABA;SOROCABA;8;16366;ESCOLASTICA ROSA DE ALMEIDA PROFESSORA;Portugal;1
ESTADUAL - SE;SOROCABA;SOROCABA;SOROCABA;8;16378;OSSIS SALVESTRINI MENDES PROFESSORA;Venezuela;4
ESTADUAL - SE;SOROCABA;SOROCABA;SOROCABA;8;16391;ANTONIO MIGUEL PEREIRA JUNIOR;Espanha;2
ESTADUAL - SE;SOROCABA;SOROCABA;SOROCABA;8;16391;ANTONIO MIGUEL PEREIRA JUNIOR;Haiti;1
ESTADUAL - SE;SOROCABA;SOROCABA;SOROCABA;8;16391;ANTONIO MIGUEL PEREIRA JUNIOR;Japão;1
ESTADUAL - SE;SOROCABA;SOROCABA;SOROCABA;8;16408;ARQUIMINIO MARQUES DA SILVA PROFESSOR;Argentina;1
ESTADUAL - SE;SOROCABA;SOROCABA;SOROCABA;8;16412;LUIZ NOGUEIRA MARTINS SENADOR;Colômbia;1
ESTADUAL - SE;SOROCABA;SOROCABA;SOROCABA;8;16421;FRANCISCO COCCARO PROFESSOR;Haiti;2
ESTADUAL - SE;SOROCABA;SOROCABA;SOROCABA;8;16433;ANTONIO PADILHA;Angola;1
ESTADUAL - SE;SOROCABA;SOROCABA;SOROCABA;8;16433;ANTONIO PADILHA;Colômbia;2
ESTADUAL - SE;SOROCABA;SOROCABA;SOROCABA;8;16433;ANTONIO PADILHA;Síria;2
ESTADUAL - SE;SOROCABA;SOROCABA;SOROCABA;8;36648;BALTAZAR FERNANDES;Japão;1
ESTADUAL - SE;SOROCABA;SOROCABA;SOROCABA;8;36648;BALTAZAR FERNANDES;Venezuela;3
ESTADUAL - SE;SOROCABA;SOROCABA;SOROCABA;8;36651;DIOGENES ALMEIDA MARINS PROFESSOR;Japão;1
ESTADUAL - SE;SOROCABA;SOROCABA;SOROCABA;8;36651;DIOGENES ALMEIDA MARINS PROFESSOR;Venezuela;3
ESTADUAL - SE;SOROCABA;SOROCABA;SOROCABA;8;38957;JORDINA AMARAL ARRUDA PROFESSORA;Colômbia;1
ESTADUAL - SE;SOROCABA;SOROCABA;SOROCABA;8;38957;JORDINA AMARAL ARRUDA PROFESSORA;Japão;2
ESTADUAL - SE;SOROCABA;SOROCABA;SOROCABA;8;39779;MARIA CANDIDA DE BARROS ARAUJO PROFESSORA;Venezuela;1
ESTADUAL - SE;SOROCABA;SOROCABA;SOROCABA;8;41658;GUMERCINDO GONCALVES;Bolívia;1
ESTADUAL - SE;SOROCABA;SOROCABA;SOROCABA;8;42419;ELZA SALVESTRO BONILHA PROFESSORA;Haiti;1
ESTADUAL - SE;SOROCABA;SOROCABA;SOROCABA;8;42444;MARINA GROHMANN SOARES FERNANDES PROFESSORA;Argentina;1
ESTADUAL - SE;SOROCABA;SOROCABA;SOROCABA;8;43497;ANTONIO CORDEIRO PROFESSOR;Haiti;6
ESTADUAL - SE;SOROCABA;SOROCABA;SOROCABA;8;46991;LAILA GALEP SACKER PROFESSORA;Haiti;3
ESTADUAL - SE;SOROCABA;SOROCABA;SOROCABA;8;46991;LAILA GALEP SACKER PROFESSORA;Venezuela;1
ESTADUAL - SE;SOROCABA;SOROCABA;SOROCABA;8;70282;HELIO DEL CISTIA;Colômbia;1
ESTADUAL - SE;SOROCABA;SOROCABA;SOROCABA;8;70282;HELIO DEL CISTIA;Venezuela;1
ESTADUAL - SE;SOROCABA;SOROCABA;SOROCABA;8;478912;ELZIDE CELESTINA SOUZA PACHECO TUNUCHI PROFA;Haiti;126
ESTADUAL - SE;SOROCABA;SOROCABA;SOROCABA;8;495104;FERNANDA DE CAMARGO PIRES PROFESSORA;Bolívia;1
ESTADUAL - SE;SOROCABA;SOROCABA;SOROCABA;8;495104;FERNANDA DE CAMARGO PIRES PROFESSORA;Portugal;1
ESTADUAL - SE;SOROCABA;SOROCABA;SOROCABA;8;560510;GERALDO DO ESPIRITO SANTO FOGACA DE ALMEIDA;Haiti;1
ESTADUAL - SE;SOROCABA;SOROCABA;SOROCABA;8;900369;GUIOMAR CAMOLESI SOUZA PROFESSORA;Japão;1
ESTADUAL - SE;SOROCABA;SOROCABA;SOROCABA;8;900370;JULIA RIOS ATHAYDE PROFESSORA;Haiti;1
ESTADUAL - SE;SOROCABA;SOROCABA;SOROCABA;8;900382;GUALBERTO MOREIRA DOUTOR;Estados Unidos da América;1
ESTADUAL - SE;SOROCABA;SOROCABA;SOROCABA;8;900382;GUALBERTO MOREIRA DOUTOR;Japão;1
ESTADUAL - SE;SOROCABA;SOROCABA;SOROCABA;8;900382;GUALBERTO MOREIRA DOUTOR;Portugal;1
ESTADUAL - SE;SOROCABA;SOROCABA;SOROCABA;8;900400;ANTONIA LUCCHESI PROFESSORA;Japão;1
ESTADUAL - SE;SOROCABA;SOROCABA;SOROCABA;8;903255;IDA YOLANDA LANZONI DE BARROS PROFESSORA;Venezuela;1
ESTADUAL - SE;SOROCABA;SOROCABA;SOROCABA;8;903267;ZELIA DULCE DE CAMPOS MAIA PROFESSORA;Japão;2
ESTADUAL - SE;SOROCABA;SOROCABA;SOROCABA;8;903267;ZELIA DULCE DE CAMPOS MAIA PROFESSORA;Venezuela;1
ESTADUAL - SE;SOROCABA;SOROCABA;SOROCABA;8;903279;FLAVIO GAGLIARDI PROFESSOR;Cuba;1
ESTADUAL - SE;SOROCABA;SOROCABA;SOROCABA;8;905297;JOAO RODRIGUES BUENO;Paraguai;1
ESTADUAL - SE;SOROCABA;SOROCABA;SOROCABA;8;905318;AMELIA CESAR MACHADO DE ARAUJO PROFESSORA;Haiti;1
ESTADUAL - SE;SOROCABA;SOROCABA;SOROCABA;8;905324;JOAO MACHADO DE ARAUJO DOUTOR;Dominicana, República;1
ESTADUAL - SE;SOROCABA;SOROCABA;SOROCABA;8;905324;JOAO MACHADO DE ARAUJO DOUTOR;Haiti;5
ESTADUAL - SE;SOROCABA;SOROCABA;SOROCABA;8;905324;JOAO MACHADO DE ARAUJO DOUTOR;Japão;3
ESTADUAL - SE;SOROCABA;SOROCABA;SOROCABA;8;914605;WILSON RAMOS BRANDAO PROFESSOR;Haiti;2
ESTADUAL - SE;SOROCABA;SOROCABA;SOROCABA;8;914617;OVIDIO ANTONIO DE SOUZA REVDO;Dominicana, República;1
ESTADUAL - SE;SOROCABA;SOROCABA;SOROCABA;8;914617;OVIDIO ANTONIO DE SOUZA REVDO;Haiti;3
ESTADUAL - SE;SOROCABA;SOROCABA;SOROCABA;8;918593;ANA CECILIA MARTINS PROFESSORA;África do Sul;1
ESTADUAL - SE;SOROCABA;SOROCABA;SOROCABA;8;918593;ANA CECILIA MARTINS PROFESSORA;Espanha;2
ESTADUAL - SE;SOROCABA;SOROCABA;SOROCABA;8;918593;ANA CECILIA MARTINS PROFESSORA;Haiti;2
ESTADUAL - SE;SOROCABA;SOROCABA;SOROCABA;8;918593;ANA CECILIA MARTINS PROFESSORA;Japão;2
ESTADUAL - SE;SOROCABA;SOROCABA;SOROCABA;8;918593;ANA CECILIA MARTINS PROFESSORA;Venezuela;2
ESTADUAL - SE;SOROCABA;SOROCABA;SOROCABA;8;919913;MARCO ANTONIO MENCACCI PROFESSOR;Chile;1
ESTADUAL - SE;SOROCABA;SOROCABA;SOROCABA;8;919925;DIONYSIO VIEIRA PROFESSOR;Colômbia;1
ESTADUAL - SE;SOROCABA;SOROCABA;SOROCABA;8;920228;RAFAEL ORSI FILHO PROFESSOR;Colômbia;1
ESTADUAL - SE;SOROCABA;SOROCABA;SOROCABA;8;920228;RAFAEL ORSI FILHO PROFESSOR;Espanha;1
ESTADUAL - SE;SOROCABA;SOROCABA;SOROCABA;8;920228;RAFAEL ORSI FILHO PROFESSOR;Haiti;3
ESTADUAL - SE;SOROCABA;SOROCABA;SOROCABA;8;920228;RAFAEL ORSI FILHO PROFESSOR;Japão;1
ESTADUAL - SE;SOROCABA;SOROCABA;SOROCABA;8;920236;ANTONIO VIEIRA CAMPOS;Haiti;8
ESTADUAL - SE;SOROCABA;SOROCABA;SOROCABA;8;922031;BEATHRIS CAIXEIRO DEL CISTIA PROFESSORA;Estados Unidos da América;1
ESTADUAL - SE;SOROCABA;SOROCABA;SOROCABA;8;922742;ROBERTO PASCHOALICK PROFESSOR;Haiti;1
ESTADUAL - SE;SOROCABA;SOROCABA;SOROCABA;8;924106;DULCE ESMERALDA BASILE FERREIRA PROFESSORA;Estados Unidos da América;1
ESTADUAL - SE;SOROCABA;SOROCABA;SOROCABA;8;924106;DULCE ESMERALDA BASILE FERREIRA PROFESSORA;Japão;1
ESTADUAL - SE;SOROCABA;SOROCABA;SOROCABA;8;924106;DULCE ESMERALDA BASILE FERREIRA PROFESSORA;Venezuela;3
ESTADUAL - SE;SUL 1;CAMPO GRANDE;SAO PAULO;8;5071;EUSEBIO DE PAULA MARCONDES PROFESSOR;Bolívia;1
ESTADUAL - SE;SUL 1;CAMPO GRANDE;SAO PAULO;8;5071;EUSEBIO DE PAULA MARCONDES PROFESSOR;Venezuela;3
ESTADUAL - SE;SUL 1;CAMPO GRANDE;SAO PAULO;8;5083;JOAQUIM ADOLFO ARAUJO PROFESSOR;Chile;1
ESTADUAL - SE;SUL 1;CAMPO GRANDE;SAO PAULO;8;39299;IBRAHIM NOBRE;Venezuela;1
ESTADUAL - SE;SUL 1;CAMPO LIMPO;SAO PAULO;8;4972;NIPO BRASILEIRA;Chile;1
ESTADUAL - SE;SUL 1;CAMPO LIMPO;SAO PAULO;8;4972;NIPO BRASILEIRA;Haiti;1
ESTADUAL - SE;SUL 1;CAMPO LIMPO;SAO PAULO;8;5095;HUGO LACORTE VITALE DEPUTADO;Japão;1
ESTADUAL - SE;SUL 1;CAMPO LIMPO;SAO PAULO;8;5204;KENNEDY PRESIDENTE;Bolívia;1
ESTADUAL - SE;SUL 1;CAMPO LIMPO;SAO PAULO;8;5204;KENNEDY PRESIDENTE;Haiti;3
ESTADUAL - SE;SUL 1;CAMPO LIMPO;SAO PAULO;8;37461;MESSIAS FREIRE PROFESSOR;Venezuela;3
ESTADUAL - SE;SUL 1;CAMPO LIMPO;SAO PAULO;8;40997;CLOVIS DE OLIVEIRA PROFESSOR DOUTOR;Haiti;2
ESTADUAL - SE;SUL 1;CAMPO LIMPO;SAO PAULO;8;40997;CLOVIS DE OLIVEIRA PROFESSOR DOUTOR;Venezuela;2
ESTADUAL - SE;SUL 1;CAMPO LIMPO;SAO PAULO;8;41750;DUGLAS TEIXEIRA MONTEIRO PROFESSOR;Haiti;1
ESTADUAL - SE;SUL 1;CAMPO LIMPO;SAO PAULO;8;41750;DUGLAS TEIXEIRA MONTEIRO PROFESSOR;Venezuela;9
ESTADUAL - SE;SUL 1;CAMPO LIMPO;SAO PAULO;8;269384;FERNANDO GASPARIAN;Haiti;2
ESTADUAL - SE;SUL 1;CAMPO LIMPO;SAO PAULO;8;902536;MOACYR DE CASTRO FERRAZ PROFESSOR;Congo, República Democrática do (antigo Zaire);1
ESTADUAL - SE;SUL 1;CAMPO LIMPO;SAO PAULO;8;906542;DIB AUDI;Bolívia;1
ESTADUAL - SE;SUL 1;CAMPO LIMPO;SAO PAULO;8;907637;MIGUEL MALUHY COMENDADOR;Haiti;4
ESTADUAL - SE;SUL 1;CIDADE ADEMAR;SAO PAULO;6;5029;CEL JTO A EE MEXICO;Japão;2
ESTADUAL - SE;SUL 1;CIDADE ADEMAR;SAO PAULO;8;4868;LEONOR QUADROS;Angola;1
ESTADUAL - SE;SUL 1;CIDADE ADEMAR;SAO PAULO;8;4868;LEONOR QUADROS;Japão;4
ESTADUAL - SE;SUL 1;CIDADE ADEMAR;SAO PAULO;8;4868;LEONOR QUADROS;Portugal;1
ESTADUAL - SE;SUL 1;CIDADE ADEMAR;SAO PAULO;8;4868;LEONOR QUADROS;Venezuela;1
ESTADUAL - SE;SUL 1;CIDADE ADEMAR;SAO PAULO;8;4900;JOANNA ABRAHAO PROFESSORA;Angola;1
ESTADUAL - SE;SUL 1;CIDADE ADEMAR;SAO PAULO;8;5022;JUVENTINA PATRICIA SANT ANA PROFESSORA;Bolívia;2
ESTADUAL - SE;SUL 1;CIDADE ADEMAR;SAO PAULO;8;5034;MARTINS PENA;Japão;1
ESTADUAL - SE;SUL 1;CIDADE ADEMAR;SAO PAULO;8;5113;MEXICO;Grécia;1
ESTADUAL - SE;SUL 1;CIDADE ADEMAR;SAO PAULO;8;5113;MEXICO;Japão;1
ESTADUAL - SE;SUL 1;CIDADE ADEMAR;SAO PAULO;8;5137;ZENAIDE LOPES DE OLIVEIRA GODOY PROFESSORA;Venezuela;3
ESTADUAL - SE;SUL 1;CIDADE ADEMAR;SAO PAULO;8;35646;ASSIS CHATEAUBRIAND;Venezuela;1
ESTADUAL - SE;SUL 1;CIDADE ADEMAR;SAO PAULO;8;37459;LUIZ SIMIONI SOBRINHO PROFESSOR;Bolívia;1
ESTADUAL - SE;SUL 1;CIDADE ADEMAR;SAO PAULO;8;37459;LUIZ SIMIONI SOBRINHO PROFESSOR;Peru;1
ESTADUAL - SE;SUL 1;CIDADE ADEMAR;SAO PAULO;8;38234;VICENTE RAO PROFESSOR;Haiti;1
ESTADUAL - SE;SUL 1;CIDADE ADEMAR;SAO PAULO;8;41014;GUIOMAR NOVAES;Haiti;3
ESTADUAL - SE;SUL 1;CIDADE ADEMAR;SAO PAULO;8;43771;JULIA DELLA CASA PAULA PROFESSORA;Bolívia;2
ESTADUAL - SE;SUL 1;CIDADE ADEMAR;SAO PAULO;8;44374;JOAO ERNESTO FAGGIN DOUTOR;Haiti;1
ESTADUAL - SE;SUL 1;CIDADE ADEMAR;SAO PAULO;8;901763;JOSE HERMENEGILDO LEONI PROFESSOR;Bolívia;1
ESTADUAL - SE;SUL 1;CIDADE ADEMAR;SAO PAULO;8;901763;JOSE HERMENEGILDO LEONI PROFESSOR;Peru;1
ESTADUAL - SE;SUL 1;CIDADE ADEMAR;SAO PAULO;8;901775;JOSE CAVALCANTI SILVA DESEMBARGADOR;Venezuela;1
ESTADUAL - SE;SUL 1;JABAQUARA;SAO PAULO;8;4534;REDUCINO DE OLIVEIRA LARA PROFESSOR;Bolívia;1
ESTADUAL - SE;SUL 1;JABAQUARA;SAO PAULO;8;4583;LAIS AMARAL VICENTE PROFESSORA;Venezuela;1
ESTADUAL - SE;SUL 1;JABAQUARA;SAO PAULO;8;4674;HELOISA CARNEIRO PROFESSORA;Itália;1
ESTADUAL - SE;SUL 1;JABAQUARA;SAO PAULO;8;4674;HELOISA CARNEIRO PROFESSORA;Portugal;1
ESTADUAL - SE;SUL 1;JABAQUARA;SAO PAULO;8;4704;CARLOS AUGUSTO DE FREITAS VILLALVA JUNIOR DOUTOR;Colômbia;2
ESTADUAL - SE;SUL 1;JABAQUARA;SAO PAULO;8;4704;CARLOS AUGUSTO DE FREITAS VILLALVA JUNIOR DOUTOR;Haiti;1
ESTADUAL - SE;SUL 1;JABAQUARA;SAO PAULO;8;4704;CARLOS AUGUSTO DE FREITAS VILLALVA JUNIOR DOUTOR;Japão;4
ESTADUAL - SE;SUL 1;JABAQUARA;SAO PAULO;8;4704;CARLOS AUGUSTO DE FREITAS VILLALVA JUNIOR DOUTOR;Portugal;1
ESTADUAL - SE;SUL 1;JABAQUARA;SAO PAULO;8;4736;JOAO AMOS COMENIUS;Estados Unidos da América;1
ESTADUAL - SE;SUL 1;JABAQUARA;SAO PAULO;8;4736;JOAO AMOS COMENIUS;Japão;1
ESTADUAL - SE;SUL 1;JABAQUARA;SAO PAULO;8;4753;NELSON FERNANDES DEPUTADO;Congo, República do;1
ESTADUAL - SE;SUL 1;JABAQUARA;SAO PAULO;8;4753;NELSON FERNANDES DEPUTADO;Haiti;1
ESTADUAL - SE;SUL 1;JABAQUARA;SAO PAULO;8;4753;NELSON FERNANDES DEPUTADO;Japão;2
ESTADUAL - SE;SUL 1;JABAQUARA;SAO PAULO;8;4753;NELSON FERNANDES DEPUTADO;Peru;1
ESTADUAL - SE;SUL 1;JABAQUARA;SAO PAULO;8;4807;DOMINGOS QUIRINO FERREIRA CORONEL;Coreia do Sul;1
ESTADUAL - SE;SUL 1;JABAQUARA;SAO PAULO;8;4807;DOMINGOS QUIRINO FERREIRA CORONEL;Reino Unido da Grã-Bretanha e Irlanda do Norte;1
ESTADUAL - SE;SUL 1;JABAQUARA;SAO PAULO;8;38180;ARTHUR WOLFF NETTO PROFESSOR;Bolívia;1
ESTADUAL - SE;SUL 1;JABAQUARA;SAO PAULO;8;38180;ARTHUR WOLFF NETTO PROFESSOR;Venezuela;1
ESTADUAL - SE;SUL 1;JABAQUARA;SAO PAULO;8;38209;MIGUEL ROQUE PROFESSOR;Haiti;1
ESTADUAL - SE;SUL 1;JABAQUARA;SAO PAULO;8;38209;MIGUEL ROQUE PROFESSOR;Japão;1
ESTADUAL - SE;SUL 1;PEDREIRA;SAO PAULO;8;4959;LUIZA MARCELINA BRANCA CHAIB;Haiti;1
ESTADUAL - SE;SUL 1;PEDREIRA;SAO PAULO;8;5150;MANUEL BORBA GATO;Bolívia;1
ESTADUAL - SE;SUL 1;PEDREIRA;SAO PAULO;8;36286;LAURO PEREIRA TRAVASSOS PROFESSOR DOUTOR;Uruguai;1
ESTADUAL - SE;SUL 1;PEDREIRA;SAO PAULO;8;41048;MANOEL TABACOW HIDAL PROFESSOR;Bolívia;2
ESTADUAL - SE;SUL 1;PEDREIRA;SAO PAULO;8;41048;MANOEL TABACOW HIDAL PROFESSOR;Colômbia;1
ESTADUAL - SE;SUL 1;PEDREIRA;SAO PAULO;8;437050;ROSA INES BORNIA MOREIRA PROFESSORA;Haiti;2
ESTADUAL - SE;SUL 1;PEDREIRA;SAO PAULO;8;566020;PROFESSOR WALTER LERNER;Portugal;1
ESTADUAL - SE;SUL 1;PEDREIRA;SAO PAULO;8;566020;PROFESSOR WALTER LERNER;Venezuela;1
ESTADUAL - SE;SUL 1;PEDREIRA;SAO PAULO;8;902500;FRANCISCO ALVES MOURAO PROFESSOR;Bolívia;1
ESTADUAL - SE;SUL 1;PEDREIRA;SAO PAULO;8;914824;PASQUALE FILIPPELLI PADRE;Venezuela;1
ESTADUAL - SE;SUL 1;SANTO AMARO;SAO PAULO;6;482341;CEL JTO A EE PLINIO NEGRAO;Bolívia;1
ESTADUAL - SE;SUL 1;SANTO AMARO;SAO PAULO;6;482341;CEL JTO A EE PLINIO NEGRAO;Japão;2
ESTADUAL - SE;SUL 1;SANTO AMARO;SAO PAULO;8;4984;MARIA PETRONILA LIMEIRA DOS MILAGRES MONTEIRO PROFESSORA;Colômbia;1
ESTADUAL - SE;SUL 1;SANTO AMARO;SAO PAULO;8;4984;MARIA PETRONILA LIMEIRA DOS MILAGRES MONTEIRO PROFESSORA;Portugal;1
ESTADUAL - SE;SUL 1;SANTO AMARO;SAO PAULO;8;5125;PAULO EIRO;Peru;1
ESTADUAL - SE;SUL 1;SANTO AMARO;SAO PAULO;8;5125;PAULO EIRO;Venezuela;1
ESTADUAL - SE;SUL 1;SANTO AMARO;SAO PAULO;8;5162;ALBERTO CONTE PROFESSOR;Angola;2
ESTADUAL - SE;SUL 1;SANTO AMARO;SAO PAULO;8;5174;LUIS ARROBAS MARTINS DOUTOR;Venezuela;2
ESTADUAL - SE;SUL 1;SANTO AMARO;SAO PAULO;8;5198;PLINIO NEGRAO;Haiti;2
ESTADUAL - SE;SUL 1;SANTO AMARO;SAO PAULO;8;5198;PLINIO NEGRAO;Peru;1
ESTADUAL - SE;SUL 1;SANTO AMARO;SAO PAULO;8;5198;PLINIO NEGRAO;Venezuela;1
ESTADUAL - SE;SUL 1;VILA ANDRADE;SAO PAULO;8;4947;NEYDE APPARECIDA SOLLITTO PROFESSORA;Haiti;5
ESTADUAL - SE;SUL 1;VILA ANDRADE;SAO PAULO;8;37606;HOMERO DOS SANTOS FORTE PROFESSOR;Haiti;1
ESTADUAL - SE;SUL 1;VILA ANDRADE;SAO PAULO;8;37606;HOMERO DOS SANTOS FORTE PROFESSOR;Peru;2
ESTADUAL - SE;SUL 1;VILA ANDRADE;SAO PAULO;8;46334;LUIS GONZAGA TRAVASSOS DA ROSA;Colômbia;1
ESTADUAL - SE;SUL 1;VILA ANDRADE;SAO PAULO;8;904338;MARY MORAES;Haiti;1
ESTADUAL - SE;SUL 1;VILA ANDRADE;SAO PAULO;8;906530;ETELVINA DE GOES MARCUCCI PROFESSORA;Haiti;2
ESTADUAL - SE;SUL 1;VILA ANDRADE;SAO PAULO;8;925469;MARIA ZILDA GAMBA NATEL;Peru;3
ESTADUAL - SE;SUL 2;CAPAO REDONDO;SAO PAULO;6;985156;CEL JTO A EE LEOPOLDO SANTANA PROFESSOR;Bolívia;5
ESTADUAL - SE;SUL 2;CAPAO REDONDO;SAO PAULO;8;5009;BEATRIZ DE QUADROS LEME PROFESSORA;Bolívia;1
ESTADUAL - SE;SUL 2;CAPAO REDONDO;SAO PAULO;8;37624;CAFE FILHO PRESIDENTE;Bolívia;1
ESTADUAL - SE;SUL 2;CAPAO REDONDO;SAO PAULO;8;38222;JOSE JOAQUIM CARDOSO DE MELLO NETO PROFESSOR;Haiti;1
ESTADUAL - SE;SUL 2;CAPAO REDONDO;SAO PAULO;8;41002;RONALDO GARIBALDI PERETTI PROFESSOR;Bolívia;1
ESTADUAL - SE;SUL 2;CAPAO REDONDO;SAO PAULO;8;41002;RONALDO GARIBALDI PERETTI PROFESSOR;Haiti;1
ESTADUAL - SE;SUL 2;CAPAO REDONDO;SAO PAULO;8;41026;JOITI HIRATA;Bolívia;2
ESTADUAL - SE;SUL 2;CAPAO REDONDO;SAO PAULO;8;41051;CAROLINA CINTRA DA SILVEIRA PROFESSORA;Venezuela;1
ESTADUAL - SE;SUL 2;CAPAO REDONDO;SAO PAULO;8;48720;ARISTON DE OLIVEIRA PROFESSOR TENENTE;Bolívia;2
ESTADUAL - SE;SUL 2;CAPAO REDONDO;SAO PAULO;8;48720;ARISTON DE OLIVEIRA PROFESSOR TENENTE;Congo, República Democrática do (antigo Zaire);2
ESTADUAL - SE;SUL 2;CAPAO REDONDO;SAO PAULO;8;48720;ARISTON DE OLIVEIRA PROFESSOR TENENTE;Congo, República do;1
ESTADUAL - SE;SUL 2;CAPAO REDONDO;SAO PAULO;8;461313;BERNADETE APARECIDA PEREIRA GODOI PROFA;Bolívia;1
ESTADUAL - SE;SUL 2;CAPAO REDONDO;SAO PAULO;8;461313;BERNADETE APARECIDA PEREIRA GODOI PROFA;Portugal;1
ESTADUAL - SE;SUL 2;CAPAO REDONDO;SAO PAULO;8;461325;JARDIM IPE;Bolívia;1
ESTADUAL - SE;SUL 2;CAPAO REDONDO;SAO PAULO;8;461325;JARDIM IPE;Dominicana, República;1
ESTADUAL - SE;SUL 2;CAPAO REDONDO;SAO PAULO;8;902512;MIGUEL MUNHOZ FILHO;Colômbia;1
ESTADUAL - SE;SUL 2;CAPAO REDONDO;SAO PAULO;8;902512;MIGUEL MUNHOZ FILHO;Filipinas;2
ESTADUAL - SE;SUL 2;CAPAO REDONDO;SAO PAULO;8;902512;MIGUEL MUNHOZ FILHO;Venezuela;1
ESTADUAL - SE;SUL 2;CAPAO REDONDO;SAO PAULO;8;902524;CESAR YASIGI PROFESSOR;Venezuela;1
ESTADUAL - SE;SUL 2;CAPAO REDONDO;SAO PAULO;8;902780;MARIA JANNUZZI MASCARI PROFESSORA;Bolívia;1
ESTADUAL - SE;SUL 2;CAPAO REDONDO;SAO PAULO;8;906554;SANTA ROSA DE LIMA;Haiti;1
ESTADUAL - SE;SUL 2;CAPAO REDONDO;SAO PAULO;8;908952;MANOEL DA SILVEIRA PORTO FILHO REVERENDO PROFESSOR;Venezuela;3
ESTADUAL - SE;SUL 2;CAPAO REDONDO;SAO PAULO;8;923552;ZENAIDE AVELINO MAIA PROFESSORA;Venezuela;4
ESTADUAL - SE;SUL 2;CAPAO REDONDO;SAO PAULO;8;924696;JARDIM IRENE III;Venezuela;1
ESTADUAL - SE;SUL 2;CAPAO REDONDO;SAO PAULO;8;925238;JARDIM SAO BENTO III;Honduras;1
ESTADUAL - SE;SUL 2;CAPAO REDONDO;SAO PAULO;8;925524;WALDIR RODOLPHO DE CASTRO;Bolívia;1
ESTADUAL - SE;SUL 2;CAPAO REDONDO;SAO PAULO;8;925524;WALDIR RODOLPHO DE CASTRO;Japão;1
ESTADUAL - SE;SUL 2;JARDIM ANGELA;SAO PAULO;8;5236;MARIA PECCIOLI GIANNASI PROFESSORA;Dominicana, República;1
ESTADUAL - SE;SUL 2;JARDIM ANGELA;SAO PAULO;8;36274;EULALIA SILVA PROFESSORA;Haiti;4
ESTADUAL - SE;SUL 2;JARDIM ANGELA;SAO PAULO;8;36274;EULALIA SILVA PROFESSORA;Portugal;1
ESTADUAL - SE;SUL 2;JARDIM ANGELA;SAO PAULO;8;36705;HONORIO MONTEIRO DOUTOR;Haiti;1
ESTADUAL - SE;SUL 2;JARDIM ANGELA;SAO PAULO;8;36717;FRANCISCO DE PAULA VICENTE DE AZEVEDO;Haiti;5
ESTADUAL - SE;SUL 2;JARDIM ANGELA;SAO PAULO;8;37400;OSWALD DE ANDRADE;Reino Unido da Grã-Bretanha e Irlanda do Norte;1
ESTADUAL - SE;SUL 2;JARDIM ANGELA;SAO PAULO;8;38295;JOSE LINS DO REGO;Haiti;1
ESTADUAL - SE;SUL 2;JARDIM ANGELA;SAO PAULO;8;41063;LUIS MAGALHAES DE ARAUJO PROFESSOR;Åland, Ilhas;2
ESTADUAL - SE;SUL 2;JARDIM ANGELA;SAO PAULO;8;41786;JOSEPHINA CINTRA DAMIAO PROFESSORA;Peru;2
ESTADUAL - SE;SUL 2;JARDIM ANGELA;SAO PAULO;8;43953;HERCULANO DE FREITAS PROFESSOR;Japão;1
ESTADUAL - SE;SUL 2;JARDIM ANGELA;SAO PAULO;8;48719;CICERO CANUTO DE LIMA PASTOR;Angola;1
ESTADUAL - SE;SUL 2;JARDIM ANGELA;SAO PAULO;8;48719;CICERO CANUTO DE LIMA PASTOR;Haiti;4
ESTADUAL - SE;SUL 2;JARDIM ANGELA;SAO PAULO;8;48719;CICERO CANUTO DE LIMA PASTOR;Kiribati;1
ESTADUAL - SE;SUL 2;JARDIM ANGELA;SAO PAULO;8;48719;CICERO CANUTO DE LIMA PASTOR;Venezuela;3
ESTADUAL - SE;SUL 2;JARDIM ANGELA;SAO PAULO;8;438042;NAIR OLEGARIO CAJUEIRO;Dominicana, República;2
ESTADUAL - SE;SUL 2;JARDIM ANGELA;SAO PAULO;8;461301;CHACARA SANTA MARIA;Haiti;1
ESTADUAL - SE;SUL 2;JARDIM ANGELA;SAO PAULO;8;901751;JOSE PORPHYRIO DA PAZ;Haiti;1
ESTADUAL - SE;SUL 2;JARDIM ANGELA;SAO PAULO;8;901751;JOSE PORPHYRIO DA PAZ;Peru;2
ESTADUAL - SE;SUL 2;JARDIM ANGELA;SAO PAULO;8;902263;MARGARIDA MARIA ALVES;Japão;1
ESTADUAL - SE;SUL 2;JARDIM ANGELA;SAO PAULO;8;904348;MARTINHO DA SILVA;Paraguai;1
ESTADUAL - SE;SUL 2;JARDIM ANGELA;SAO PAULO;8;924714;JOAO CARLOS MARTINS MAESTRO;Haiti;1
ESTADUAL - SE;SUL 2;JARDIM ANGELA;SAO PAULO;8;925949;DOM AGNELO CARDEAL ROSSI;Haiti;1
ESTADUAL - SE;SUL 2;JARDIM SAO LUIS;SAO PAULO;8;4911;RENATO BRAGA PROFESSOR;Bolívia;1
ESTADUAL - SE;SUL 2;JARDIM SAO LUIS;SAO PAULO;8;5061;ZULMIRA CAVALHEIRO FAUSTINO DONA;Bolívia;2
ESTADUAL - SE;SUL 2;JARDIM SAO LUIS;SAO PAULO;8;5061;ZULMIRA CAVALHEIRO FAUSTINO DONA;Haiti;8
ESTADUAL - SE;SUL 2;JARDIM SAO LUIS;SAO PAULO;8;5061;ZULMIRA CAVALHEIRO FAUSTINO DONA;Venezuela;1
ESTADUAL - SE;SUL 2;JARDIM SAO LUIS;SAO PAULO;8;5186;LUIZ GONZAGA PINTO E SILVA PROFESSOR;Bolívia;1
ESTADUAL - SE;SUL 2;JARDIM SAO LUIS;SAO PAULO;8;5186;LUIZ GONZAGA PINTO E SILVA PROFESSOR;Chile;1
ESTADUAL - SE;SUL 2;JARDIM SAO LUIS;SAO PAULO;8;5186;LUIZ GONZAGA PINTO E SILVA PROFESSOR;Haiti;1
ESTADUAL - SE;SUL 2;JARDIM SAO LUIS;SAO PAULO;8;5186;LUIZ GONZAGA PINTO E SILVA PROFESSOR;Venezuela;2
ESTADUAL - SE;SUL 2;JARDIM SAO LUIS;SAO PAULO;8;5241;PAULO OCTAVIO DE AZEVEDO PROFESSOR;Bolívia;1
ESTADUAL - SE;SUL 2;JARDIM SAO LUIS;SAO PAULO;8;5253;JOAO DE DEUS CARDOSO DE MELLO;Haiti;1
ESTADUAL - SE;SUL 2;JARDIM SAO LUIS;SAO PAULO;8;5435;VICENTE LEPORACE;Estados Unidos da América;1
ESTADUAL - SE;SUL 2;JARDIM SAO LUIS;SAO PAULO;8;5435;VICENTE LEPORACE;Haiti;2
ESTADUAL - SE;SUL 2;JARDIM SAO LUIS;SAO PAULO;8;38246;EURICO GASPAR DUTRA MARECHAL;Haiti;3
ESTADUAL - SE;SUL 2;JARDIM SAO LUIS;SAO PAULO;8;38246;EURICO GASPAR DUTRA MARECHAL;Portugal;1
ESTADUAL - SE;SUL 2;JARDIM SAO LUIS;SAO PAULO;8;39408;ELYO FERREIRA DE CASTRO PROFESSOR;Bolívia;1
ESTADUAL - SE;SUL 2;JARDIM SAO LUIS;SAO PAULO;8;41038;ANTONIO MANOEL ALVES DE LIMA;Angola;2
ESTADUAL - SE;SUL 2;JARDIM SAO LUIS;SAO PAULO;8;41038;ANTONIO MANOEL ALVES DE LIMA;Venezuela;1
ESTADUAL - SE;SUL 2;JARDIM SAO LUIS;SAO PAULO;8;41749;ALBERTO BADRA DOUTOR;Haiti;2
ESTADUAL - SE;SUL 2;JARDIM SAO LUIS;SAO PAULO;8;44398;ANTONIO BERNARDES DE OLIVEIRA PROFESSOR;Venezuela;1
ESTADUAL - SE;SUL 2;JARDIM SAO LUIS;SAO PAULO;8;46346;ARNALDO LAURINDO PROFESSOR;Bolívia;1
ESTADUAL - SE;SUL 2;JARDIM SAO LUIS;SAO PAULO;8;46346;ARNALDO LAURINDO PROFESSOR;Espanha;1
ESTADUAL - SE;SUL 2;JARDIM SAO LUIS;SAO PAULO;8;46346;ARNALDO LAURINDO PROFESSOR;Venezuela;1
ESTADUAL - SE;SUL 2;JARDIM SAO LUIS;SAO PAULO;8;121484;WANDER TAFFO MUSICO;Venezuela;1
ESTADUAL - SE;SUL 2;JARDIM SAO LUIS;SAO PAULO;8;191917;MARILSA GARBOSSA FRANCISCO PROFESSORA;Venezuela;9
ESTADUAL - SE;SUL 2;JARDIM SAO LUIS;SAO PAULO;8;297501;REPUBLICA DO PANAMA;Colômbia;2
ESTADUAL - SE;SUL 2;JARDIM SAO LUIS;SAO PAULO;8;297501;REPUBLICA DO PANAMA;Congo, República Democrática do (antigo Zaire);1
ESTADUAL - SE;SUL 2;JARDIM SAO LUIS;SAO PAULO;8;297501;REPUBLICA DO PANAMA;Haiti;1
ESTADUAL - SE;SUL 2;JARDIM SAO LUIS;SAO PAULO;8;297501;REPUBLICA DO PANAMA;Peru;1
ESTADUAL - SE;SUL 2;JARDIM SAO LUIS;SAO PAULO;8;461295;RAIMUNDO SERAFIM DE LIMA INSPETOR;Venezuela;1
ESTADUAL - SE;SUL 2;JARDIM SAO LUIS;SAO PAULO;8;902305;EUGENIO MARIZ DE OLIVEIRA NETTO;Venezuela;4
ESTADUAL - SE;SUL 2;JARDIM SAO LUIS;SAO PAULO;8;914745;NORBERTO ALVES RODRIGUES PROFESSOR;Venezuela;1
ESTADUAL - SE;SUL 2;JARDIM SAO LUIS;SAO PAULO;8;915725;JACQUES ORLANDO CAMINHA D AVILA REVERENDO;Venezuela;3
ESTADUAL - SE;SUL 2;JARDIM SAO LUIS;SAO PAULO;8;923473;CARAN APPARECIDO GONCALVES PROFESSOR;Japão;1
ESTADUAL - SE;SUL 2;JARDIM SAO LUIS;SAO PAULO;8;923473;CARAN APPARECIDO GONCALVES PROFESSOR;Venezuela;3
ESTADUAL - SE;SUL 2;JARDIM SAO LUIS;SAO PAULO;8;923564;HEIDI ALVES LAZZARINI;Venezuela;1
ESTADUAL - SE;SUL 2;JARDIM SAO LUIS;SAO PAULO;8;924702;SOLANGE APPARECIDA LANDEIRO AGUIAR PROFESSORA;Angola;3
ESTADUAL - SE;SUL 2;JARDIM SAO LUIS;SAO PAULO;8;924702;SOLANGE APPARECIDA LANDEIRO AGUIAR PROFESSORA;Haiti;1
ESTADUAL - SE;SUL 2;JARDIM SAO LUIS;SAO PAULO;8;924702;SOLANGE APPARECIDA LANDEIRO AGUIAR PROFESSORA;Venezuela;2
ESTADUAL - SE;SUL 2;JARDIM SAO LUIS;SAO PAULO;8;925408;CLORINDA TRITTO GIANGIACOMO PROFESSORA;Venezuela;3
ESTADUAL - SE;SUL 3;CIDADE DUTRA;SAO PAULO;6;29828;CEL JTO A EE LAERTE RAMOS PROF DR;Venezuela;2
ESTADUAL - SE;SUL 3;CIDADE DUTRA;SAO PAULO;6;458399;CEL JTO A EE ALBERTO SALOTTI PROF;Bolívia;2
ESTADUAL - SE;SUL 3;CIDADE DUTRA;SAO PAULO;6;458399;CEL JTO A EE ALBERTO SALOTTI PROF;Venezuela;2
ESTADUAL - SE;SUL 3;CIDADE DUTRA;SAO PAULO;8;5277;BEATRIZ LOPES PROFA;Arménia;1
ESTADUAL - SE;SUL 3;CIDADE DUTRA;SAO PAULO;8;5277;BEATRIZ LOPES PROFA;Cuba;3
ESTADUAL - SE;SUL 3;CIDADE DUTRA;SAO PAULO;8;5277;BEATRIZ LOPES PROFA;Marrocos;2
ESTADUAL - SE;SUL 3;CIDADE DUTRA;SAO PAULO;8;5289;ALBERTO SALOTTI PROF EE;África do Sul;1
ESTADUAL - SE;SUL 3;CIDADE DUTRA;SAO PAULO;8;5289;ALBERTO SALOTTI PROF EE;Bolívia;4
ESTADUAL - SE;SUL 3;CIDADE DUTRA;SAO PAULO;8;5289;ALBERTO SALOTTI PROF EE;Palestina;1
ESTADUAL - SE;SUL 3;CIDADE DUTRA;SAO PAULO;8;5289;ALBERTO SALOTTI PROF EE;Venezuela;3
ESTADUAL - SE;SUL 3;CIDADE DUTRA;SAO PAULO;8;5368;JOSE VIEIRA DE MORAES PROF;Cuba;1
ESTADUAL - SE;SUL 3;CIDADE DUTRA;SAO PAULO;8;5381;ADOLFO CASAIS MONTEIRO PROF;Bolívia;1
ESTADUAL - SE;SUL 3;CIDADE DUTRA;SAO PAULO;8;5381;ADOLFO CASAIS MONTEIRO PROF;Venezuela;9
ESTADUAL - SE;SUL 3;CIDADE DUTRA;SAO PAULO;8;5447;MARIA AMELIA BRAZ PROFA;Venezuela;1
ESTADUAL - SE;SUL 3;CIDADE DUTRA;SAO PAULO;8;5460;JERONYMO MONTEIRO;Venezuela;1
ESTADUAL - SE;SUL 3;CIDADE DUTRA;SAO PAULO;8;35661;PERILLIER MADEMOISELLE;Venezuela;2
ESTADUAL - SE;SUL 3;CIDADE DUTRA;SAO PAULO;8;36742;GIULIO DAVID LEONE PROF;Haiti;2
ESTADUAL - SE;SUL 3;CIDADE DUTRA;SAO PAULO;8;36742;GIULIO DAVID LEONE PROF;Síria;2
ESTADUAL - SE;SUL 3;CIDADE DUTRA;SAO PAULO;8;36742;GIULIO DAVID LEONE PROF;Venezuela;1
ESTADUAL - SE;SUL 3;CIDADE DUTRA;SAO PAULO;8;37394;FRANCISCO JOAO DE AZEVEDO PADRE;Moçambique;1
ESTADUAL - SE;SUL 3;CIDADE DUTRA;SAO PAULO;8;37448;LAERTE RAMOS DE CARVALHO PROF DR;Venezuela;1
ESTADUAL - SE;SUL 3;CIDADE DUTRA;SAO PAULO;8;41609;SANTO DIAS DA SILVA;Bolívia;1
ESTADUAL - SE;SUL 3;CIDADE DUTRA;SAO PAULO;8;41609;SANTO DIAS DA SILVA;Venezuela;2
ESTADUAL - SE;SUL 3;CIDADE DUTRA;SAO PAULO;8;48732;HOMERO VAZ DO AMARAL;Palestina;4
ESTADUAL - SE;SUL 3;CIDADE DUTRA;SAO PAULO;8;48732;HOMERO VAZ DO AMARAL;Venezuela;1
ESTADUAL - SE;SUL 3;CIDADE DUTRA;SAO PAULO;8;906585;JAYR DE ANDRADE PROFESSOR;Bolívia;1
ESTADUAL - SE;SUL 3;CIDADE DUTRA;SAO PAULO;8;908848;JOSE DUARTE JUNIOR PROFESSOR;Bolívia;1
ESTADUAL - SE;SUL 3;CIDADE DUTRA;SAO PAULO;8;908848;JOSE DUARTE JUNIOR PROFESSOR;Venezuela;12
ESTADUAL - SE;SUL 3;CIDADE DUTRA;SAO PAULO;8;909212;ALEXANDRE ANSALDO MOZZILLI PROFESSOR;Bolívia;1
ESTADUAL - SE;SUL 3;CIDADE DUTRA;SAO PAULO;8;909212;ALEXANDRE ANSALDO MOZZILLI PROFESSOR;Venezuela;11
ESTADUAL - SE;SUL 3;CIDADE DUTRA;SAO PAULO;8;923461;HEITOR VILLA LOBOS MAESTRO;Bolívia;1
ESTADUAL - SE;SUL 3;CIDADE DUTRA;SAO PAULO;8;923679;CLARICE SEIKO IKEDA CHAGAS;Venezuela;2
ESTADUAL - SE;SUL 3;GRAJAU;SAO PAULO;6;458351;CEL JTO A EE ESTHER GARCIA PROFA;Haiti;2
ESTADUAL - SE;SUL 3;GRAJAU;SAO PAULO;8;5290;LEVI CARNEIRO;Guiné-Bissau;3
ESTADUAL - SE;SUL 3;GRAJAU;SAO PAULO;8;5423;CLARINA AMARAL GURGEL PROFA;Venezuela;6
ESTADUAL - SE;SUL 3;GRAJAU;SAO PAULO;8;36262;FRANCISCO ROSWELL FREIRE;Haiti;2
ESTADUAL - SE;SUL 3;GRAJAU;SAO PAULO;8;36729;CARLOS DE MORAES ANDRADE PROF;Bolívia;1
ESTADUAL - SE;SUL 3;GRAJAU;SAO PAULO;8;36729;CARLOS DE MORAES ANDRADE PROF;Haiti;1
ESTADUAL - SE;SUL 3;GRAJAU;SAO PAULO;8;36729;CARLOS DE MORAES ANDRADE PROF;Venezuela;4
ESTADUAL - SE;SUL 3;GRAJAU;SAO PAULO;8;36730;CARLOS AYRES PROF;Bolívia;3
ESTADUAL - SE;SUL 3;GRAJAU;SAO PAULO;8;36730;CARLOS AYRES PROF;Haiti;4
ESTADUAL - SE;SUL 3;GRAJAU;SAO PAULO;8;36730;CARLOS AYRES PROF;Venezuela;3
ESTADUAL - SE;SUL 3;GRAJAU;SAO PAULO;8;37412;VICENTE DE PAULO DALE COUTINHO GAL EXE;Bolívia;1
ESTADUAL - SE;SUL 3;GRAJAU;SAO PAULO;8;37412;VICENTE DE PAULO DALE COUTINHO GAL EXE;Venezuela;1
ESTADUAL - SE;SUL 3;GRAJAU;SAO PAULO;8;38261;ADRIAO BERNARDES PROF;Suíça;1
ESTADUAL - SE;SUL 3;GRAJAU;SAO PAULO;8;38301;MARIA LUIZA DE ANDRADE MARTINS ROQUE PROFA;Angola;1
ESTADUAL - SE;SUL 3;GRAJAU;SAO PAULO;8;38301;MARIA LUIZA DE ANDRADE MARTINS ROQUE PROFA;Bolívia;1
ESTADUAL - SE;SUL 3;GRAJAU;SAO PAULO;8;38301;MARIA LUIZA DE ANDRADE MARTINS ROQUE PROFA;Venezuela;4
ESTADUAL - SE;SUL 3;GRAJAU;SAO PAULO;8;39159;ROBERTO MANGE;Bolívia;1
ESTADUAL - SE;SUL 3;GRAJAU;SAO PAULO;8;39159;ROBERTO MANGE;Venezuela;1
ESTADUAL - SE;SUL 3;GRAJAU;SAO PAULO;8;41762;MARIA JUVENAL HOMEM DE MELLO PROFA;Bolívia;1
ESTADUAL - SE;SUL 3;GRAJAU;SAO PAULO;8;41804;SAMUEL WAINER;Argentina;1
ESTADUAL - SE;SUL 3;GRAJAU;SAO PAULO;8;41804;SAMUEL WAINER;Bolívia;6
ESTADUAL - SE;SUL 3;GRAJAU;SAO PAULO;8;41804;SAMUEL WAINER;Haiti;1
ESTADUAL - SE;SUL 3;GRAJAU;SAO PAULO;8;43941;JACOB THOMAZ ITAPURA DE MIRANDA PROF;Guiné-Conacri;1
ESTADUAL - SE;SUL 3;GRAJAU;SAO PAULO;8;43941;JACOB THOMAZ ITAPURA DE MIRANDA PROF;Venezuela;2
ESTADUAL - SE;SUL 3;GRAJAU;SAO PAULO;8;44416;SAVERIO FITTIPALDI;Guiné-Conacri;1
ESTADUAL - SE;SUL 3;GRAJAU;SAO PAULO;8;44441;EURIPEDES SIMOES DE PAULA PROF;Martinica;1
ESTADUAL - SE;SUL 3;GRAJAU;SAO PAULO;8;46361;ESTHER GARCIA PROFA EE;Bolívia;3
ESTADUAL - SE;SUL 3;GRAJAU;SAO PAULO;8;50398;ANA MARIA BENTO PROFESSORA;Venezuela;2
ESTADUAL - SE;SUL 3;GRAJAU;SAO PAULO;8;415443;JOSE EPHIM MINDLIN;Haiti;2
ESTADUAL - SE;SUL 3;GRAJAU;SAO PAULO;8;415443;JOSE EPHIM MINDLIN;Peru;1
ESTADUAL - SE;SUL 3;GRAJAU;SAO PAULO;8;415443;JOSE EPHIM MINDLIN;Venezuela;1
ESTADUAL - SE;SUL 3;GRAJAU;SAO PAULO;8;472505;ILDA VIEIRA VILELA;Bolívia;2
ESTADUAL - SE;SUL 3;GRAJAU;SAO PAULO;8;472505;ILDA VIEIRA VILELA;Haiti;2
ESTADUAL - SE;SUL 3;GRAJAU;SAO PAULO;8;902287;IRMA CHARLITA;Bolívia;3
ESTADUAL - SE;SUL 3;GRAJAU;SAO PAULO;8;902287;IRMA CHARLITA;Japão;1
ESTADUAL - SE;SUL 3;GRAJAU;SAO PAULO;8;902299;JOAO GOULART PRESIDENTE;Nigéria;1
ESTADUAL - SE;SUL 3;GRAJAU;SAO PAULO;8;902299;JOAO GOULART PRESIDENTE;Venezuela;1
ESTADUAL - SE;SUL 3;GRAJAU;SAO PAULO;8;902895;ITIRO MUTO;Japão;1
ESTADUAL - SE;SUL 3;GRAJAU;SAO PAULO;8;902895;ITIRO MUTO;Venezuela;15
ESTADUAL - SE;SUL 3;GRAJAU;SAO PAULO;8;902913;CHRISTIANO ALTENFELDER SILVA DOUTOR;Espanha;1
ESTADUAL - SE;SUL 3;GRAJAU;SAO PAULO;8;902913;CHRISTIANO ALTENFELDER SILVA DOUTOR;Haiti;1
ESTADUAL - SE;SUL 3;GRAJAU;SAO PAULO;8;902913;CHRISTIANO ALTENFELDER SILVA DOUTOR;Portugal;1
ESTADUAL - SE;SUL 3;GRAJAU;SAO PAULO;8;904594;WASHINGTON ALVES NATEL;Bolívia;1
ESTADUAL - SE;SUL 3;GRAJAU;SAO PAULO;8;904594;WASHINGTON ALVES NATEL;Haiti;1
ESTADUAL - SE;SUL 3;GRAJAU;SAO PAULO;8;907194;AFRANIO DE OLIVEIRA;Bolívia;3
ESTADUAL - SE;SUL 3;GRAJAU;SAO PAULO;8;909208;NAIR TOLEDO DAMIAO PROFESSORA;Peru;1
ESTADUAL - SE;SUL 3;GRAJAU;SAO PAULO;8;909208;NAIR TOLEDO DAMIAO PROFESSORA;Venezuela;1
ESTADUAL - SE;SUL 3;GRAJAU;SAO PAULO;8;914836;RENE MUAWAD PRESIDENTE;África do Sul;1
ESTADUAL - SE;SUL 3;GRAJAU;SAO PAULO;8;914836;RENE MUAWAD PRESIDENTE;Bolívia;2
ESTADUAL - SE;SUL 3;GRAJAU;SAO PAULO;8;917394;ANIZ BADRA DOUTOR;Bolívia;1
ESTADUAL - SE;SUL 3;GRAJAU;SAO PAULO;8;917394;ANIZ BADRA DOUTOR;Haiti;1
ESTADUAL - SE;SUL 3;GRAJAU;SAO PAULO;8;917503;MARLENE ADUA FORTUNATO PROFESSORA;Bolívia;1
ESTADUAL - SE;SUL 3;GRAJAU;SAO PAULO;8;917503;MARLENE ADUA FORTUNATO PROFESSORA;Guiné-Bissau;2
ESTADUAL - SE;SUL 3;GRAJAU;SAO PAULO;8;923667;EVANDRO CAVALCANTI LINS E SILVA;Bolívia;5
ESTADUAL - SE;SUL 3;GRAJAU;SAO PAULO;8;923667;EVANDRO CAVALCANTI LINS E SILVA;Venezuela;1
ESTADUAL - SE;SUL 3;GRAJAU;SAO PAULO;8;924027;NEIVA DE LOURDES ANDRADE PROFESSORA;Haiti;1
ESTADUAL - SE;SUL 3;GRAJAU;SAO PAULO;8;924787;SERGIO MURILLO RADUAN PROFESSOR;Burkina Faso;3
ESTADUAL - SE;SUL 3;GRAJAU;SAO PAULO;8;924787;SERGIO MURILLO RADUAN PROFESSOR;Paraguai;1
ESTADUAL - SE;SUL 3;GRAJAU;SAO PAULO;8;924805;ANTONIO CANDIDO DE MELLO E SOUZA;Venezuela;2
ESTADUAL - SE;SUL 3;GRAJAU;SAO PAULO;8;925160;LOTEAMENTO DAS GAIVOTAS II;Venezuela;1
ESTADUAL - SE;SUL 3;GRAJAU;SAO PAULO;8;925305;JOSE BENTO RENATO MONTEIRO LOBATO;Guiné-Conacri;1
ESTADUAL - SE;SUL 3;GRAJAU;SAO PAULO;8;925305;JOSE BENTO RENATO MONTEIRO LOBATO;Venezuela;2
ESTADUAL - SE;SUL 3;GRAJAU;SAO PAULO;8;925329;ADA PELLEGRINI GRINOVER;Cabo Verde;1
ESTADUAL - SE;SUL 3;GRAJAU;SAO PAULO;8;925329;ADA PELLEGRINI GRINOVER;Guiné-Conacri;1
ESTADUAL - SE;SUL 3;GRAJAU;SAO PAULO;8;925330;CLAUDIRENE APARECIDA JOSE DA SILVA;Angola;1
ESTADUAL - SE;SUL 3;GRAJAU;SAO PAULO;8;925330;CLAUDIRENE APARECIDA JOSE DA SILVA;Guiné-Bissau;2
ESTADUAL - SE;SUL 3;GRAJAU;SAO PAULO;8;925330;CLAUDIRENE APARECIDA JOSE DA SILVA;Guiné-Conacri;1
ESTADUAL - SE;SUL 3;GRAJAU;SAO PAULO;8;925330;CLAUDIRENE APARECIDA JOSE DA SILVA;Portugal;1
ESTADUAL - SE;SUL 3;GRAJAU;SAO PAULO;8;925354;JOSE XAVIER CORTEZ;Colômbia;1
ESTADUAL - SE;SUL 3;GRAJAU;SAO PAULO;8;925354;JOSE XAVIER CORTEZ;Haiti;1
ESTADUAL - SE;SUL 3;GRAJAU;SAO PAULO;8;925366;HILDA FERRAZ KFOURI PROFESSORA;Haiti;1
ESTADUAL - SE;SUL 3;MARSILAC;SAO PAULO;8;5344;HILTON REIS SANTOS PROF;Bolívia;1
ESTADUAL - SE;SUL 3;MARSILAC;SAO PAULO;8;5344;HILTON REIS SANTOS PROF;Uruguai;2
ESTADUAL - SE;SUL 3;PARELHEIROS;SAO PAULO;8;5320;PRISCILIANA DUARTE DE ALMEIDA DONA;Guiana;2
ESTADUAL - SE;SUL 3;PARELHEIROS;SAO PAULO;8;5332;ERNESTINO LOPES DA SILVA PROF;Japão;1
ESTADUAL - SE;SUL 3;PARELHEIROS;SAO PAULO;8;37588;CANDIDO DE OLIVEIRA PROF;Bolívia;1
ESTADUAL - SE;SUL 3;PARELHEIROS;SAO PAULO;8;37588;CANDIDO DE OLIVEIRA PROF;Haiti;2
ESTADUAL - SE;SUL 3;PARELHEIROS;SAO PAULO;8;38283;JOAQUIM ALVARES CRUZ PROF;Paraguai;1
ESTADUAL - SE;SUL 3;PARELHEIROS;SAO PAULO;8;41798;ERODICE PONTES DE QUEIROZ REV;Bolívia;1
ESTADUAL - SE;SUL 3;PARELHEIROS;SAO PAULO;8;44404;DAVID ZEIGER;Japão;1
ESTADUAL - SE;SUL 3;PARELHEIROS;SAO PAULO;8;44436;CARLOS CATTONY;Venezuela;1
ESTADUAL - SE;SUL 3;PARELHEIROS;SAO PAULO;8;925159;CONDOMINIO VARGEM GRANDE II;Honduras;2
ESTADUAL - SE;SUL 3;PARELHEIROS;SAO PAULO;8;925378;PARQUE TAMARI;Japão;1
ESTADUAL - SE;SUL 3;PARELHEIROS;SAO PAULO;10;925135;INDIGENA GUARANI GWYRA PEPO;Peru;2
ESTADUAL - SE;SUL 3;SOCORRO;SAO PAULO;8;5356;DUARTE LEOPOLDO E SILVA DOM;Venezuela;1
ESTADUAL - SE;SUL 3;SOCORRO;SAO PAULO;8;902925;CALHIM MANOEL ABUD;Bolívia;1
ESTADUAL - SE;SUL 3;SOCORRO;SAO PAULO;8;902925;CALHIM MANOEL ABUD;Haiti;3
ESTADUAL - SE;SUL 3;SOCORRO;SAO PAULO;8;902925;CALHIM MANOEL ABUD;Japão;1
ESTADUAL - SE;SUMARE;HORTOLANDIA;HORTOLANDIA;8;17279;MANOEL IGNACIO DA SILVA;Angola;2
ESTADUAL - SE;SUMARE;HORTOLANDIA;HORTOLANDIA;8;36468;HONORINO FABBRI DOUTOR;Colômbia;1
ESTADUAL - SE;SUMARE;HORTOLANDIA;HORTOLANDIA;8;36468;HONORINO FABBRI DOUTOR;Venezuela;1
ESTADUAL - SE;SUMARE;HORTOLANDIA;HORTOLANDIA;8;45524;ROBERTO RODRIGUES DE AZEVEDO PASTOR;Japão;2
ESTADUAL - SE;SUMARE;HORTOLANDIA;HORTOLANDIA;8;45559;MARIA RITA ARAUJO COSTA PROFESSORA;Angola;1
ESTADUAL - SE;SUMARE;HORTOLANDIA;HORTOLANDIA;8;70294;JONATAS DAVI VISEL DOS SANTOS;Angola;4
ESTADUAL - SE;SUMARE;HORTOLANDIA;HORTOLANDIA;8;70294;JONATAS DAVI VISEL DOS SANTOS;Cuba;1
ESTADUAL - SE;SUMARE;HORTOLANDIA;HORTOLANDIA;8;907595;PAULO CAMILO DE CAMARGO;Haiti;1
ESTADUAL - SE;SUMARE;HORTOLANDIA;HORTOLANDIA;8;909610;ELISEO MARSON PROFESSOR;Venezuela;2
ESTADUAL - SE;SUMARE;HORTOLANDIA;HORTOLANDIA;8;917552;HEDY MADALENA BOCCHI PROFESSORA;Angola;1
ESTADUAL - SE;SUMARE;HORTOLANDIA;HORTOLANDIA;8;917965;ANTONIO ZANLUCHI PROFESSOR;Haiti;2
ESTADUAL - SE;SUMARE;HORTOLANDIA;HORTOLANDIA;8;917965;ANTONIO ZANLUCHI PROFESSOR;Paraguai;1
ESTADUAL - SE;SUMARE;HORTOLANDIA;HORTOLANDIA;8;919378;RECREIO ALVORADA;Congo, República do;1
ESTADUAL - SE;SUMARE;HORTOLANDIA;HORTOLANDIA;8;924131;EUZEBIO ANTONIO RODRIGUES PROFESSOR;Paraguai;1
ESTADUAL - SE;SUMARE;HORTOLANDIA;HORTOLANDIA;8;924131;EUZEBIO ANTONIO RODRIGUES PROFESSOR;Venezuela;1
ESTADUAL - SE;SUMARE;HORTOLANDIA;HORTOLANDIA;8;924994;CRISTIANE CHAVES MOREIRA BRAGA PROFESSORA;Angola;2
ESTADUAL - SE;SUMARE;HORTOLANDIA;HORTOLANDIA;8;924994;CRISTIANE CHAVES MOREIRA BRAGA PROFESSORA;Venezuela;2
ESTADUAL - SE;SUMARE;NOVA VENEZA;SUMARE;8;17243;ANGELO CAMPO DALL ORTO;Haiti;3
ESTADUAL - SE;SUMARE;NOVA VENEZA;SUMARE;8;37941;CECILIA DE NEGRI PROFESSORA;Japão;1
ESTADUAL - SE;SUMARE;NOVA VENEZA;SUMARE;8;39834;SOLANGE MAURA ALBINO;Bolívia;2
ESTADUAL - SE;SUMARE;NOVA VENEZA;SUMARE;8;39834;SOLANGE MAURA ALBINO;Haiti;1
ESTADUAL - SE;SUMARE;NOVA VENEZA;SUMARE;8;39834;SOLANGE MAURA ALBINO;Japão;2
ESTADUAL - SE;SUMARE;NOVA VENEZA;SUMARE;8;42560;MARIA CHEILA ALVES PROFESSORA;Paraguai;2
ESTADUAL - SE;SUMARE;NOVA VENEZA;SUMARE;8;42560;MARIA CHEILA ALVES PROFESSORA;Venezuela;1
ESTADUAL - SE;SUMARE;NOVA VENEZA;SUMARE;8;45585;MANUEL ALBALADEJO FERNANDES;Bangladesh;1
ESTADUAL - SE;SUMARE;NOVA VENEZA;SUMARE;8;45585;MANUEL ALBALADEJO FERNANDES;Bolívia;1
ESTADUAL - SE;SUMARE;NOVA VENEZA;SUMARE;8;45585;MANUEL ALBALADEJO FERNANDES;Japão;2
ESTADUAL - SE;SUMARE;NOVA VENEZA;SUMARE;8;45585;MANUEL ALBALADEJO FERNANDES;Peru;1
ESTADUAL - SE;SUMARE;NOVA VENEZA;SUMARE;8;45597;MARIA ROSA CAROLINO DOS SANTOS PROFESSORA;Haiti;2
ESTADUAL - SE;SUMARE;NOVA VENEZA;SUMARE;8;45597;MARIA ROSA CAROLINO DOS SANTOS PROFESSORA;Venezuela;3
ESTADUAL - SE;SUMARE;NOVA VENEZA;SUMARE;8;900497;WANDA FELIX DE ANDRADE PROFESSORA;França;1
ESTADUAL - SE;SUMARE;NOVA VENEZA;SUMARE;8;900515;ONDINA PINTO GONZALEZ PROFESSORA;Bangladesh;2
ESTADUAL - SE;SUMARE;NOVA VENEZA;SUMARE;8;900515;ONDINA PINTO GONZALEZ PROFESSORA;Peru;2
ESTADUAL - SE;SUMARE;NOVA VENEZA;SUMARE;8;909609;LEONILDA ROSSI BARRIQUELO PROFESSORA;Haiti;3
ESTADUAL - SE;SUMARE;NOVA VENEZA;SUMARE;8;914940;SAVINO CAMPIGLI;Haiti;3
ESTADUAL - SE;SUMARE;NOVA VENEZA;SUMARE;8;924672;MARINALVA GIMENES COLOSSAL DA CUNHA;Haiti;5
ESTADUAL - SE;SUMARE;NOVA VENEZA;SUMARE;8;925731;SONIA MARIA MASCHIO BAPTISTA PROFESSORA;Bolívia;1
ESTADUAL - SE;SUMARE;PAULINIA;PAULINIA;8;18739;FRANCISCO DE ARAUJO MASCARENHAS DOUTOR;Estados Unidos da América;1
ESTADUAL - SE;SUMARE;PAULINIA;PAULINIA;8;18739;FRANCISCO DE ARAUJO MASCARENHAS DOUTOR;Haiti;1
ESTADUAL - SE;SUMARE;PAULINIA;PAULINIA;8;18892;PORPHYRIO DA PAZ GENERAL;Portugal;1
ESTADUAL - SE;SUMARE;PAULINIA;PAULINIA;8;35956;NUCLEO HABITACIONAL JOSE PAULINO NOGUEIRA;Peru;1
ESTADUAL - SE;SUMARE;PAULINIA;PAULINIA;8;39913;JOSE NARCISO VIEIRA EHRENBERG PADRE;Espanha;1
ESTADUAL - SE;SUMARE;PAULINIA;PAULINIA;8;39913;JOSE NARCISO VIEIRA EHRENBERG PADRE;Haiti;1
ESTADUAL - SE;SUMARE;PAULINIA;PAULINIA;8;39913;JOSE NARCISO VIEIRA EHRENBERG PADRE;Japão;1
ESTADUAL - SE;SUMARE;PAULINIA;PAULINIA;8;39913;JOSE NARCISO VIEIRA EHRENBERG PADRE;Paraguai;3
ESTADUAL - SE;SUMARE;PAULINIA;PAULINIA;8;576669;PROF? ADELIA CRISTINA BORGATO GRYSZCZENKO;Haiti;1
ESTADUAL - SE;SUMARE;SUMARE;SUMARE;8;17097;ANDRE RODRIGUES DE ALKIMIN PROFESSOR;Venezuela;1
ESTADUAL - SE;SUMARE;SUMARE;SUMARE;8;17267;JOAO FRANCESCHINI;Japão;1
ESTADUAL - SE;SUMARE;SUMARE;SUMARE;8;17267;JOAO FRANCESCHINI;Paraguai;2
ESTADUAL - SE;SUMARE;SUMARE;SUMARE;8;17267;JOAO FRANCESCHINI;Peru;1
ESTADUAL - SE;SUMARE;SUMARE;SUMARE;8;35981;EUCLIDES MIRANDA VEREADOR;Japão;1
ESTADUAL - SE;SUMARE;SUMARE;SUMARE;8;42572;ANTONIO DO VALLE SOBRINHO;Haiti;4
ESTADUAL - SE;SUMARE;SUMARE;SUMARE;8;42572;ANTONIO DO VALLE SOBRINHO;Venezuela;1
ESTADUAL - SE;SUMARE;SUMARE;SUMARE;8;45548;ELYSABETH DE MELLO RODRIGUES PROFESSORA;Haiti;2
ESTADUAL - SE;SUMARE;SUMARE;SUMARE;8;45548;ELYSABETH DE MELLO RODRIGUES PROFESSORA;Japão;1
ESTADUAL - SE;SUMARE;SUMARE;SUMARE;8;49414;ALICE ANTENOR DE SOUZA PROFESSORA;Haiti;1
ESTADUAL - SE;SUMARE;SUMARE;SUMARE;8;576670;RESIDENCIAL BORDON;Japão;1
ESTADUAL - SE;SUMARE;SUMARE;SUMARE;8;910351;BELGICA ALLEONI BORGES PROFESSORA;Haiti;1
ESTADUAL - SE;SUMARE;SUMARE;SUMARE;8;910351;BELGICA ALLEONI BORGES PROFESSORA;Peru;3
ESTADUAL - SE;SUMARE;SUMARE;SUMARE;8;924982;IVANI APARECIDA QUEIROZ PEREZ PROFESSORA;Haiti;1
ESTADUAL - SE;SUZANO;FERRAZ DE VASCONCELOS;FERRAZ DE VASCONCELOS;8;7213;EDIR DO COUTO ROSA PROFESSOR;Bolívia;1
ESTADUAL - SE;SUZANO;FERRAZ DE VASCONCELOS;FERRAZ DE VASCONCELOS;8;7213;EDIR DO COUTO ROSA PROFESSOR;Moçambique;1
ESTADUAL - SE;SUZANO;FERRAZ DE VASCONCELOS;FERRAZ DE VASCONCELOS;8;7237;LANDIA SANTOS BATISTA PROFESSORA;Bolívia;1
ESTADUAL - SE;SUZANO;FERRAZ DE VASCONCELOS;FERRAZ DE VASCONCELOS;8;7237;LANDIA SANTOS BATISTA PROFESSORA;Japão;1
ESTADUAL - SE;SUZANO;FERRAZ DE VASCONCELOS;FERRAZ DE VASCONCELOS;8;7274;IIJIMA;Bolívia;1
ESTADUAL - SE;SUZANO;FERRAZ DE VASCONCELOS;FERRAZ DE VASCONCELOS;8;7274;IIJIMA;Costa Rica;2
ESTADUAL - SE;SUZANO;FERRAZ DE VASCONCELOS;FERRAZ DE VASCONCELOS;8;35506;MARIO MANOEL DANTAS DE AQUINO PROFESSOR;Venezuela;1
ESTADUAL - SE;SUZANO;FERRAZ DE VASCONCELOS;FERRAZ DE VASCONCELOS;8;35531;PAULO AMERICO PAGANUCCI PROFESSOR;Bolívia;1
ESTADUAL - SE;SUZANO;FERRAZ DE VASCONCELOS;FERRAZ DE VASCONCELOS;8;908502;JOSE EDUARDO VIEIRA RADUAN DOUTOR;Bolívia;1
ESTADUAL - SE;SUZANO;FERRAZ DE VASCONCELOS;FERRAZ DE VASCONCELOS;8;908927;OLZANETTI GOMES PROFESSOR;Chile;1
ESTADUAL - SE;SUZANO;FERRAZ DE VASCONCELOS;FERRAZ DE VASCONCELOS;8;908927;OLZANETTI GOMES PROFESSOR;Espanha;1
ESTADUAL - SE;SUZANO;FERRAZ DE VASCONCELOS;FERRAZ DE VASCONCELOS;8;918623;ELIANE APARECIDA DANTAS DA SILVA PROFESSORA;Bolívia;8
ESTADUAL - SE;SUZANO;FERRAZ DE VASCONCELOS;FERRAZ DE VASCONCELOS;8;922109;ANGELA SUELI PONTES DIAS PROFESSORA;Bolívia;4
ESTADUAL - SE;SUZANO;FERRAZ DE VASCONCELOS;FERRAZ DE VASCONCELOS;8;922109;ANGELA SUELI PONTES DIAS PROFESSORA;Japão;1
ESTADUAL - SE;SUZANO;SUZANO;SUZANO;6;985181;CEL JTO A EE RAUL BRASIL PROFESSOR;Bolívia;2
ESTADUAL - SE;SUZANO;SUZANO;SUZANO;8;6932;MORATO DE OLIVEIRA DOUTOR;Colômbia;1
ESTADUAL - SE;SUZANO;SUZANO;SUZANO;8;6932;MORATO DE OLIVEIRA DOUTOR;Espanha;1
ESTADUAL - SE;SUZANO;SUZANO;SUZANO;8;6932;MORATO DE OLIVEIRA DOUTOR;Haiti;2
ESTADUAL - SE;SUZANO;SUZANO;SUZANO;8;6932;MORATO DE OLIVEIRA DOUTOR;Venezuela;2
ESTADUAL - SE;SUZANO;SUZANO;SUZANO;8;6981;RAUL BRASIL PROFESSOR;Bolívia;2
ESTADUAL - SE;SUZANO;SUZANO;SUZANO;8;6981;RAUL BRASIL PROFESSOR;Japão;1
ESTADUAL - SE;SUZANO;SUZANO;SUZANO;8;7067;CARLOS MOLTENI PROFESSOR;Bolívia;1
ESTADUAL - SE;SUZANO;SUZANO;SUZANO;8;7067;CARLOS MOLTENI PROFESSOR;Japão;1
ESTADUAL - SE;SUZANO;SUZANO;SUZANO;8;7161;GERALDO JUSTINIANO DE REZENDE SILVA PROFESSOR;Japão;1
ESTADUAL - SE;SUZANO;SUZANO;SUZANO;8;7183;LUIZ BIANCONI;Espanha;1
ESTADUAL - SE;SUZANO;SUZANO;SUZANO;8;7183;LUIZ BIANCONI;Japão;1
ESTADUAL - SE;SUZANO;SUZANO;SUZANO;8;35518;BATISTA RENZI;Chile;1
ESTADUAL - SE;SUZANO;SUZANO;SUZANO;8;35518;BATISTA RENZI;Colômbia;1
ESTADUAL - SE;SUZANO;SUZANO;SUZANO;8;35518;BATISTA RENZI;Japão;1
ESTADUAL - SE;SUZANO;SUZANO;SUZANO;8;41956;ANTONIO RODRIGUES DE ALMEIDA;Portugal;1
ESTADUAL - SE;SUZANO;SUZANO;SUZANO;8;352603;GILBERTO DE CARVALHO PROFESSOR;Bolívia;1
ESTADUAL - SE;SUZANO;SUZANO;SUZANO;8;352603;GILBERTO DE CARVALHO PROFESSOR;Japão;2
ESTADUAL - SE;SUZANO;SUZANO;SUZANO;8;901891;JANDYRA COUTINHO PROFESSORA;Bolívia;1
ESTADUAL - SE;SUZANO;SUZANO;SUZANO;8;902949;ALICE ROMANOS PROFESSORA;Haiti;3
ESTADUAL - SE;SUZANO;SUZANO;SUZANO;8;902949;ALICE ROMANOS PROFESSORA;Venezuela;2
ESTADUAL - SE;SUZANO;SUZANO;SUZANO;8;908472;JOSE BENEDITO LEITE BARTHOLOMEI PROFESSOR;Japão;4
ESTADUAL - SE;SUZANO;SUZANO;SUZANO;8;908484;JUSSARA FEITOSA DOMSCHKE PROFESSORA;Rússia;2
ESTADUAL - SE;SUZANO;SUZANO;SUZANO;8;908484;JUSSARA FEITOSA DOMSCHKE PROFESSORA;Venezuela;1
ESTADUAL - SE;SUZANO;SUZANO;SUZANO;8;916559;JOVIANO SATLER DE LIMA PROFESSOR;Espanha;1
ESTADUAL - SE;SUZANO;SUZANO;SUZANO;8;916559;JOVIANO SATLER DE LIMA PROFESSOR;Haiti;1
ESTADUAL - SE;SUZANO;SUZANO;SUZANO;8;916559;JOVIANO SATLER DE LIMA PROFESSOR;Venezuela;1
ESTADUAL - SE;SUZANO;SUZANO;SUZANO;8;916900;YOLANDA BASSI PROFESSORA;Bolívia;1
ESTADUAL - SE;SUZANO;SUZANO;SUZANO;8;921087;JACQUES YVES COUSTEAU COMANDANTE;Argentina;1
ESTADUAL - SE;SUZANO;SUZANO;SUZANO;8;923448;LUIZA HIDAKA PROFESSORA;Japão;3
ESTADUAL - SE;SUZANO;SUZANO;SUZANO;8;923849;OLAVO LEONEL FERREIRA PROFESSOR;Bolívia;1
ESTADUAL - SE;SUZANO;SUZANO;SUZANO;8;923849;OLAVO LEONEL FERREIRA PROFESSOR;México;1
ESTADUAL - SE;SUZANO;SUZANO;SUZANO;8;923850;ANTONIO BRASILIO MENEZES DA FONSECA PROFESSOR;Haiti;2
ESTADUAL - SE;SUZANO;SUZANO;SUZANO;8;925846;TOCHICHICO YOCHICAVA PROFESSOR;Bolívia;1
ESTADUAL - SE;TABOAO DA SERRA;EMBU DAS ARTES;EMBU DAS ARTES;8;10078;ELIZETE DE OLIVEIRA BERTINI;Venezuela;1
ESTADUAL - SE;TABOAO DA SERRA;EMBU DAS ARTES;EMBU DAS ARTES;8;10091;PAULO CHAGAS NOGUEIRA ENGENHEIRO;Peru;2
ESTADUAL - SE;TABOAO DA SERRA;EMBU DAS ARTES;EMBU DAS ARTES;8;10121;EULALIA MALTA PROFESSORA;China;1
ESTADUAL - SE;TABOAO DA SERRA;EMBU DAS ARTES;EMBU DAS ARTES;8;10121;EULALIA MALTA PROFESSORA;Japão;1
ESTADUAL - SE;TABOAO DA SERRA;EMBU DAS ARTES;EMBU DAS ARTES;8;10121;EULALIA MALTA PROFESSORA;Venezuela;1
ESTADUAL - SE;TABOAO DA SERRA;EMBU DAS ARTES;EMBU DAS ARTES;8;10145;IRIA KUNZ IRMA;Venezuela;3
ESTADUAL - SE;TABOAO DA SERRA;EMBU DAS ARTES;EMBU DAS ARTES;8;10315;IRACEMA BELLO ORICCHIO DOUTORA;Espanha;1
ESTADUAL - SE;TABOAO DA SERRA;EMBU DAS ARTES;EMBU DAS ARTES;8;36419;APARECIDA FERREIRA DOURADO DE CARVALHO PROFESSORA;Portugal;1
ESTADUAL - SE;TABOAO DA SERRA;EMBU DAS ARTES;EMBU DAS ARTES;8;37552;CARLOS KOCH DOUTOR;Japão;1
ESTADUAL - SE;TABOAO DA SERRA;EMBU DAS ARTES;EMBU DAS ARTES;8;37552;CARLOS KOCH DOUTOR;Venezuela;1
ESTADUAL - SE;TABOAO DA SERRA;EMBU DAS ARTES;EMBU DAS ARTES;8;40666;ROSANA SUELI FUNARI PROFESSORA;Venezuela;1
ESTADUAL - SE;TABOAO DA SERRA;EMBU DAS ARTES;EMBU DAS ARTES;8;40685;EDUARDO VAZ DOUTOR;Síria;1
ESTADUAL - SE;TABOAO DA SERRA;EMBU DAS ARTES;EMBU DAS ARTES;8;122245;PARQUE JANE II;Venezuela;2
ESTADUAL - SE;TABOAO DA SERRA;EMBU DAS ARTES;EMBU DAS ARTES;8;566202;JOAO LUIZ DE OLIVEIRA PROFESSOR;Haiti;1
ESTADUAL - SE;TABOAO DA SERRA;EMBU DAS ARTES;EMBU DAS ARTES;8;906475;PROFESSORA MIRNA ELISA BONAZZI;Venezuela;1
ESTADUAL - SE;TABOAO DA SERRA;EMBU DAS ARTES;EMBU DAS ARTES;8;908712;AMELIA DOS ANJOS OLIVEIRA;Venezuela;1
ESTADUAL - SE;TABOAO DA SERRA;EMBU DAS ARTES;EMBU DAS ARTES;8;910715;EDE WILSON GONZAGA PROFESSOR;Haiti;1
ESTADUAL - SE;TABOAO DA SERRA;EMBU DAS ARTES;EMBU DAS ARTES;8;923345;JARDIM DA LUZ;Bolívia;4
ESTADUAL - SE;TABOAO DA SERRA;EMBU DAS ARTES;EMBU DAS ARTES;8;923758;JORGE AMADO ESCRITOR;Honduras;1
ESTADUAL - SE;TABOAO DA SERRA;EMBU DAS ARTES;EMBU DAS ARTES;8;925858;JARDIM MAGALI;Venezuela;2
ESTADUAL - SE;TABOAO DA SERRA;TABOAO DA SERRA;TABOAO DA SERRA;8;10170;JULIETA CALDAS FERRAZ PROFESSORA;Bolívia;2
ESTADUAL - SE;TABOAO DA SERRA;TABOAO DA SERRA;TABOAO DA SERRA;8;10170;JULIETA CALDAS FERRAZ PROFESSORA;Venezuela;1
ESTADUAL - SE;TABOAO DA SERRA;TABOAO DA SERRA;TABOAO DA SERRA;8;10182;ANTONIO RUY CARDOSO PROFESSOR;Venezuela;2
ESTADUAL - SE;TABOAO DA SERRA;TABOAO DA SERRA;TABOAO DA SERRA;8;10248;JOAO CALY PROFESSOR;Colômbia;1
ESTADUAL - SE;TABOAO DA SERRA;TABOAO DA SERRA;TABOAO DA SERRA;8;10248;JOAO CALY PROFESSOR;Venezuela;3
ESTADUAL - SE;TABOAO DA SERRA;TABOAO DA SERRA;TABOAO DA SERRA;8;10259;ANTONIO INACIO MACIEL;Bolívia;1
ESTADUAL - SE;TABOAO DA SERRA;TABOAO DA SERRA;TABOAO DA SERRA;8;10259;ANTONIO INACIO MACIEL;Estados Unidos da América;1
ESTADUAL - SE;TABOAO DA SERRA;TABOAO DA SERRA;TABOAO DA SERRA;8;10259;ANTONIO INACIO MACIEL;Irão;1
ESTADUAL - SE;TABOAO DA SERRA;TABOAO DA SERRA;TABOAO DA SERRA;8;10297;ZEICY APPARECIDA NOGUEIRA BAPTISTA PROFESSORA;Alemanha;1
ESTADUAL - SE;TABOAO DA SERRA;TABOAO DA SERRA;TABOAO DA SERRA;8;10352;WANDYCK FREITAS JORNALISTA;Japão;1
ESTADUAL - SE;TABOAO DA SERRA;TABOAO DA SERRA;TABOAO DA SERRA;8;10352;WANDYCK FREITAS JORNALISTA;Portugal;1
ESTADUAL - SE;TABOAO DA SERRA;TABOAO DA SERRA;TABOAO DA SERRA;8;40769;DOMINGOS MIGNONI;Colômbia;1
ESTADUAL - SE;TABOAO DA SERRA;TABOAO DA SERRA;TABOAO DA SERRA;8;40769;DOMINGOS MIGNONI;Filipinas;1
ESTADUAL - SE;TABOAO DA SERRA;TABOAO DA SERRA;TABOAO DA SERRA;8;40769;DOMINGOS MIGNONI;Haiti;1
ESTADUAL - SE;TABOAO DA SERRA;TABOAO DA SERRA;TABOAO DA SERRA;8;40769;DOMINGOS MIGNONI;Japão;1
ESTADUAL - SE;TABOAO DA SERRA;TABOAO DA SERRA;TABOAO DA SERRA;8;42067;MARIA CATHARINA COMINO;Venezuela;1
ESTADUAL - SE;TABOAO DA SERRA;TABOAO DA SERRA;TABOAO DA SERRA;8;902494;JOSE ROBERTO PACHECO;Japão;1
ESTADUAL - SE;TABOAO DA SERRA;TABOAO DA SERRA;TABOAO DA SERRA;8;906426;LUCIA DE CASTRO BUENO PROFESSORA;Espanha;1
ESTADUAL - SE;TABOAO DA SERRA;TABOAO DA SERRA;TABOAO DA SERRA;8;906426;LUCIA DE CASTRO BUENO PROFESSORA;Estados Unidos da América;1
ESTADUAL - SE;TABOAO DA SERRA;TABOAO DA SERRA;TABOAO DA SERRA;8;906426;LUCIA DE CASTRO BUENO PROFESSORA;Haiti;4
ESTADUAL - SE;TABOAO DA SERRA;TABOAO DA SERRA;TABOAO DA SERRA;8;906426;LUCIA DE CASTRO BUENO PROFESSORA;Japão;1
ESTADUAL - SE;TABOAO DA SERRA;TABOAO DA SERRA;TABOAO DA SERRA;8;906438;FRANCISCO D AMICO;Argentina;1
ESTADUAL - SE;TABOAO DA SERRA;TABOAO DA SERRA;TABOAO DA SERRA;8;906463;EDGARD FRANCISCO;Cuba;1
ESTADUAL - SE;TABOAO DA SERRA;TABOAO DA SERRA;TABOAO DA SERRA;8;908708;GILBERTO FREYRE;Espanha;1
ESTADUAL - SE;TABOAO DA SERRA;TABOAO DA SERRA;TABOAO DA SERRA;8;912585;MARIA APPARECIDA NIGRO GAVA PROFESSORA;Haiti;1
ESTADUAL - SE;TABOAO DA SERRA;TABOAO DA SERRA;TABOAO DA SERRA;8;912585;MARIA APPARECIDA NIGRO GAVA PROFESSORA;Japão;1
ESTADUAL - SE;TABOAO DA SERRA;TABOAO DA SERRA;TABOAO DA SERRA;8;912682;NEUSA DEMETRIO PROFESSORA;Bolívia;1
ESTADUAL - SE;TABOAO DA SERRA;TABOAO DA SERRA;TABOAO DA SERRA;8;921154;FERNANDO MILANO PROFESSOR;Venezuela;1
ESTADUAL - SE;TABOAO DA SERRA;TABOAO DA SERRA;TABOAO DA SERRA;8;923886;ADENILSON DOS SANTOS FRANCO PROFESSOR;Argentina;1
ESTADUAL - SE;TAQUARITINGA;IBITINGA;IBITINGA;8;25069;LUCY SALINA FERNANDES GAION PROFA;Bolívia;1
ESTADUAL - SE;TAQUARITINGA;IBITINGA;IBITINGA;8;25069;LUCY SALINA FERNANDES GAION PROFA;Haiti;2
ESTADUAL - SE;TAQUARITINGA;IBITINGA;IBITINGA;8;47491;IRACEMA DE OLIVEIRA CARLOS PROFA;Haiti;1
ESTADUAL - SE;TAQUARITINGA;IBITINGA;IBITINGA;8;47491;IRACEMA DE OLIVEIRA CARLOS PROFA;Japão;2
ESTADUAL - SE;TAQUARITINGA;IBITINGA;IBITINGA;8;914368;ARIOVALDO DA FONSECA PROF DR;Japão;1
ESTADUAL - SE;TAQUARITINGA;ITAPOLIS;ITAPOLIS;8;25136;VALENTIM GENTIL;Espanha;1
ESTADUAL - SE;TAQUARITINGA;ITAPOLIS;ITAPOLIS;8;25136;VALENTIM GENTIL;Japão;1
ESTADUAL - SE;TAQUARITINGA;TAQUARITINGA;TAQUARITINGA;8;25159;FRANCISCO SILVEIRA COELHO PROF;Venezuela;3
ESTADUAL - SE;TAUBATE;CACAPAVA;CACAPAVA;6;985740;CEL JTO A EE MINISTRO JOSE MOURA RESENDE;Honduras;1
ESTADUAL - SE;TAUBATE;CACAPAVA;CACAPAVA;8;14148;JOSE DE MOURA REZENDE MINISTRO;Honduras;1
ESTADUAL - SE;TAUBATE;CACAPAVA;CACAPAVA;8;914459;MARGARIDA MAIA DE ALMEIDA VIEIRA PROFESSORA;Equador;1
ESTADUAL - SE;TAUBATE;TAUBATE;TAUBATE;8;14023;JOAO ALVES MONSENHOR;Japão;1
ESTADUAL - SE;TAUBATE;TAUBATE;TAUBATE;8;14175;AMADOR BUENO DA VEIGA;Colômbia;1
ESTADUAL - SE;TAUBATE;TAUBATE;TAUBATE;8;14217;BERNARDINO QUERIDO PROFESSOR;Estados Unidos da América;1
ESTADUAL - SE;TAUBATE;TAUBATE;TAUBATE;8;43916;AMACIO MAZZAROPI;Colômbia;1
ESTADUAL - SE;TAUBATE;TAUBATE;TAUBATE;8;43916;AMACIO MAZZAROPI;Haiti;1
ESTADUAL - SE;TAUBATE;TAUBATE;TAUBATE;8;914460;MIGUEL PISTILLI;Japão;1
ESTADUAL - SE;TAUBATE;TAUBATE;TAUBATE;34;411848;CENTRO DE ATEND SOCIOEDUC AO ADOLESC DE TAUBATE CI;Estados Unidos da América;1
ESTADUAL - SE;TUPA;BASTOS;BASTOS;8;34666;TSUYA OHNO KIMURA PROFESSORA;Japão;1
ESTADUAL - SE;TUPA;BASTOS;BASTOS;8;34691;DR IRINEU BULLER ALMEIDA;Bolívia;1
ESTADUAL - SE;TUPA;BASTOS;BASTOS;8;34691;DR IRINEU BULLER ALMEIDA;Venezuela;2
ESTADUAL - SE;TUPA;BASTOS;BASTOS;8;34721;AGUIA DE HAIA;Japão;2
ESTADUAL - SE;TUPA;BASTOS;BASTOS;8;925007;PARQUE DAS NACOES;Colômbia;1
ESTADUAL - SE;TUPA;BASTOS;BASTOS;8;925007;PARQUE DAS NACOES;Japão;1
ESTADUAL - SE;TUPA;IACRI;IACRI;8;34496;SYLVIO DE GIULLI;Portugal;1
ESTADUAL - SE;TUPA;PARAPUA;PARAPUA;8;31586;PARAPUA DE;Venezuela;2
ESTADUAL - SE;TUPA;PARAPUA;PARAPUA;8;31665;MARIA HELENA BASSO ANTUNES PROFESSORA;Japão;1
ESTADUAL - SE;TUPA;RANCHARIA;RANCHARIA;8;32530;ANTONIO JOSE DOS SANTOS DOM;Egipto;1
ESTADUAL - SE;TUPA;RANCHARIA;RANCHARIA;8;32530;ANTONIO JOSE DOS SANTOS DOM;Peru;1
ESTADUAL - SE;TUPA;RANCHARIA;RANCHARIA;8;916080;MARIO FIORANTE PROFESSOR;Espanha;1
ESTADUAL - SE;TUPA;TUPA;TUPA;8;34575;LELIO TOLEDO PIZA E ALMEIDA DOUTOR;Bolívia;1
ESTADUAL - SE;TUPA;TUPA;TUPA;8;34587;JOAQUIM ABARCA;Portugal;1
ESTADUAL - SE;TUPA;TUPA;TUPA;8;34685;NELSON DE CASTRO MAESTRO;Venezuela;1
ESTADUAL - SE;VOTORANTIM;ARACOIABA DA SERRA;ARACOIABA DA SERRA;8;16901;MARIA ANGELICA BAILLOT PROFESSORA;Paraguai;1
ESTADUAL - SE;VOTORANTIM;CAPELA DO ALTO;CAPELA DO ALTO;8;16913;PEDRO DIAS DE CAMPOS CORONEL;Venezuela;1
ESTADUAL - SE;VOTORANTIM;PIEDADE;PIEDADE;8;46139;THEODORA DE CAMARGO AYRES PROFESSORA;Japão;2
ESTADUAL - SE;VOTORANTIM;PILAR DO SUL;PILAR DO SUL;6;458752;CEL JTO A EE ODILON BATISTA JORDAO VER;Venezuela;1
ESTADUAL - SE;VOTORANTIM;PILAR DO SUL;PILAR DO SUL;8;16780;ODILON BATISTA JORDAO VEREADOR;Japão;2
ESTADUAL - SE;VOTORANTIM;PILAR DO SUL;PILAR DO SUL;8;16780;ODILON BATISTA JORDAO VEREADOR;Venezuela;1
ESTADUAL - SE;VOTORANTIM;PILAR DO SUL;PILAR DO SUL;8;925937;MARIA APPARECIDA MENDES SILVA LACERDA PROFESSORA;Japão;2
ESTADUAL - SE;VOTORANTIM;PILAR DO SUL;PILAR DO SUL;8;925937;MARIA APPARECIDA MENDES SILVA LACERDA PROFESSORA;Síria;1
ESTADUAL - SE;VOTORANTIM;SALTO DE PIRAPORA;SALTO DE PIRAPORA;6;458855;CEL JTO A EE BENEDICTO RODRIGUES PROF;Haiti;2
ESTADUAL - SE;VOTORANTIM;SALTO DE PIRAPORA;SALTO DE PIRAPORA;8;16846;AFONSO VERGUEIRO DOUTOR;Japão;3
ESTADUAL - SE;VOTORANTIM;SALTO DE PIRAPORA;SALTO DE PIRAPORA;8;903310;BENEDICTO LEME VIEIRA NETO PROFESSOR;Haiti;3
ESTADUAL - SE;VOTORANTIM;SALTO DE PIRAPORA;SALTO DE PIRAPORA;8;916473;JARDIM PRIMAVERA;Portugal;1
ESTADUAL - SE;VOTORANTIM;SALTO DE PIRAPORA;SALTO DE PIRAPORA;8;924878;JARDIM DANIEL DAVID HADDAD;Venezuela;1
ESTADUAL - SE;VOTORANTIM;TAPIRAI;TAPIRAI;8;16871;JOAO ROSA CORONEL;Japão;1
ESTADUAL - SE;VOTORANTIM;TAPIRAI;TAPIRAI;8;498403;BAIRRO DO TURVO;Japão;1
ESTADUAL - SE;VOTORANTIM;VOTORANTIM;VOTORANTIM;8;16755;ARMANDO RIZZO PROFESSOR;Japão;1
ESTADUAL - SE;VOTORANTIM;VOTORANTIM;VOTORANTIM;8;406685;SELMA MARIA MARTINS CUNHA PROFESSORA;Haiti;4
ESTADUAL - SE;VOTORANTIM;VOTORANTIM;VOTORANTIM;8;908320;AZARIAS MENDES PROFESSOR;Japão;1
ESTADUAL - SE;VOTORANTIM;VOTORANTIM;VOTORANTIM;8;924143;EVILAZIO DE GOES VIEIRA;Japão;1
ESTADUAL - SE;VOTUPORANGA;GASTAO VIDIGAL;GASTAO VIDIGAL;8;30659;TEREZA VALVERDE CARDOSO TIRAPELE PROFA;Cuba;1
ESTADUAL - SE;VOTUPORANGA;SEBASTIANOPOLIS DO SUL;SEBASTIANOPOLIS DO SUL;8;27492;GENTILA GUIZZI PINATTI;Japão;1
ESTADUAL - SE;VOTUPORANGA;VALENTIM GENTIL;VALENTIM GENTIL;8;28976;CICERO USBERTI PROF;Espanha;1
ESTADUAL - SE;VOTUPORANGA;VALENTIM GENTIL;VALENTIM GENTIL;8;28976;CICERO USBERTI PROF;Estados Unidos da América;1
ESTADUAL - SE;VOTUPORANGA;VOTUPORANGA;VOTUPORANGA;8;28988;JOSE MANOEL LOBO DR;Colômbia;1
ESTADUAL - SE;VOTUPORANGA;VOTUPORANGA;VOTUPORANGA;8;28988;JOSE MANOEL LOBO DR;Paraguai;1
ESTADUAL - SE;VOTUPORANGA;VOTUPORANGA;VOTUPORANGA;8;28988;JOSE MANOEL LOBO DR;Venezuela;2
ESTADUAL - SE;VOTUPORANGA;VOTUPORANGA;VOTUPORANGA;8;29117;ESMERALDA SANCHES DA ROCHA PROFA;Japão;1
ESTADUAL - SE;VOTUPORANGA;VOTUPORANGA;VOTUPORANGA;8;29208;UZENIR COELHO ZEITUNE PROFA;Japão;1
ESTADUAL - SE;VOTUPORANGA;VOTUPORANGA;VOTUPORANGA;8;44167;ENNY TEREZA LONGO FRACARO PROFA;Venezuela;3
FEDERAL;SAO CARLOS;SAO CARLOS;SAO CARLOS;0;346007;UNIDADE DE ATENDIMENTO A CRIANCA UAC;Índia;1
FEDERAL;SAO CARLOS;SAO CARLOS;SAO CARLOS;0;346007;UNIDADE DE ATENDIMENTO A CRIANCA UAC;Irão;1
MUNICIPAL;ADAMANTINA;ADAMANTINA;ADAMANTINA;0;65262;EULALIA PASCHOAL BRIGHENTI PROFA EMEI CICLO II;Cuba;1
MUNICIPAL;ADAMANTINA;ADAMANTINA;ADAMANTINA;0;220796;NAVARRO DE ANDRADE EMEF;Japão;1
MUNICIPAL;ADAMANTINA;ADAMANTINA;ADAMANTINA;0;220796;NAVARRO DE ANDRADE EMEF;Venezuela;6
MUNICIPAL;ADAMANTINA;DRACENA;DRACENA;0;215478;JOAO VENDRAMINI EMEFI;Equador;1
MUNICIPAL;ADAMANTINA;DRACENA;DRACENA;0;232476;EMEI PROFESSORA MAGDA TONELLO PEDRO LEMOS;Japão;1
MUNICIPAL;ADAMANTINA;DRACENA;DRACENA;0;276844;OTTILIA BRAZ NOGUEROL EMEFI;Bolívia;1
MUNICIPAL;ADAMANTINA;JUNQUEIROPOLIS;JUNQUEIROPOLIS;0;209144;JAIR LUIZ DA SILVA PROF EM;Japão;1
MUNICIPAL;ADAMANTINA;JUNQUEIROPOLIS;JUNQUEIROPOLIS;0;209168;CRIANCA FELIZ CENTRO EDUCACIONAL INFANTIL;Colômbia;2
MUNICIPAL;ADAMANTINA;LUCELIA;LUCELIA;0;65298;JOANINHA DONA EMEI;Venezuela;1
MUNICIPAL;ADAMANTINA;LUCELIA;LUCELIA;0;276868;SOLEDADE DOMINGUES IGLESIA PROFA EMEF;Japão;1
MUNICIPAL;ADAMANTINA;OSVALDO CRUZ;OSVALDO CRUZ;0;196228;HOLANDA ZOCATELLI BENITO CRECHE E PRE ESCOLA;Dominicana, República;1
MUNICIPAL;ADAMANTINA;OSVALDO CRUZ;OSVALDO CRUZ;0;219769;MAX WIRTH EMEF;Portugal;1
MUNICIPAL;ADAMANTINA;OSVALDO CRUZ;OSVALDO CRUZ;0;272632;GETULIO VARGAS DR EMEF;Bolívia;1
MUNICIPAL;ADAMANTINA;OURO VERDE;OURO VERDE;0;215521;JULIA ROSEIRA JERONIMO PROFA EMEF;Venezuela;1
MUNICIPAL;ADAMANTINA;SAGRES;SAGRES;0;243188;RENATA ALVES GUIMARAES RIBEIRO CRECHE MUNICIPAL;Venezuela;1
MUNICIPAL;AMERICANA;AMERICANA;AMERICANA;0;4407;EMEF PROFESSOR JONAS CORREA DE ARRUDA FILHO;África do Sul;2
MUNICIPAL;AMERICANA;AMERICANA;AMERICANA;0;4407;EMEF PROFESSOR JONAS CORREA DE ARRUDA FILHO;Bolívia;21
MUNICIPAL;AMERICANA;AMERICANA;AMERICANA;0;4407;EMEF PROFESSOR JONAS CORREA DE ARRUDA FILHO;Chile;1
MUNICIPAL;AMERICANA;AMERICANA;AMERICANA;0;4407;EMEF PROFESSOR JONAS CORREA DE ARRUDA FILHO;Colômbia;2
MUNICIPAL;AMERICANA;AMERICANA;AMERICANA;0;4407;EMEF PROFESSOR JONAS CORREA DE ARRUDA FILHO;Espanha;1
MUNICIPAL;AMERICANA;AMERICANA;AMERICANA;0;4407;EMEF PROFESSOR JONAS CORREA DE ARRUDA FILHO;Filipinas;1
MUNICIPAL;AMERICANA;AMERICANA;AMERICANA;0;4407;EMEF PROFESSOR JONAS CORREA DE ARRUDA FILHO;Haiti;3
MUNICIPAL;AMERICANA;AMERICANA;AMERICANA;0;4407;EMEF PROFESSOR JONAS CORREA DE ARRUDA FILHO;Venezuela;5
MUNICIPAL;AMERICANA;AMERICANA;AMERICANA;0;58579;PHILOMENA MAGALY MAKLUF ROSSETTI PROFESSORA CIEP;Bolívia;7
MUNICIPAL;AMERICANA;AMERICANA;AMERICANA;0;58579;PHILOMENA MAGALY MAKLUF ROSSETTI PROFESSORA CIEP;Haiti;5
MUNICIPAL;AMERICANA;AMERICANA;AMERICANA;0;58579;PHILOMENA MAGALY MAKLUF ROSSETTI PROFESSORA CIEP;Venezuela;1
MUNICIPAL;AMERICANA;AMERICANA;AMERICANA;0;58592;OCTAVIO CESAR BORGHI PROFESSOR CIEP;Bolívia;4
MUNICIPAL;AMERICANA;AMERICANA;AMERICANA;0;58592;OCTAVIO CESAR BORGHI PROFESSOR CIEP;Venezuela;2
MUNICIPAL;AMERICANA;AMERICANA;AMERICANA;0;58609;ONIVA DE MOURA BRIZOLA PROFESSORA CIEP;Bolívia;1
MUNICIPAL;AMERICANA;AMERICANA;AMERICANA;0;58609;ONIVA DE MOURA BRIZOLA PROFESSORA CIEP;Chile;1
MUNICIPAL;AMERICANA;AMERICANA;AMERICANA;0;58609;ONIVA DE MOURA BRIZOLA PROFESSORA CIEP;Haiti;9
MUNICIPAL;AMERICANA;AMERICANA;AMERICANA;0;58610;ANISIO SPINOLA TEIXEIRA PROFESSOR CIEP;Bolívia;1
MUNICIPAL;AMERICANA;AMERICANA;AMERICANA;0;58750;POTIRA EMEI;Argentina;2
MUNICIPAL;AMERICANA;AMERICANA;AMERICANA;0;58750;POTIRA EMEI;Bolívia;1
MUNICIPAL;AMERICANA;AMERICANA;AMERICANA;0;58750;POTIRA EMEI;Venezuela;1
MUNICIPAL;AMERICANA;AMERICANA;AMERICANA;0;60653;TANGARA EMEI;Haiti;1
MUNICIPAL;AMERICANA;AMERICANA;AMERICANA;0;82764;BATUIRA EMEI;Haiti;2
MUNICIPAL;AMERICANA;AMERICANA;AMERICANA;0;84761;PATURI EMEI;Bolívia;9
MUNICIPAL;AMERICANA;AMERICANA;AMERICANA;0;222012;SYLVINO CHINELATTO CAIC PROFESSOR;Bolívia;1
MUNICIPAL;AMERICANA;AMERICANA;AMERICANA;0;222012;SYLVINO CHINELATTO CAIC PROFESSOR;Haiti;1
MUNICIPAL;AMERICANA;AMERICANA;AMERICANA;0;228060;PAULO FREIRE EMEF;Alemanha;2
MUNICIPAL;AMERICANA;AMERICANA;AMERICANA;0;228060;PAULO FREIRE EMEF;Japão;1
MUNICIPAL;AMERICANA;AMERICANA;AMERICANA;0;228060;PAULO FREIRE EMEF;Reino Unido da Grã-Bretanha e Irlanda do Norte;3
MUNICIPAL;AMERICANA;AMERICANA;AMERICANA;0;233171;CURIMA CRECHE MUNICIPAL;Bolívia;1
MUNICIPAL;AMERICANA;AMERICANA;AMERICANA;0;233262;MANACA CASA DA CRIANCA;Bolívia;2
MUNICIPAL;AMERICANA;AMERICANA;AMERICANA;0;233262;MANACA CASA DA CRIANCA;Haiti;1
MUNICIPAL;AMERICANA;AMERICANA;AMERICANA;0;245951;FLORESTAN FERNANDES PROFESSOR EMEF;Estados Unidos da América;1
MUNICIPAL;AMERICANA;AMERICANA;AMERICANA;0;245951;FLORESTAN FERNANDES PROFESSOR EMEF;Países Baixos (Holanda);1
MUNICIPAL;AMERICANA;AMERICANA;AMERICANA;0;245951;FLORESTAN FERNANDES PROFESSOR EMEF;Venezuela;3
MUNICIPAL;AMERICANA;AMERICANA;AMERICANA;0;271871;CASA DA CRIANCA CURIO;Bolívia;2
MUNICIPAL;AMERICANA;AMERICANA;AMERICANA;0;278622;GRAUNA CASA DA CRIANCA;Venezuela;1
MUNICIPAL;AMERICANA;AMERICANA;AMERICANA;0;280975;MILTON SANTOS PROFESSOR CENTRO INTEGRADO EDUCACAO PUBLICA;Haiti;1
MUNICIPAL;AMERICANA;AMERICANA;AMERICANA;0;283460;JURITI CASA DA CRIANCA;Venezuela;2
MUNICIPAL;AMERICANA;AMERICANA;AMERICANA;0;297793;MARIA NILDE MASCELLANI CENTRO INTEGRADO DE EDUCACAO PUBLICA;Bolívia;3
MUNICIPAL;AMERICANA;AMERICANA;AMERICANA;0;452973;JAGUARI CASA DA CRIANCA;Bolívia;1
MUNICIPAL;AMERICANA;NOVA ODESSA;NOVA ODESSA;0;66059;WALTER MERENDA PROFESSOR CMEI;Chile;1
MUNICIPAL;AMERICANA;NOVA ODESSA;NOVA ODESSA;0;66059;WALTER MERENDA PROFESSOR CMEI;Haiti;2
MUNICIPAL;AMERICANA;NOVA ODESSA;NOVA ODESSA;0;66151;THERESINHA ANTONIA MALAGUETTA MERENDA PROFESSORA EMEFEI;Bolívia;1
MUNICIPAL;AMERICANA;NOVA ODESSA;NOVA ODESSA;0;66205;CMEI MARIA JOSE FLAUZINO;Venezuela;1
MUNICIPAL;AMERICANA;NOVA ODESSA;NOVA ODESSA;0;71547;MARIA CECILIA BORRIERO MILANI PROFESSORA CMEI;Bolívia;1
MUNICIPAL;AMERICANA;NOVA ODESSA;NOVA ODESSA;0;71547;MARIA CECILIA BORRIERO MILANI PROFESSORA CMEI;Estados Unidos da América;1
MUNICIPAL;AMERICANA;NOVA ODESSA;NOVA ODESSA;0;71663;EMEFEI PROFESSORA HALDREY MICHELLE BUENO;Bolívia;2
MUNICIPAL;AMERICANA;NOVA ODESSA;NOVA ODESSA;0;71663;EMEFEI PROFESSORA HALDREY MICHELLE BUENO;Haiti;2
MUNICIPAL;AMERICANA;NOVA ODESSA;NOVA ODESSA;0;228072;SALIME ABDO PROFESSOR EMEF;Bolívia;1
MUNICIPAL;AMERICANA;NOVA ODESSA;NOVA ODESSA;0;240084;EMEFEI DANTE GAZZETTA;Haiti;14
MUNICIPAL;AMERICANA;NOVA ODESSA;NOVA ODESSA;0;240084;EMEFEI DANTE GAZZETTA;Venezuela;1
MUNICIPAL;AMERICANA;NOVA ODESSA;NOVA ODESSA;0;240096;PROF? ALVINA MARIA ADAMSON EMEFEI;Bolívia;1
MUNICIPAL;AMERICANA;NOVA ODESSA;NOVA ODESSA;0;240096;PROF? ALVINA MARIA ADAMSON EMEFEI;Haiti;2
MUNICIPAL;AMERICANA;NOVA ODESSA;NOVA ODESSA;0;240096;PROF? ALVINA MARIA ADAMSON EMEFEI;Itália;1
MUNICIPAL;AMERICANA;NOVA ODESSA;NOVA ODESSA;0;240096;PROF? ALVINA MARIA ADAMSON EMEFEI;Venezuela;4
MUNICIPAL;AMERICANA;NOVA ODESSA;NOVA ODESSA;0;399243;SIMAO WELSH PREFEITO EMEFEI;Colômbia;1
MUNICIPAL;AMERICANA;NOVA ODESSA;NOVA ODESSA;0;399243;SIMAO WELSH PREFEITO EMEFEI;Haiti;1
MUNICIPAL;AMERICANA;NOVA ODESSA;NOVA ODESSA;0;399243;SIMAO WELSH PREFEITO EMEFEI;Venezuela;2
MUNICIPAL;AMERICANA;NOVA ODESSA;NOVA ODESSA;0;560716;JOSE MARIO DE MORAES PROF CEI;Venezuela;1
MUNICIPAL;AMERICANA;SANTA BARBARA D'OESTE;SANTA BARBARA D'OESTE;0;4478;ESCOLA MUNICIPAL DE EDUCACAO INFANTIL PROFESSORA RITA DE CASSIA TOLEDO MELLO SALVINO ALVES;Bolívia;1
MUNICIPAL;AMERICANA;SANTA BARBARA D'OESTE;SANTA BARBARA D'OESTE;0;4481;ESCOLA MUNICIPAL DE EDUCACAO INFANTIL PROFESSORA AUREA NADIR MARTINELLI;Bolívia;1
MUNICIPAL;AMERICANA;SANTA BARBARA D'OESTE;SANTA BARBARA D'OESTE;0;5947;ESCOLA MUNICIPAL DE EDUCACAO INFANTIL PROFESSORA NEUZA CARLETO;Venezuela;1
MUNICIPAL;AMERICANA;SANTA BARBARA D'OESTE;SANTA BARBARA D'OESTE;0;58580;LUZIA APARECIDA DA ROCHA PROFA EMEI;Bolívia;1
MUNICIPAL;AMERICANA;SANTA BARBARA D'OESTE;SANTA BARBARA D'OESTE;0;73374;MARIA ARAUJO DONA EMEI;Chile;1
MUNICIPAL;AMERICANA;SANTA BARBARA D'OESTE;SANTA BARBARA D'OESTE;0;73428;MARIA REGINA BARBOSA CARPIM PROFA EMEFEI;Bolívia;3
MUNICIPAL;AMERICANA;SANTA BARBARA D'OESTE;SANTA BARBARA D'OESTE;0;73428;MARIA REGINA BARBOSA CARPIM PROFA EMEFEI;Venezuela;1
MUNICIPAL;AMERICANA;SANTA BARBARA D'OESTE;SANTA BARBARA D'OESTE;0;73436;ROTARY EMEI;Bolívia;1
MUNICIPAL;AMERICANA;SANTA BARBARA D'OESTE;SANTA BARBARA D'OESTE;0;73441;VILMA MALUF MANTOVANI PROFESSORA EMEI;Chile;1
MUNICIPAL;AMERICANA;SANTA BARBARA D'OESTE;SANTA BARBARA D'OESTE;0;73441;VILMA MALUF MANTOVANI PROFESSORA EMEI;Haiti;1
MUNICIPAL;AMERICANA;SANTA BARBARA D'OESTE;SANTA BARBARA D'OESTE;0;73490;EUVALDO DE QUEIROZ DIAS DR AREA DE DESENVOLVIMENTO INFANTIL;Haiti;2
MUNICIPAL;AMERICANA;SANTA BARBARA D'OESTE;SANTA BARBARA D'OESTE;0;73507;ANTONIO MOLLON EMEI;Haiti;1
MUNICIPAL;AMERICANA;SANTA BARBARA D'OESTE;SANTA BARBARA D'OESTE;0;201900;IRAIDES FERREIRA LOURENCO PROFESSORA EMEFEI;Bolívia;1
MUNICIPAL;AMERICANA;SANTA BARBARA D'OESTE;SANTA BARBARA D'OESTE;0;201900;IRAIDES FERREIRA LOURENCO PROFESSORA EMEFEI;Bósnia-Herzegovina;1
MUNICIPAL;AMERICANA;SANTA BARBARA D'OESTE;SANTA BARBARA D'OESTE;0;209442;VERA LUCIA BARBOSA DE LIMA JULIATO EMEI;Angola;1
MUNICIPAL;AMERICANA;SANTA BARBARA D'OESTE;SANTA BARBARA D'OESTE;0;209442;VERA LUCIA BARBOSA DE LIMA JULIATO EMEI;Bolívia;1
MUNICIPAL;AMERICANA;SANTA BARBARA D'OESTE;SANTA BARBARA D'OESTE;0;209612;ANALIA DE LUCCA FURLAN EMEFEI;Argentina;1
MUNICIPAL;AMERICANA;SANTA BARBARA D'OESTE;SANTA BARBARA D'OESTE;0;228084;MARIA AUGUSTA CANTO CAMARGO BILIA PROFESSORA EMEFEI;Paraguai;1
MUNICIPAL;AMERICANA;SANTA BARBARA D'OESTE;SANTA BARBARA D'OESTE;0;245938;GESSI TEREZINHA BUSCHINELLI CARNEIRO PROFESSORA EMEFEI;Paraguai;1
MUNICIPAL;AMERICANA;SANTA BARBARA D'OESTE;SANTA BARBARA D'OESTE;0;270064;PURIFICACION SANCHES FONSECA PROFESSORA EMEFEI DONA PURA;Bolívia;1
MUNICIPAL;AMERICANA;SANTA BARBARA D'OESTE;SANTA BARBARA D'OESTE;0;270064;PURIFICACION SANCHES FONSECA PROFESSORA EMEFEI DONA PURA;Reino Unido da Grã-Bretanha e Irlanda do Norte;1
MUNICIPAL;AMERICANA;SANTA BARBARA D'OESTE;SANTA BARBARA D'OESTE;0;270088;AUGUSTO SCOMPARIN PROFESSOR EMEFEI;Bolívia;1
MUNICIPAL;AMERICANA;SANTA BARBARA D'OESTE;SANTA BARBARA D'OESTE;0;275876;ANTONIA DAGMAR DE ALMEIDA ROSOLEN PROFESSORA EMEFEI;Argentina;1
MUNICIPAL;AMERICANA;SANTA BARBARA D'OESTE;SANTA BARBARA D'OESTE;0;275876;ANTONIA DAGMAR DE ALMEIDA ROSOLEN PROFESSORA EMEFEI;Bolívia;1
MUNICIPAL;AMERICANA;SANTA BARBARA D'OESTE;SANTA BARBARA D'OESTE;0;299236;CARMELINA PELLEGRINO CERVONE CENTRO INTEG DE EDUC PUBLICA;Haiti;10
MUNICIPAL;AMERICANA;SANTA BARBARA D'OESTE;SANTA BARBARA D'OESTE;0;299236;CARMELINA PELLEGRINO CERVONE CENTRO INTEG DE EDUC PUBLICA;Vaticano;1
MUNICIPAL;AMERICANA;SANTA BARBARA D'OESTE;SANTA BARBARA D'OESTE;0;299236;CARMELINA PELLEGRINO CERVONE CENTRO INTEG DE EDUC PUBLICA;Venezuela;2
MUNICIPAL;AMERICANA;SANTA BARBARA D'OESTE;SANTA BARBARA D'OESTE;0;356487;VICTORIO FREGUGLIA PADRE CENTRO INTEGRADO DE EDUC PUBLICA;Bolívia;2
MUNICIPAL;AMERICANA;SANTA BARBARA D'OESTE;SANTA BARBARA D'OESTE;0;368246;THEREZINHA DE CASTRO PACHECO SBRAVATTI PROFESSORA CIEP;Bolívia;2
MUNICIPAL;AMERICANA;SANTA BARBARA D'OESTE;SANTA BARBARA D'OESTE;0;368246;THEREZINHA DE CASTRO PACHECO SBRAVATTI PROFESSORA CIEP;Portugal;1
MUNICIPAL;AMERICANA;SANTA BARBARA D'OESTE;SANTA BARBARA D'OESTE;0;564977;EDUARDO KOAIK DOM CENTRO INTEG DE ED PUBLICA;Haiti;1
MUNICIPAL;ANDRADINA;ANDRADINA;ANDRADINA;0;64889;EULALIA MATOS OLIVEIRA EMEI;Japão;1
MUNICIPAL;ANDRADINA;ANDRADINA;ANDRADINA;0;200888;MARIA VERA QUENTAL TAMAI PROFESSORA EMEI;Paraguai;1
MUNICIPAL;ANDRADINA;ANDRADINA;ANDRADINA;0;249531;MARIA VERA QUENTAL TAMAI PROFESSORA EMEBI;Japão;1
MUNICIPAL;ANDRADINA;ANDRADINA;ANDRADINA;0;249531;MARIA VERA QUENTAL TAMAI PROFESSORA EMEBI;Paraguai;1
MUNICIPAL;ANDRADINA;ANDRADINA;ANDRADINA;0;249543;ZORAIDE DE CARVALHO OLIVEIRA PROFESSORA EMEF;Cuba;1
MUNICIPAL;ANDRADINA;ANDRADINA;ANDRADINA;0;249543;ZORAIDE DE CARVALHO OLIVEIRA PROFESSORA EMEF;Egipto;1
MUNICIPAL;ANDRADINA;CASTILHO;CASTILHO;0;444911;DIJANIRA BOZZO JORGE PROFESSORA EMEIEF;Haiti;1
MUNICIPAL;ANDRADINA;CASTILHO;CASTILHO;36;217335;MARIA DAURIA SILVA OLIVEIRA PROFESSORA EMEIEF;Paraguai;1
MUNICIPAL;ANDRADINA;ILHA SOLTEIRA;ILHA SOLTEIRA;0;50684;PAULO FREIRE EMEF;Portugal;1
MUNICIPAL;ANDRADINA;ILHA SOLTEIRA;ILHA SOLTEIRA;0;207573;LUCIA MARIA DONATO GARCIA EMEF;Portugal;1
MUNICIPAL;ANDRADINA;ILHA SOLTEIRA;ILHA SOLTEIRA;0;207585;APARECIDA BENEDITA BRITO DA SILVA PROFESSORA EMEF;Japão;1
MUNICIPAL;ANDRADINA;ITAPURA;ITAPURA;0;278415;BENEDITO LOURIVAL JERONYMO EMEF;Espanha;1
MUNICIPAL;ANDRADINA;NOVA INDEPENDENCIA;NOVA INDEPENDENCIA;0;584162;CRECHE ESCOLA MUNICIPAL MARIA NERIS DE SOUZA;Austrália;1
MUNICIPAL;ANDRADINA;SUD MENNUCCI;SUD MENNUCCI;0;273569;VICTOR PADILHA PROFESSOR EMEF;Japão;2
MUNICIPAL;ANDRADINA;SUD MENNUCCI;SUD MENNUCCI;0;273569;VICTOR PADILHA PROFESSOR EMEF;Portugal;4
MUNICIPAL;APIAI;GUAPIARA;GUAPIARA;0;57496;NOEL DE FREITAS GOMES DR EMEF;Japão;1
MUNICIPAL;APIAI;RIBEIRAO BRANCO;RIBEIRAO BRANCO;0;80202;HONORATO FERREIRA DA SILVA EMEF;Venezuela;7
MUNICIPAL;APIAI;RIBEIRAO BRANCO;RIBEIRAO BRANCO;0;227109;JOAO NIVALDO DE MORAIS PROF EMEF;Japão;1
MUNICIPAL;ARACATUBA;ARACATUBA;ARACATUBA;0;65109;FAUSTINA MAXIMINIANO DO AMARAL EMEB;Venezuela;1
MUNICIPAL;ARACATUBA;ARACATUBA;ARACATUBA;0;68846;LUCILENE DO NASCIMENTO EMEB;Venezuela;2
MUNICIPAL;ARACATUBA;ARACATUBA;ARACATUBA;0;97561;MARIAZINHA SANCHES DE OLIVEIRA COSTA MILOCH EMEB;Espanha;1
MUNICIPAL;ARACATUBA;ARACATUBA;ARACATUBA;0;202526;ERMELINDA GERALDA DA SILVA SOGA EMEB;Venezuela;3
MUNICIPAL;ARACATUBA;ARACATUBA;ARACATUBA;0;202551;NORMA GAZONI MARTINS PROFESSORA EMEB;Venezuela;1
MUNICIPAL;ARACATUBA;ARACATUBA;ARACATUBA;0;239926;ANNA DOS SANTOS DE BARROS PROFESSORA EMEB;Venezuela;2
MUNICIPAL;ARACATUBA;ARACATUBA;ARACATUBA;0;239938;DARCY FONTANELLI PROFESSOR EMEB;Venezuela;1
MUNICIPAL;ARACATUBA;ARACATUBA;ARACATUBA;0;239951;FRANCISCA DE ARRUDA FERNANDES EMEB;Colômbia;1
MUNICIPAL;ARACATUBA;ARACATUBA;ARACATUBA;0;239951;FRANCISCA DE ARRUDA FERNANDES EMEB;Venezuela;1
MUNICIPAL;ARACATUBA;ARACATUBA;ARACATUBA;0;239975;JOSE MACHADO NETO PROFESSOR EMEB;Bolívia;1
MUNICIPAL;ARACATUBA;ARACATUBA;ARACATUBA;0;239987;LAURO BITTENCOURT PROFESSOR EMEB;Portugal;1
MUNICIPAL;ARACATUBA;ARACATUBA;ARACATUBA;0;240000;LEDA APARECIDA LIMA MARTINS PROFESSORA EMEB;Portugal;1
MUNICIPAL;ARACATUBA;ARACATUBA;ARACATUBA;0;338989;ANTONIO RODRIGUES MARTINS NETO PROFESSOR EMEB;Japão;1
MUNICIPAL;ARACATUBA;ARACATUBA;ARACATUBA;0;338989;ANTONIO RODRIGUES MARTINS NETO PROFESSOR EMEB;Portugal;1
MUNICIPAL;ARACATUBA;ARACATUBA;ARACATUBA;0;338989;ANTONIO RODRIGUES MARTINS NETO PROFESSOR EMEB;Venezuela;1
MUNICIPAL;ARACATUBA;ARACATUBA;ARACATUBA;0;339180;CRISTIANO OLSEN EMEB;Cuba;2
MUNICIPAL;ARACATUBA;ARACATUBA;ARACATUBA;0;339180;CRISTIANO OLSEN EMEB;Venezuela;2
MUNICIPAL;ARACATUBA;ARACATUBA;ARACATUBA;0;339349;VICTOR RIBEIRO MAZZEI MONSENHOR EMEB;Haiti;1
MUNICIPAL;ARACATUBA;ARACATUBA;ARACATUBA;0;339350;CARMELIA MELLO FONSECA PROFESSORA EMEB;Japão;1
MUNICIPAL;ARACATUBA;ARACATUBA;ARACATUBA;0;586468;EMEB PROFA LEILA CRISTINA DE FREITAS MACHADO;Venezuela;1
MUNICIPAL;ARACATUBA;VALPARAISO;VALPARAISO;0;65110;DOM PEDRO I EMEI;Japão;1
MUNICIPAL;ARACATUBA;VALPARAISO;VALPARAISO;0;272735;JOSE DE CASTRO EMEF;Japão;1
MUNICIPAL;ARARAQUARA;AMERICO BRASILIENSE;AMERICO BRASILIENSE;0;215211;JOAO BAPTISTA PEREIRA DE ALMEIDA DR EMEF;Venezuela;1
MUNICIPAL;ARARAQUARA;AMERICO BRASILIENSE;AMERICO BRASILIENSE;0;225897;VIRGILIO GOMES PROF EMEF;Peru;1
MUNICIPAL;ARARAQUARA;AMERICO BRASILIENSE;AMERICO BRASILIENSE;0;247212;LILIANE MAURICIO CENTRO DE EDUCACAO E RECREACAO;Venezuela;2
MUNICIPAL;ARARAQUARA;ARARAQUARA;ARARAQUARA;0;74202;ALVARO WALDEMAR COLINO CER;Bolívia;1
MUNICIPAL;ARARAQUARA;ARARAQUARA;ARARAQUARA;0;74202;ALVARO WALDEMAR COLINO CER;Colômbia;1
MUNICIPAL;ARARAQUARA;ARARAQUARA;ARARAQUARA;0;74251;CONCHETA SMIRNE MENDONCA CER;Colômbia;1
MUNICIPAL;ARARAQUARA;ARARAQUARA;ARARAQUARA;0;74251;CONCHETA SMIRNE MENDONCA CER;Guiné-Bissau;2
MUNICIPAL;ARARAQUARA;ARARAQUARA;ARARAQUARA;0;74263;CYRO GUEDES RAMOS CER;Peru;1
MUNICIPAL;ARARAQUARA;ARARAQUARA;ARARAQUARA;0;74275;EDUARDO BORGES COELHO CER;México;1
MUNICIPAL;ARARAQUARA;ARARAQUARA;ARARAQUARA;0;74378;MARIA JOSE PAHIN DA PORCIUNCULA CER;Venezuela;1
MUNICIPAL;ARARAQUARA;ARARAQUARA;ARARAQUARA;0;74385;MARIA PRADELLI MALARA CER;Colômbia;1
MUNICIPAL;ARARAQUARA;ARARAQUARA;ARARAQUARA;0;74385;MARIA PRADELLI MALARA CER;Venezuela;1
MUNICIPAL;ARARAQUARA;ARARAQUARA;ARARAQUARA;0;128880;ANTONIO CUSTODIO DE LIMA CENTRO DE EDUCACAO E RECREACAO;Venezuela;4
MUNICIPAL;ARARAQUARA;ARARAQUARA;ARARAQUARA;0;211989;RICARDO DE CARAMURU DE CASTRO MONTEIRO CER;Colômbia;2
MUNICIPAL;ARARAQUARA;ARARAQUARA;ARARAQUARA;0;239823;ALTAMIRA AMORIM MANTESE PROFA EMEF;Venezuela;3
MUNICIPAL;ARARAQUARA;ARARAQUARA;ARARAQUARA;0;239835;OLGA FERREIRA CAMPOS PROFA EMEF;Colômbia;4
MUNICIPAL;ARARAQUARA;ARARAQUARA;ARARAQUARA;0;239835;OLGA FERREIRA CAMPOS PROFA EMEF;Venezuela;2
MUNICIPAL;ARARAQUARA;ARARAQUARA;ARARAQUARA;0;245914;WALDEMAR SAFFIOTTI PROF EMEF;Peru;2
MUNICIPAL;ARARAQUARA;ARARAQUARA;ARARAQUARA;0;245914;WALDEMAR SAFFIOTTI PROF EMEF;Venezuela;1
MUNICIPAL;ARARAQUARA;ARARAQUARA;ARARAQUARA;0;271676;ZILDA MARTINS PIERRE PROFA CER;Colômbia;1
MUNICIPAL;ARARAQUARA;ARARAQUARA;ARARAQUARA;0;271676;ZILDA MARTINS PIERRE PROFA CER;Venezuela;1
MUNICIPAL;ARARAQUARA;ARARAQUARA;ARARAQUARA;0;395146;RUTH VILLACA CORREIA LEITE CARDOSO PROFA DOUTORA EMEF;Venezuela;4
MUNICIPAL;ARARAQUARA;ARARAQUARA;ARARAQUARA;0;463632;JOSE ROBERTO PADUA DE CAMARGO PROFESSOR EMEF;Colômbia;1
MUNICIPAL;ARARAQUARA;ARARAQUARA;ARARAQUARA;0;463632;JOSE ROBERTO PADUA DE CAMARGO PROFESSOR EMEF;Peru;1
MUNICIPAL;ARARAQUARA;ARARAQUARA;ARARAQUARA;0;463632;JOSE ROBERTO PADUA DE CAMARGO PROFESSOR EMEF;Portugal;1
MUNICIPAL;ARARAQUARA;ARARAQUARA;ARARAQUARA;0;475300;ROSA BROGLIO ZANIN CENTRO DE EDUCACAO E RECREACAO;Venezuela;1
MUNICIPAL;ARARAQUARA;ARARAQUARA;ARARAQUARA;44;480952;FUNDECITRUS CENTRO DE EDUCACAO;Peru;2
MUNICIPAL;ARARAQUARA;BOA ESPERANCA DO SUL;BOA ESPERANCA DO SUL;0;226919;JOANA MARIA B GUEDES CIMEI;Cuba;1
MUNICIPAL;ARARAQUARA;MATAO;MATAO;0;79133;ADELINO BORDIGNON EM;Japão;1
MUNICIPAL;ARARAQUARA;MATAO;MATAO;0;202290;BENTA MARIA RAGASSI SCUTTI EMEF;Japão;1
MUNICIPAL;ARARAQUARA;MATAO;MATAO;0;348764;CELSO DE BARROS PERCHE PREFEITO EMEF;Japão;1
MUNICIPAL;ARARAQUARA;MATAO;MATAO;0;469622;DARCY DALLE VEDOVE PROFESSOR EMEI;Venezuela;1
MUNICIPAL;ARARAQUARA;RINCAO;RINCAO;0;461453;SUELI JOIOSO MARTINS CENTRO MUNICIPAL DE EDUCACAO INFANTIL;Cuba;1
MUNICIPAL;ARARAQUARA;VILA XAVIER;ARARAQUARA;0;61505;COTINHA BARROS DONA CER;Bolívia;1
MUNICIPAL;ARARAQUARA;VILA XAVIER;ARARAQUARA;0;61505;COTINHA BARROS DONA CER;Venezuela;1
MUNICIPAL;ARARAQUARA;VILA XAVIER;ARARAQUARA;44;561563;IRACEMA NOGUEIRA CENTRO DE EDUC ESCOLA MUN DE DANCA;Peru;1
MUNICIPAL;ASSIS;ASSIS;ASSIS;0;5787;EMEI PROF? PAULO MATTIOLI;Venezuela;1
MUNICIPAL;ASSIS;ASSIS;ASSIS;0;66333;DARCY RIBEIRO PROF EMEIF;Japão;1
MUNICIPAL;ASSIS;ASSIS;ASSIS;0;88390;JUDITH DE OLIVEIRA GARCEZ PROFA EMEIF;Japão;1
MUNICIPAL;ASSIS;ASSIS;ASSIS;0;97433;MANOEL SIMOES PROF EMEIF;Colômbia;1
MUNICIPAL;ASSIS;ASSIS;ASSIS;0;97433;MANOEL SIMOES PROF EMEIF;Reino Unido da Grã-Bretanha e Irlanda do Norte;2
MUNICIPAL;ASSIS;ASSIS;ASSIS;0;246219;FIRMINO LEANDRO PROF EMEIF;Venezuela;2
MUNICIPAL;ASSIS;ASSIS;ASSIS;0;248848;LUCAS THOMAS MENK EMEIF;Estados Unidos da América;1
MUNICIPAL;ASSIS;LUTECIA;LUTECIA;0;215855;ANTONIO MONTEIRO DA SILVA EMEIF;Paraguai;1
MUNICIPAL;ASSIS;PALMITAL;PALMITAL;0;96842;PAULO MOREIRA EMEI;Estados Unidos da América;1
MUNICIPAL;AVARE;AGUAS DE SANTA BARBARA;AGUAS DE SANTA BARBARA;0;221200;PAULO APARECIDO SILVERIO EMEF;Japão;1
MUNICIPAL;AVARE;ARANDU;ARANDU;0;273348;JOSE FEREZIN PREFEITO EMEF;Venezuela;1
MUNICIPAL;AVARE;AVARE;AVARE;0;65249;MARIA NAZARETH ABS PIMENTEL PROFA EMEB;França;1
MUNICIPAL;AVARE;AVARE;AVARE;0;69760;ALZIRA PAVAO PROFA EMEB;Venezuela;1
MUNICIPAL;AVARE;AVARE;AVARE;0;69796;CLARINDO MACEDO PROF EMEB;Haiti;1
MUNICIPAL;AVARE;CERQUEIRA CESAR;CERQUEIRA CESAR;0;215193;ZELY MEIRA CACCIOLARI EMEIEF;Haiti;1
MUNICIPAL;AVARE;CERQUEIRA CESAR;CERQUEIRA CESAR;0;234242;AVELINO PEREIRA PROF EMEIEF;Haiti;3
MUNICIPAL;AVARE;CERQUEIRA CESAR;CERQUEIRA CESAR;0;234254;MARIA JOSE FRANCA NOGUEIRA PROFA EMEIEF;Haiti;1
MUNICIPAL;AVARE;CERQUEIRA CESAR;CERQUEIRA CESAR;0;234254;MARIA JOSE FRANCA NOGUEIRA PROFA EMEIEF;Venezuela;1
MUNICIPAL;BARRETOS;BARRETOS;BARRETOS;0;122002;JUNTO COMPLEXO SOCIAL EDUCACIONAL AMADOR A QUEIROZ CEMEI;México;1
MUNICIPAL;BARRETOS;BARRETOS;BARRETOS;0;206261;ANALIA FRANCO EM;China;1
MUNICIPAL;BARRETOS;BARRETOS;BARRETOS;0;206261;ANALIA FRANCO EM;Síria;2
MUNICIPAL;BARRETOS;BARRETOS;BARRETOS;0;206295;CHRISTIANO CARVALHO EM;Bolívia;1
MUNICIPAL;BARRETOS;BARRETOS;BARRETOS;0;206337;LUIZA PARASSU BORGES EM;China;2
MUNICIPAL;BARRETOS;BARRETOS;BARRETOS;0;206337;LUIZA PARASSU BORGES EM;Japão;1
MUNICIPAL;BARRETOS;BARRETOS;BARRETOS;0;206349;JOAO FERREIRA LOPES DR EM;Bolívia;1
MUNICIPAL;BARRETOS;BARRETOS;BARRETOS;0;234667;DOROTHOVIO DO NASCIMENTO PROF EM;Venezuela;19
MUNICIPAL;BARRETOS;BARRETOS;BARRETOS;0;234679;GIUSEPPE CARNIMEO PROF EM;Venezuela;9
MUNICIPAL;BARRETOS;BARRETOS;BARRETOS;0;243280;FERNANDA TEIXEIRA DE ALMEIDA CEMEI;Venezuela;2
MUNICIPAL;BARRETOS;BARRETOS;BARRETOS;0;280513;MARIA FERNANDES RODRIGUES CEMEI;Japão;2
MUNICIPAL;BARRETOS;BARRETOS;BARRETOS;0;338126;FAUSTO LEX PROF EM;Venezuela;3
MUNICIPAL;BARRETOS;BARRETOS;BARRETOS;0;388592;BAIRRO RIOS CEMEIEF DO;Chile;1
MUNICIPAL;BARRETOS;BARRETOS;BARRETOS;0;573383;ELZA MARIA PITA BEZERRA CEMEI;Colômbia;1
MUNICIPAL;BARRETOS;GUAIRA;GUAIRA;0;276923;FRANCISCO GOMES DE SOUZA EMEF;Síria;1
MUNICIPAL;BARRETOS;GUAIRA;GUAIRA;0;301516;VERA LUCIA VITALI PROFESSORA EMEF;Japão;2
MUNICIPAL;BARRETOS;GUARACI;GUARACI;0;215533;ANTONIO ZUQUIM EMEF;Itália;2
MUNICIPAL;BARRETOS;GUARACI;GUARACI;44;434486;ESCOLA MUNICIPAL DE PERIODO INTEGRAL E COMPLEMENTAR PROFESSORA ROSICLEIA DE O CONCEICAO CORREA;Itália;2
MUNICIPAL;BARRETOS;OLIMPIA;OLIMPIA;0;202460;EUGENIO ZACCARELLI PROF EMEB;Estados Unidos da América;1
MUNICIPAL;BAURU;AGUDOS;AGUDOS;0;64014;CLELIA NAPOLEONE CREMA EMEFEI;Venezuela;1
MUNICIPAL;BAURU;AGUDOS;AGUDOS;0;223955;SERGIO AUGUSTO MAININI PROFESSOR EMEFEI;Venezuela;1
MUNICIPAL;BAURU;AGUDOS;AGUDOS;0;227158;LEITE CORONEL EMEF;Venezuela;2
MUNICIPAL;BAURU;BAURU;BAURU;0;63769;LIONS CLUB EMEI;Venezuela;3
MUNICIPAL;BAURU;BAURU;BAURU;0;63794;SANTA MARIA EMEF;Colômbia;2
MUNICIPAL;BAURU;BAURU;BAURU;0;63794;SANTA MARIA EMEF;Japão;2
MUNICIPAL;BAURU;BAURU;BAURU;0;76399;MARIA IZOLINA TEODORO ZANETTA EMEI;Venezuela;1
MUNICIPAL;BAURU;BAURU;BAURU;0;86587;MARIA ROSA CONCEICAO LIMA EMEI;Colômbia;1
MUNICIPAL;BAURU;BAURU;BAURU;0;86587;MARIA ROSA CONCEICAO LIMA EMEI;Venezuela;1
MUNICIPAL;BAURU;BAURU;BAURU;0;92046;ANIBAL DIFRANCIA CONEGO EMEF;Japão;1
MUNICIPAL;BAURU;BAURU;BAURU;0;92071;IVAN ENGLER DE ALMEIDA EMEF;Haiti;2
MUNICIPAL;BAURU;BAURU;BAURU;0;92071;IVAN ENGLER DE ALMEIDA EMEF;Japão;1
MUNICIPAL;BAURU;BAURU;BAURU;0;229325;ETELVINA DE ARAUJO ALMEIDA PROFA EMEI;Angola;1
MUNICIPAL;BAURU;BAURU;BAURU;0;258131;CENTRO EDUCACIONAL DE JOVENS E ADULTOS;Venezuela;7
MUNICIPAL;BAURU;BAURU;BAURU;0;373436;JOSE FRANCISCO JUNIOR  ZE DO SKINAO EMEF;Venezuela;1
MUNICIPAL;BAURU;BAURU;BAURU;0;373448;CLAUDETE DA SILVA VECCHI PROFA EMEF;Japão;2
MUNICIPAL;BAURU;BAURU;BAURU;0;437633;DALVA DE FREITAS FERRAZ COSTA PROFA EMEII;Venezuela;2
MUNICIPAL;BAURU;LENCOIS PAULISTA;LENCOIS PAULISTA;0;240837;ESCOLA MUNICIPAL DE ENSINO FUNDAMENTAL ESPERANCA DE OLIVEIRA;Venezuela;3
MUNICIPAL;BAURU;LENCOIS PAULISTA;LENCOIS PAULISTA;0;247650;ESCOLA MUNICIPAL DE EDUCACAO INFANTIL E FUNDAMENTAL PROF NELSON BROLLO;Venezuela;2
MUNICIPAL;BAURU;LUCIANOPOLIS;LUCIANOPOLIS;0;277514;JURANDIR FERREIRA EMEF;Cuba;1
MUNICIPAL;BAURU;PIRAJUI;PIRAJUI;0;463887;JOAQUIM DE TOLEDO PIZA E ALMEIDA CEL EMEF;Cuba;1
MUNICIPAL;BAURU;PIRATININGA;PIRATININGA;0;436537;JACYRA MOTTA MENDES PROFA EMEF;Japão;2
MUNICIPAL;BAURU;REGINOPOLIS;REGINOPOLIS;0;565933;FANNY DYNA MARTINS PROFA CRECHE ESCOLA MUNICIPAL;Cuba;2
MUNICIPAL;BIRIGUI;BIRIGUI;BIRIGUI;0;4046;CENTRO DE EDUCACAO INFANTIL MARIA CECILIA DE LIMA JARDIM MARONI;Paraguai;1
MUNICIPAL;BIRIGUI;BIRIGUI;BIRIGUI;0;93257;DARIO ANGELO TANTIN PROF EM;Colômbia;1
MUNICIPAL;BIRIGUI;BIRIGUI;BIRIGUI;0;94754;ODUVALDO DOSSI PROF EMEI;Venezuela;1
MUNICIPAL;BIRIGUI;BIRIGUI;BIRIGUI;0;221983;DIRCE SPINOLA NAJAS PROFA EM;Venezuela;5
MUNICIPAL;BIRIGUI;BIRIGUI;BIRIGUI;0;228679;FATIMA HAMUD NAKAD CEI;Venezuela;1
MUNICIPAL;BIRIGUI;BIRIGUI;BIRIGUI;0;228692;BELLA CLARK SOARES CENTRO DE EDUCACAO INFANTIL;Colômbia;1
MUNICIPAL;BIRIGUI;BIRIGUI;BIRIGUI;0;228692;BELLA CLARK SOARES CENTRO DE EDUCACAO INFANTIL;Venezuela;1
MUNICIPAL;BIRIGUI;BIRIGUI;BIRIGUI;0;228709;DIONISIA MIRAGAIA CARMINE  DONA DIUNA CEI;Venezuela;2
MUNICIPAL;BIRIGUI;BIRIGUI;BIRIGUI;0;228710;ENRIQUETA TERENCE DONA CENTRO DE EDUCACAO INFANTIL;Venezuela;1
MUNICIPAL;BIRIGUI;BIRIGUI;BIRIGUI;0;234904;RUTH PINTAO LOT PROFA EM;Venezuela;1
MUNICIPAL;BIRIGUI;BIRIGUI;BIRIGUI;0;240060;IZABEL BRANCO PROFA EM;Venezuela;4
MUNICIPAL;BIRIGUI;BIRIGUI;BIRIGUI;0;240072;GENI LEITE DA SILVA PROFA EM;Cuba;1
MUNICIPAL;BIRIGUI;BIRIGUI;BIRIGUI;0;240072;GENI LEITE DA SILVA PROFA EM;Haiti;3
MUNICIPAL;BIRIGUI;BIRIGUI;BIRIGUI;0;240072;GENI LEITE DA SILVA PROFA EM;Portugal;2
MUNICIPAL;BIRIGUI;BIRIGUI;BIRIGUI;0;240072;GENI LEITE DA SILVA PROFA EM;Venezuela;1
MUNICIPAL;BIRIGUI;BIRIGUI;BIRIGUI;0;271561;ADELINA BERNADETTE DOS SANTOS PACITTI PROFA EM;Venezuela;2
MUNICIPAL;BIRIGUI;BIRIGUI;BIRIGUI;0;281669;TERESINHA BOMBONATI PROFA EM;Bolívia;1
MUNICIPAL;BIRIGUI;BIRIGUI;BIRIGUI;0;281669;TERESINHA BOMBONATI PROFA EM;Venezuela;5
MUNICIPAL;BIRIGUI;BIRIGUI;BIRIGUI;0;436550;NAYR BORGES PENTEADO PROFA EM;Portugal;1
MUNICIPAL;BIRIGUI;BIRIGUI;BIRIGUI;0;436550;NAYR BORGES PENTEADO PROFA EM;Venezuela;1
MUNICIPAL;BIRIGUI;LOURDES;LOURDES;0;461994;NAIR BELOTI DE SOUZA CENTRO MUNICIPAL DE EDUCACAO INFANTIL;Canadá;2
MUNICIPAL;BOTUCATU;BOFETE;BOFETE;0;57685;LUCY CORDEIRO DE CAMPOS EMEFEI;Paraguai;1
MUNICIPAL;BOTUCATU;BOTUCATU;BOTUCATU;0;7029;EMEFI PROFESSORA DIRCE APARECIDA SARTORI SILVEIRA;Venezuela;1
MUNICIPAL;BOTUCATU;BOTUCATU;BOTUCATU;0;57708;PROFESSOR RUY AMADO PIOZZI CENTRO DE ED INFANTIL;Venezuela;1
MUNICIPAL;BOTUCATU;BOTUCATU;BOTUCATU;0;57745;JOAO MARIA DE ARAUJO JUNIOR DR EMEF;Colômbia;1
MUNICIPAL;BOTUCATU;BOTUCATU;BOTUCATU;0;57745;JOAO MARIA DE ARAUJO JUNIOR DR EMEF;Japão;3
MUNICIPAL;BOTUCATU;BOTUCATU;BOTUCATU;0;57745;JOAO MARIA DE ARAUJO JUNIOR DR EMEF;Venezuela;4
MUNICIPAL;BOTUCATU;BOTUCATU;BOTUCATU;0;202733;HORESTE SPADOTTO CENTRO EDUCACAO INFANTIL;Venezuela;1
MUNICIPAL;BOTUCATU;BOTUCATU;BOTUCATU;0;243929;PROFESSOR LUIZ CARLOS ARANHA PACHECO EMEFEI;Colômbia;2
MUNICIPAL;BOTUCATU;BOTUCATU;BOTUCATU;0;243929;PROFESSOR LUIZ CARLOS ARANHA PACHECO EMEFEI;Costa Rica;1
MUNICIPAL;BOTUCATU;BOTUCATU;BOTUCATU;0;243929;PROFESSOR LUIZ CARLOS ARANHA PACHECO EMEFEI;Guiné-Conacri;1
MUNICIPAL;BOTUCATU;BOTUCATU;BOTUCATU;0;243930;RAFAEL DE MOURA CAMPOS EMEF;Colômbia;1
MUNICIPAL;BOTUCATU;BOTUCATU;BOTUCATU;0;301334;JONAS ALVES DE ARAUJO PROFESSOR EMEF;Colômbia;1
MUNICIPAL;BOTUCATU;BOTUCATU;BOTUCATU;0;301334;JONAS ALVES DE ARAUJO PROFESSOR EMEF;Haiti;5
MUNICIPAL;BOTUCATU;BOTUCATU;BOTUCATU;0;301346;VILA SAO LUCIO ESCOLA MUNICIPAL DE EDUCACAO INFANTIL DA;Colômbia;1
MUNICIPAL;BOTUCATU;BOTUCATU;BOTUCATU;0;382814;ELDA MOSCOGLIATO PROFA EMEF;Venezuela;1
MUNICIPAL;BOTUCATU;BOTUCATU;BOTUCATU;0;430161;CARDOSO DE ALMEIDA DR EMEF;Japão;1
MUNICIPAL;BOTUCATU;BOTUCATU;BOTUCATU;0;436793;AMERICO VIRGINIO DOS SANTOS PROF EMEF;Venezuela;2
MUNICIPAL;BOTUCATU;BOTUCATU;BOTUCATU;0;464119;ESCOLA MUNICIPAL DE EDUCACAO DE JOVENS E ADULTOS  PROFESSORA ANTONIETTA MAGNANI;Rússia;2
MUNICIPAL;BOTUCATU;CONCHAS;CONCHAS;0;283526;MARIA TEIXEIRA LIMA PROFADONA NENE EM;Haiti;1
MUNICIPAL;BOTUCATU;ITATINGA;ITATINGA;0;217426;PAULO THOMAZ DA SILVA EMEF;Japão;1
MUNICIPAL;BOTUCATU;ITATINGA;ITATINGA;0;278701;ARISTEU PEDROSO DE ALMEIDA PREFEITO EMEF;Japão;2
MUNICIPAL;BOTUCATU;LARANJAL PAULISTA;LARANJAL PAULISTA;0;58476;JOAO SALTO EM;Haiti;10
MUNICIPAL;BOTUCATU;LARANJAL PAULISTA;LARANJAL PAULISTA;0;76594;MONICA BENETON DE LARA PROFA EM;Japão;1
MUNICIPAL;BOTUCATU;LARANJAL PAULISTA;LARANJAL PAULISTA;0;199576;QUINZINHO DO AMARAL EM;Haiti;1
MUNICIPAL;BOTUCATU;LARANJAL PAULISTA;LARANJAL PAULISTA;0;199576;QUINZINHO DO AMARAL EM;Portugal;1
MUNICIPAL;BOTUCATU;LARANJAL PAULISTA;LARANJAL PAULISTA;0;246098;IARA SELMA BADO PROFA EM;Haiti;2
MUNICIPAL;BOTUCATU;LARANJAL PAULISTA;LARANJAL PAULISTA;0;246098;IARA SELMA BADO PROFA EM;Venezuela;1
MUNICIPAL;BOTUCATU;LARANJAL PAULISTA;LARANJAL PAULISTA;0;249580;NOSSA SENHORA AUXILIADORA CRECHE MUNICIPAL;Chile;1
MUNICIPAL;BOTUCATU;LARANJAL PAULISTA;LARANJAL PAULISTA;0;249580;NOSSA SENHORA AUXILIADORA CRECHE MUNICIPAL;Haiti;1
MUNICIPAL;BOTUCATU;PARDINHO;PARDINHO;0;240825;ERNESTINA NOGUEIRA CESAR PROFA EMEF;Bolívia;1
MUNICIPAL;BOTUCATU;PEREIRAS;PEREIRAS;0;206970;PEDRO DE MORAES TOLEDO PROF EMEB;Haiti;1
MUNICIPAL;BOTUCATU;PEREIRAS;PEREIRAS;0;447812;DOLORES GONCALVES FRALETTI PROFESSORA EMEB;Haiti;2
MUNICIPAL;BOTUCATU;PEREIRAS;PEREIRAS;0;566135;LOURDES DE MORAES TOLEDO PROFESSORA EMEB;Chile;1
MUNICIPAL;BOTUCATU;PEREIRAS;PEREIRAS;0;566135;LOURDES DE MORAES TOLEDO PROFESSORA EMEB;Haiti;1
MUNICIPAL;BRAGANCA PAULISTA;ATIBAIA;ATIBAIA;0;70853;FLORENCIO PIRES DE CAMARGO EMEI;França;2
MUNICIPAL;BRAGANCA PAULISTA;ATIBAIA;ATIBAIA;0;105727;GILBERTO SANT ANNA  EM;Japão;3
MUNICIPAL;BRAGANCA PAULISTA;ATIBAIA;ATIBAIA;0;205953;SERAFINA LUCA CHERFEN PROFA EM;Espanha;1
MUNICIPAL;BRAGANCA PAULISTA;ATIBAIA;ATIBAIA;0;222525;ARMANDO TAMASSIA PADRE EM;Japão;3
MUNICIPAL;BRAGANCA PAULISTA;ATIBAIA;ATIBAIA;0;242081;MARIA HELENA FARIA FERRAZ PROFA EM;Brunei;5
MUNICIPAL;BRAGANCA PAULISTA;ATIBAIA;ATIBAIA;0;255294;SUPLETIVO MUNICIPAL;Egipto;2
MUNICIPAL;BRAGANCA PAULISTA;BOM JESUS DOS PERDOES;BOM JESUS DOS PERDOES;0;244156;MARIA TEREZA RAMOS PROFESSORA EMEF;Venezuela;2
MUNICIPAL;BRAGANCA PAULISTA;BOM JESUS DOS PERDOES;BOM JESUS DOS PERDOES;0;244173;HELIO DAMANTE PROF EM;Haiti;1
MUNICIPAL;BRAGANCA PAULISTA;BOM JESUS DOS PERDOES;BOM JESUS DOS PERDOES;0;268872;ARNALDO VICENTE BELLI PADRE EMEF;Venezuela;2
MUNICIPAL;BRAGANCA PAULISTA;BOM JESUS DOS PERDOES;BOM JESUS DOS PERDOES;0;277988;SERGIO GONCALVES VIANA PROF EMEF;Paraguai;1
MUNICIPAL;BRAGANCA PAULISTA;BOM JESUS DOS PERDOES;BOM JESUS DOS PERDOES;0;277988;SERGIO GONCALVES VIANA PROF EMEF;Venezuela;1
MUNICIPAL;BRAGANCA PAULISTA;BOM JESUS DOS PERDOES;BOM JESUS DOS PERDOES;0;368192;ANTONIO PRADO EMEI;Haiti;1
MUNICIPAL;BRAGANCA PAULISTA;BRAGANCA PAULISTA;BRAGANCA PAULISTA;0;204468;ALBA DAPARECIDA KLEIN PROFA EM;Venezuela;1
MUNICIPAL;BRAGANCA PAULISTA;BRAGANCA PAULISTA;BRAGANCA PAULISTA;0;204572;SAADA NADER ABI CHEDID EM;Venezuela;1
MUNICIPAL;BRAGANCA PAULISTA;BRAGANCA PAULISTA;BRAGANCA PAULISTA;0;226592;MARIA ELISA QUADROS CAMARA PROFA EM;Chile;1
MUNICIPAL;BRAGANCA PAULISTA;BRAGANCA PAULISTA;BRAGANCA PAULISTA;0;226609;JOAQUIM THEODORO DA SILVA PROF EM;Suíça;1
MUNICIPAL;BRAGANCA PAULISTA;BRAGANCA PAULISTA;BRAGANCA PAULISTA;0;226610;JORGE TIBIRICA DR EM;Japão;1
MUNICIPAL;BRAGANCA PAULISTA;BRAGANCA PAULISTA;BRAGANCA PAULISTA;0;226646;ESCOLA MUNICIPAL PROFESSOR ADELSON AZEVEDO;Portugal;1
MUNICIPAL;BRAGANCA PAULISTA;BRAGANCA PAULISTA;BRAGANCA PAULISTA;0;226695;ESCOLA MUNICIPAL DEUSMAR FABIANO MOTTA;Bolívia;1
MUNICIPAL;BRAGANCA PAULISTA;BRAGANCA PAULISTA;BRAGANCA PAULISTA;0;235246;FERNANDO AMOS SIRIANI PROF EM;Bolívia;2
MUNICIPAL;BRAGANCA PAULISTA;BRAGANCA PAULISTA;BRAGANCA PAULISTA;0;235246;FERNANDO AMOS SIRIANI PROF EM;Haiti;1
MUNICIPAL;BRAGANCA PAULISTA;BRAGANCA PAULISTA;BRAGANCA PAULISTA;0;235246;FERNANDO AMOS SIRIANI PROF EM;Venezuela;2
MUNICIPAL;BRAGANCA PAULISTA;BRAGANCA PAULISTA;BRAGANCA PAULISTA;0;246463;DINORAH RAMOS PROF EM;Bolívia;1
MUNICIPAL;BRAGANCA PAULISTA;BRAGANCA PAULISTA;BRAGANCA PAULISTA;0;246463;DINORAH RAMOS PROF EM;Venezuela;1
MUNICIPAL;BRAGANCA PAULISTA;BRAGANCA PAULISTA;BRAGANCA PAULISTA;0;249359;CARLOS FREDERICO DOS SANTOS SILVA PROF EM;Venezuela;1
MUNICIPAL;BRAGANCA PAULISTA;BRAGANCA PAULISTA;BRAGANCA PAULISTA;0;270465;MARIA LOSSASSO SABELLA PROFA EM;Argentina;1
MUNICIPAL;BRAGANCA PAULISTA;BRAGANCA PAULISTA;BRAGANCA PAULISTA;0;343183;MARIA THEREZA CACOSSI SALEMA PROFA EM;Bolívia;1
MUNICIPAL;BRAGANCA PAULISTA;BRAGANCA PAULISTA;BRAGANCA PAULISTA;0;357303;LADISLAU LEME CEL EM;Venezuela;2
MUNICIPAL;BRAGANCA PAULISTA;BRAGANCA PAULISTA;BRAGANCA PAULISTA;0;371786;MARIA ERCI RAMOS VALLE PROFA EM;Bolívia;1
MUNICIPAL;BRAGANCA PAULISTA;BRAGANCA PAULISTA;BRAGANCA PAULISTA;0;429636;MARIA DA GRACA DE MORAES PALOMBELLO PROFA EM;Argentina;1
MUNICIPAL;BRAGANCA PAULISTA;BRAGANCA PAULISTA;BRAGANCA PAULISTA;0;429636;MARIA DA GRACA DE MORAES PALOMBELLO PROFA EM;Bolívia;1
MUNICIPAL;BRAGANCA PAULISTA;BRAGANCA PAULISTA;BRAGANCA PAULISTA;0;449209;JOSE MURILLO ARRUDA PROF  PROF JUCA EM;Colômbia;2
MUNICIPAL;BRAGANCA PAULISTA;BRAGANCA PAULISTA;BRAGANCA PAULISTA;0;449209;JOSE MURILLO ARRUDA PROF  PROF JUCA EM;Japão;1
MUNICIPAL;BRAGANCA PAULISTA;BRAGANCA PAULISTA;BRAGANCA PAULISTA;0;663827;EUGENIA DE SOUZA CAMARGO EM;Colômbia;1
MUNICIPAL;BRAGANCA PAULISTA;BRAGANCA PAULISTA;BRAGANCA PAULISTA;0;663827;EUGENIA DE SOUZA CAMARGO EM;Haiti;1
MUNICIPAL;BRAGANCA PAULISTA;MORUNGABA;MORUNGABA;0;91492;IRINEU TOBIAS PROF EMEF;Venezuela;1
MUNICIPAL;BRAGANCA PAULISTA;MORUNGABA;MORUNGABA;0;198687;ESCOLA MUNICIPAL DE EDUCACAO INFANTIL MARIA DE LOURDES FRANCISCO LOPES;Venezuela;1
MUNICIPAL;BRAGANCA PAULISTA;MORUNGABA;MORUNGABA;0;272784;ANTONIO RODRIGUES DA SILVA EMEF;Espanha;1
MUNICIPAL;BRAGANCA PAULISTA;PEDRA BELA;PEDRA BELA;0;664820;BAIRRO DO CORREGO RASO EM;Japão;1
MUNICIPAL;BRAGANCA PAULISTA;PIRACAIA;PIRACAIA;0;99053;ALZIRO BRANDAO EMEFEI;Venezuela;1
MUNICIPAL;BRAGANCA PAULISTA;PIRACAIA;PIRACAIA;0;449097;ANESIO GRANADO FERREIRA DR EMEI;Venezuela;1
MUNICIPAL;BRAGANCA PAULISTA;SOCORRO;SOCORRO;0;274012;CMEI PROFESSORA TARSILA PICARELLI MARCOLINO;Venezuela;1
MUNICIPAL;BRAGANCA PAULISTA;VARGEM;VARGEM;0;222550;JOSEPHINA PARRA NEGRETTI PROFA EM;Itália;1
MUNICIPAL;CAIEIRAS;CAIEIRAS;CAIEIRAS;0;114212;ANTONIO MANOEL MONTEIRO EMEMI;Haiti;1
MUNICIPAL;CAIEIRAS;CAIEIRAS;CAIEIRAS;0;195479;CARLOS BAYERLEIN EMEF;Bolívia;1
MUNICIPAL;CAIEIRAS;CAIEIRAS;CAIEIRAS;0;195479;CARLOS BAYERLEIN EMEF;Venezuela;4
MUNICIPAL;CAIEIRAS;CAIEIRAS;CAIEIRAS;0;225794;HENRIQUE DEGASPERI EMEMI;Venezuela;2
MUNICIPAL;CAIEIRAS;CAIEIRAS;CAIEIRAS;0;257461;ALBERTINA HANSER ESCOLA MUNICIPAL DE ENSINO SUPLETIVO;Haiti;2
MUNICIPAL;CAIEIRAS;CAIEIRAS;CAIEIRAS;0;268434;LUIZ ZOVARO EMEF;Haiti;1
MUNICIPAL;CAIEIRAS;CAIEIRAS;CAIEIRAS;0;392996;ROSALINA TOSO ANTONIO ESC MUN DE EDUC MATERNAL E INFANTIL;Haiti;1
MUNICIPAL;CAIEIRAS;CAIEIRAS;CAIEIRAS;0;405140;AURORA RODRIGUES DE MORAES EMEF;Haiti;1
MUNICIPAL;CAIEIRAS;CAIEIRAS;CAIEIRAS;0;445903;LUCIANA PEDRONI PROFESSORA EMEF;Síria;1
MUNICIPAL;CAIEIRAS;CAIEIRAS;CAIEIRAS;0;478210;MANOEL HURTADO EMEF;Japão;1
MUNICIPAL;CAIEIRAS;CAJAMAR;CAJAMAR;0;4047;EMEB VICTOR HENRIQUE COSTA POSSEBON;Haiti;1
MUNICIPAL;CAIEIRAS;CAJAMAR;CAJAMAR;0;6805;EMEB ARNALDO CORREA DA SILVEIRA;Estados Unidos da América;2
MUNICIPAL;CAIEIRAS;CAJAMAR;CAJAMAR;0;497940;FERNANDO PUPO MASSAGARDI EMEB;Haiti;4
MUNICIPAL;CAIEIRAS;FRANCISCO MORATO;FRANCISCO MORATO;0;6047;VEREADOR HEITOR HARTMANN ESCOLA MUNICIPAL;Chile;1
MUNICIPAL;CAIEIRAS;FRANCISCO MORATO;FRANCISCO MORATO;0;68883;CLARICE LISPECTOR ESCOLA MUNICIPAL;Bolívia;2
MUNICIPAL;CAIEIRAS;FRANCISCO MORATO;FRANCISCO MORATO;0;77562;LEONARDO DA VINCI ESCOLA MUNICIPAL;Bolívia;1
MUNICIPAL;CAIEIRAS;FRANCISCO MORATO;FRANCISCO MORATO;0;231496;ZELIA GATTAI ESCOLA MUNICIPAL;Bolívia;1
MUNICIPAL;CAIEIRAS;FRANCISCO MORATO;FRANCISCO MORATO;0;231502;ELBA NOBREGA SOBRAL ESCOLA MUNICIPAL;Bolívia;2
MUNICIPAL;CAIEIRAS;FRANCISCO MORATO;FRANCISCO MORATO;0;231502;ELBA NOBREGA SOBRAL ESCOLA MUNICIPAL;Haiti;1
MUNICIPAL;CAIEIRAS;FRANCISCO MORATO;FRANCISCO MORATO;0;249634;CASTRO ALVES ESCOLA MUNICIPAL;Bolívia;1
MUNICIPAL;CAIEIRAS;FRANCISCO MORATO;FRANCISCO MORATO;0;276698;ANISIO SPINOLA TEIXEIRA ESCOLA MUNICIPAL;Haiti;1
MUNICIPAL;CAIEIRAS;FRANCISCO MORATO;FRANCISCO MORATO;0;276704;EGON SCHADEN PROF ESCOLA MUNICIPAL;Haiti;3
MUNICIPAL;CAIEIRAS;FRANCISCO MORATO;FRANCISCO MORATO;0;276716;FANNY GOLDBERG ESCOLA MUNICIPAL;Haiti;2
MUNICIPAL;CAIEIRAS;FRANCISCO MORATO;FRANCISCO MORATO;0;276736;JAIME GONCALVES RADIALISTA ESCOLA MUNICIPAL;Bolívia;2
MUNICIPAL;CAIEIRAS;FRANCISCO MORATO;FRANCISCO MORATO;0;276753;PAULO FREIRE ESCOLA MUNICIPAL;Bolívia;5
MUNICIPAL;CAIEIRAS;FRANCISCO MORATO;FRANCISCO MORATO;0;276765;JOSE BEZERRA SANCHES PREFEITO ESCOLA MUNICIPAL;Haiti;4
MUNICIPAL;CAIEIRAS;FRANCISCO MORATO;FRANCISCO MORATO;0;276777;LAIRCE DOS SANTOS LUPIANHA PROFA ESCOLA MUNICIPAL;Bangladesh;1
MUNICIPAL;CAIEIRAS;FRANCISCO MORATO;FRANCISCO MORATO;0;276777;LAIRCE DOS SANTOS LUPIANHA PROFA ESCOLA MUNICIPAL;Estados Unidos da América;1
MUNICIPAL;CAIEIRAS;FRANCISCO MORATO;FRANCISCO MORATO;0;276777;LAIRCE DOS SANTOS LUPIANHA PROFA ESCOLA MUNICIPAL;Haiti;1
MUNICIPAL;CAIEIRAS;FRANCISCO MORATO;FRANCISCO MORATO;0;276790;VANDA TERESINHA NALIN PROFA ESCOLA MUNICIPAL;Bolívia;1
MUNICIPAL;CAIEIRAS;FRANCISCO MORATO;FRANCISCO MORATO;0;276790;VANDA TERESINHA NALIN PROFA ESCOLA MUNICIPAL;Haiti;1
MUNICIPAL;CAIEIRAS;FRANCISCO MORATO;FRANCISCO MORATO;0;276790;VANDA TERESINHA NALIN PROFA ESCOLA MUNICIPAL;Qatar;1
MUNICIPAL;CAIEIRAS;FRANCISCO MORATO;FRANCISCO MORATO;0;276807;TANIA FERNANDES PROFA ESCOLA MUNICIPAL;Venezuela;1
MUNICIPAL;CAIEIRAS;FRANCISCO MORATO;FRANCISCO MORATO;0;283733;ISABEL LUPIANHES ROMERA RYAN ESCOLA MUNICIPAL;Bolívia;2
MUNICIPAL;CAIEIRAS;FRANCISCO MORATO;FRANCISCO MORATO;0;283745;HOSUE MORITA AOKI PROFA ESCOLA MUNICIPAL;Haiti;1
MUNICIPAL;CAIEIRAS;FRANCISCO MORATO;FRANCISCO MORATO;0;295673;ERICO VERISSIMO ESCOLA MUNICIPAL;Haiti;7
MUNICIPAL;CAIEIRAS;FRANCISCO MORATO;FRANCISCO MORATO;0;360818;MACHADO DE ASSIS ESCOLA MUNICIPAL;Bolívia;2
MUNICIPAL;CAIEIRAS;FRANCISCO MORATO;FRANCISCO MORATO;0;445236;TARSILA DO AMARAL ESCOLA MUNICIPAL;Bolívia;1
MUNICIPAL;CAIEIRAS;FRANCISCO MORATO;FRANCISCO MORATO;0;583613;ESCOLA MUNICIPAL PROFESSORA SANDRA REGINA COELHO RODRIGUES;Haiti;1
MUNICIPAL;CAIEIRAS;FRANCO DA ROCHA;FRANCO DA ROCHA;0;5287;EMEB ADAMASTOR BAPTISTA PROF;Haiti;2
MUNICIPAL;CAIEIRAS;FRANCO DA ROCHA;FRANCO DA ROCHA;0;50052;EMEB FLORESTAN FERNANDES;Haiti;1
MUNICIPAL;CAIEIRAS;FRANCO DA ROCHA;FRANCO DA ROCHA;0;64324;EMEB DIONYSIO BOVO;Haiti;3
MUNICIPAL;CAIEIRAS;FRANCO DA ROCHA;FRANCO DA ROCHA;0;74482;EMEB NOEL ROSA;Colômbia;1
MUNICIPAL;CAIEIRAS;FRANCO DA ROCHA;FRANCO DA ROCHA;0;203853;EMEB JOSE MAURO DE VASCONCELOS;Bolívia;1
MUNICIPAL;CAIEIRAS;FRANCO DA ROCHA;FRANCO DA ROCHA;0;276662;EMEB DONALD SAVAZONI;Centro-africana, República;1
MUNICIPAL;CAIEIRAS;FRANCO DA ROCHA;FRANCO DA ROCHA;0;276662;EMEB DONALD SAVAZONI;Dominicana, República;1
MUNICIPAL;CAIEIRAS;FRANCO DA ROCHA;FRANCO DA ROCHA;0;276662;EMEB DONALD SAVAZONI;Haiti;3
MUNICIPAL;CAIEIRAS;FRANCO DA ROCHA;FRANCO DA ROCHA;0;344977;EMEB ALCEU ANZELOTTI DR;Haiti;3
MUNICIPAL;CAIEIRAS;FRANCO DA ROCHA;FRANCO DA ROCHA;0;437955;EMEB NILZA DIAS MATHIAS;Colômbia;1
MUNICIPAL;CAIEIRAS;FRANCO DA ROCHA;FRANCO DA ROCHA;0;439228;EMEB EGYDIO JOSE PORTO PADRE;Bolívia;2
MUNICIPAL;CAIEIRAS;FRANCO DA ROCHA;FRANCO DA ROCHA;0;439228;EMEB EGYDIO JOSE PORTO PADRE;Haiti;2
MUNICIPAL;CAIEIRAS;FRANCO DA ROCHA;FRANCO DA ROCHA;0;478436;EMEB JANNETTE TENORIO DE ASSUMPCAO PROFA;Bolívia;1
MUNICIPAL;CAIEIRAS;FRANCO DA ROCHA;FRANCO DA ROCHA;0;581586;EMEB ZILDA ARNS DRA;Haiti;1
MUNICIPAL;CAIEIRAS;FRANCO DA ROCHA;FRANCO DA ROCHA;0;581598;EMEB PAULO FREIRE PROF;Haiti;2
MUNICIPAL;CAIEIRAS;JORDANESIA;CAJAMAR;0;77550;MARCELO ANTONIO RICOMINI PASCOAL EMEB;Chile;1
MUNICIPAL;CAIEIRAS;JORDANESIA;CAJAMAR;0;212398;JAILSON SILVEIRA LEITE EMEB;Haiti;2
MUNICIPAL;CAIEIRAS;JORDANESIA;CAJAMAR;0;218121;ANTONIO CARLOS CARVALHO PROF EMEB;Haiti;3
MUNICIPAL;CAIEIRAS;JORDANESIA;CAJAMAR;0;218169;GUILHERMINA DO COUTO OLIVEIRA EMEB;Espanha;1
MUNICIPAL;CAIEIRAS;JORDANESIA;CAJAMAR;0;218170;LUCY APPARECIDA BERTONCINI PROFA EMEB;Paraguai;1
MUNICIPAL;CAIEIRAS;JORDANESIA;CAJAMAR;0;218194;MARIA GONCALVES DE FREITAS GONCALVES EMEB;Haiti;7
MUNICIPAL;CAIEIRAS;JORDANESIA;CAJAMAR;0;218200;MARIA ELCE MARTINS BERTELLE PROFA EMEB;Equador;1
MUNICIPAL;CAIEIRAS;JORDANESIA;CAJAMAR;0;218200;MARIA ELCE MARTINS BERTELLE PROFA EMEB;Haiti;10
MUNICIPAL;CAIEIRAS;JORDANESIA;CAJAMAR;0;298669;ANTONIO PINTO DE CAMPOS EMEB;Haiti;2
MUNICIPAL;CAIEIRAS;MAIRIPORA;MAIRIPORA;0;98292;NANCY DE FREITAS ROLIM PROFA EM;Estados Unidos da América;1
MUNICIPAL;CAIEIRAS;MAIRIPORA;MAIRIPORA;0;218480;NICOLAU PINTO DA SILVA EM;Venezuela;1
MUNICIPAL;CAIEIRAS;MAIRIPORA;MAIRIPORA;0;225848;SHIGERU SASAKI EM;Venezuela;2
MUNICIPAL;CAIEIRAS;MAIRIPORA;MAIRIPORA;0;225859;TIRSI ANNA CASTELLANI GAMBERINI EM;Venezuela;1
MUNICIPAL;CAIEIRAS;MAIRIPORA;MAIRIPORA;0;272875;GUIDO PISANESCHI EM;Bolívia;1
MUNICIPAL;CAIEIRAS;MAIRIPORA;MAIRIPORA;0;272887;MUFARREGE SALOMAO CHAMMA EM;Espanha;1
MUNICIPAL;CAIEIRAS;MAIRIPORA;MAIRIPORA;0;272899;DIVINA ANASTACIO DO NASCIMENTO EM;Venezuela;1
MUNICIPAL;CAIEIRAS;MAIRIPORA;MAIRIPORA;0;272917;ELIZA NEGRI DA SILVA ESCOLA MUNICIPAL;Venezuela;7
MUNICIPAL;CAIEIRAS;MAIRIPORA;MAIRIPORA;0;272942;IDALINA DA SILVA CARDOSO EM;Venezuela;1
MUNICIPAL;CAIEIRAS;MAIRIPORA;MAIRIPORA;0;272978;ESCOLA MUNICIPAL PROFESSORA MAGALI GUARISO DE CAMPOS;Bolívia;2
MUNICIPAL;CAIEIRAS;MAIRIPORA;MAIRIPORA;0;662999;RAMIRA FELIX DA SILVA EM;Portugal;1
MUNICIPAL;CAIEIRAS;POLVILHO;CAJAMAR;0;6802;EMEB PROFESSOR ELISEU GOMES;Bolívia;1
MUNICIPAL;CAIEIRAS;POLVILHO;CAJAMAR;0;98115;EMEB PROFESSORA CLEIDE APARECIDA FIUZA PENIDO;Bolívia;3
MUNICIPAL;CAIEIRAS;POLVILHO;CAJAMAR;0;98115;EMEB PROFESSORA CLEIDE APARECIDA FIUZA PENIDO;Haiti;2
MUNICIPAL;CAIEIRAS;POLVILHO;CAJAMAR;0;218133;ROSA HELENA MOTTA MARCONDES SOUSA PROFA EMEB;Paraguai;1
MUNICIPAL;CAIEIRAS;POLVILHO;CAJAMAR;0;218133;ROSA HELENA MOTTA MARCONDES SOUSA PROFA EMEB;Venezuela;1
MUNICIPAL;CAIEIRAS;POLVILHO;CAJAMAR;0;218212;MARIA DE LOURDES MATTAR PROFA EMEB;Haiti;10
MUNICIPAL;CAIEIRAS;POLVILHO;CAJAMAR;0;218224;ODIR GARCIA ARAUJO PROFA EMEB;Bolívia;2
MUNICIPAL;CAIEIRAS;POLVILHO;CAJAMAR;0;218236;EVA ROSA DE OLIVEIRA SANTOS EMEB;Argentina;1
MUNICIPAL;CAIEIRAS;POLVILHO;CAJAMAR;0;218236;EVA ROSA DE OLIVEIRA SANTOS EMEB;Bolívia;5
MUNICIPAL;CAIEIRAS;POLVILHO;CAJAMAR;0;218248;MARA APARECIDA ALVES DA SILVA GOMES;Colômbia;1
MUNICIPAL;CAIEIRAS;POLVILHO;CAJAMAR;0;218248;MARA APARECIDA ALVES DA SILVA GOMES;Haiti;2
MUNICIPAL;CAIEIRAS;POLVILHO;CAJAMAR;0;218248;MARA APARECIDA ALVES DA SILVA GOMES;Venezuela;2
MUNICIPAL;CAIEIRAS;POLVILHO;CAJAMAR;0;298657;EMEB PROFESSOR RONALDO PERES GERALDI;Bolívia;1
MUNICIPAL;CAIEIRAS;POLVILHO;CAJAMAR;0;298657;EMEB PROFESSOR RONALDO PERES GERALDI;Bósnia-Herzegovina;1
MUNICIPAL;CAIEIRAS;POLVILHO;CAJAMAR;0;391876;VINICIUS COUTO SILVA EMEB;Venezuela;1
MUNICIPAL;CAIEIRAS;POLVILHO;CAJAMAR;0;587436;EMEB KARINE PEREIRA SANTIAGO;Bolívia;2
MUNICIPAL;CAMPINAS LESTE;BARAO DE GERALDO;CAMPINAS;0;59249;AGOSTINHO PATTARO CEI;Chile;1
MUNICIPAL;CAMPINAS LESTE;BARAO DE GERALDO;CAMPINAS;0;59249;AGOSTINHO PATTARO CEI;Guiana;1
MUNICIPAL;CAMPINAS LESTE;BARAO DE GERALDO;CAMPINAS;0;59249;AGOSTINHO PATTARO CEI;Haiti;1
MUNICIPAL;CAMPINAS LESTE;BARAO DE GERALDO;CAMPINAS;0;59249;AGOSTINHO PATTARO CEI;Paquistão;1
MUNICIPAL;CAMPINAS LESTE;BARAO DE GERALDO;CAMPINAS;0;59249;AGOSTINHO PATTARO CEI;Venezuela;2
MUNICIPAL;CAMPINAS LESTE;BARAO DE GERALDO;CAMPINAS;0;71122;DULCE BENTO NASCIMENTO PROFA EMEF;Dominicana, República;1
MUNICIPAL;CAMPINAS LESTE;BARAO DE GERALDO;CAMPINAS;0;71122;DULCE BENTO NASCIMENTO PROFA EMEF;Venezuela;1
MUNICIPAL;CAMPINAS LESTE;CAMPINAS LESTE;CAMPINAS;0;80639;HERMINIA RICCI PROFA CEI;Haiti;1
MUNICIPAL;CAMPINAS LESTE;CAMPINAS LESTE;CAMPINAS;0;80639;HERMINIA RICCI PROFA CEI;Venezuela;6
MUNICIPAL;CAMPINAS LESTE;CAMPINAS LESTE;CAMPINAS;0;570837;CEI BEM QUERER RUBEM ALVES;Venezuela;1
MUNICIPAL;CAMPINAS LESTE;CAMPINAS LESTE;CAMPINAS;0;581999;CEI BEM QUERER AMELIA PIRES PALERMO;Haiti;4
MUNICIPAL;CAMPINAS LESTE;CAMPINAS OESTE;CAMPINAS;0;59134;JOSE NARCISO V EHRENBERG PADRE EMEF;Haiti;2
MUNICIPAL;CAMPINAS LESTE;CAMPINAS OESTE;CAMPINAS;0;59201;SYLVIA SIMOES MAGRO PROFA EMEF;Colômbia;2
MUNICIPAL;CAMPINAS LESTE;CAMPINAS OESTE;CAMPINAS;0;59225;RAUL PILA EMEF;Colômbia;1
MUNICIPAL;CAMPINAS LESTE;CAMPINAS OESTE;CAMPINAS;0;59225;RAUL PILA EMEF;Haiti;3
MUNICIPAL;CAMPINAS LESTE;CAMPINAS OESTE;CAMPINAS;0;59250;BENJAMIN CONSTANT CEI;Cuba;2
MUNICIPAL;CAMPINAS LESTE;CAMPINAS OESTE;CAMPINAS;0;59274;MANOEL GARCIA CONEGO CEI;Venezuela;2
MUNICIPAL;CAMPINAS LESTE;CAMPINAS OESTE;CAMPINAS;0;59286;MARIO GATTI DR CEI;Estados Unidos da América;2
MUNICIPAL;CAMPINAS LESTE;CAMPINAS OESTE;CAMPINAS;0;59286;MARIO GATTI DR CEI;Venezuela;1
MUNICIPAL;CAMPINAS LESTE;CAMPINAS OESTE;CAMPINAS;0;59298;PERSEU LEITE DE BARROS DR CEI;Paraguai;1
MUNICIPAL;CAMPINAS LESTE;CAMPINAS OESTE;CAMPINAS;0;59328;LAFAYETTE A S CAMARGO PREFEITO CEI;Síria;1
MUNICIPAL;CAMPINAS LESTE;CAMPINAS OESTE;CAMPINAS;0;59328;LAFAYETTE A S CAMARGO PREFEITO CEI;Venezuela;1
MUNICIPAL;CAMPINAS LESTE;CAMPINAS OESTE;CAMPINAS;0;59336;RAFAEL ANDRADE DUARTE PREFEITO CEI;Bangladesh;1
MUNICIPAL;CAMPINAS LESTE;CAMPINAS OESTE;CAMPINAS;0;59341;ARTHUR BERNARDES PRESIDENTE CEI;Países Baixos (Holanda);1
MUNICIPAL;CAMPINAS LESTE;CAMPINAS OESTE;CAMPINAS;0;59353;CARLOS ZINK PROF CEI;Colômbia;1
MUNICIPAL;CAMPINAS LESTE;CAMPINAS OESTE;CAMPINAS;0;71134;MANOEL AFFONSO FERREIRA DR CEI;Bolívia;1
MUNICIPAL;CAMPINAS LESTE;CAMPINAS OESTE;CAMPINAS;0;71134;MANOEL AFFONSO FERREIRA DR CEI;Venezuela;1
MUNICIPAL;CAMPINAS LESTE;CAMPINAS OESTE;CAMPINAS;0;83872;HILTON FEDERICI CEI;Colômbia;1
MUNICIPAL;CAMPINAS LESTE;CAMPINAS OESTE;CAMPINAS;0;83872;HILTON FEDERICI CEI;Venezuela;2
MUNICIPAL;CAMPINAS LESTE;CAMPINAS OESTE;CAMPINAS;0;84153;LEONOR SAVI CHAIB EMEF;Haiti;1
MUNICIPAL;CAMPINAS LESTE;CAMPINAS OESTE;CAMPINAS;0;86460;JARDIM ENCANTADO CEI;Afeganistão;2
MUNICIPAL;CAMPINAS LESTE;CAMPINAS OESTE;CAMPINAS;0;88663;FRANCISCO SILVA PADRE EMEF;Bolívia;1
MUNICIPAL;CAMPINAS LESTE;CAMPINAS OESTE;CAMPINAS;0;88663;FRANCISCO SILVA PADRE EMEF;Haiti;1
MUNICIPAL;CAMPINAS LESTE;CAMPINAS OESTE;CAMPINAS;0;88663;FRANCISCO SILVA PADRE EMEF;Venezuela;4
MUNICIPAL;CAMPINAS LESTE;CAMPINAS OESTE;CAMPINAS;0;204808;ESPERANCA DO AMANHA CEI;Haiti;1
MUNICIPAL;CAMPINAS LESTE;CAMPINAS OESTE;CAMPINAS;0;204845;ROBERTO TELLES SAMPAIO DR CEI;Haiti;2
MUNICIPAL;CAMPINAS LESTE;CAMPINAS OESTE;CAMPINAS;0;205084;CASTELO BRANCO PRESIDENTE CEI;Venezuela;1
MUNICIPAL;CAMPINAS LESTE;CAMPINAS OESTE;CAMPINAS;0;208255;ALEXANDRE SARTORI FARIA CEI;Peru;1
MUNICIPAL;CAMPINAS LESTE;CAMPINAS OESTE;CAMPINAS;0;213718;DONA JULIA DOS SANTOS DIAS CEI;Bolívia;1
MUNICIPAL;CAMPINAS LESTE;CAMPINAS OESTE;CAMPINAS;0;230650;GENY RODRIGUES PROFA EMEF;Colômbia;1
MUNICIPAL;CAMPINAS LESTE;CAMPINAS OESTE;CAMPINAS;0;257285;CEMEFEJA PIERRE BONHOMME;Angola;1
MUNICIPAL;CAMPINAS LESTE;CAMPINAS OESTE;CAMPINAS;0;257285;CEMEFEJA PIERRE BONHOMME;Itália;1
MUNICIPAL;CAMPINAS LESTE;CAMPINAS OESTE;CAMPINAS;0;265421;PAULO FREIRE CEMEFEJA;Angola;1
MUNICIPAL;CAMPINAS LESTE;CAMPINAS OESTE;CAMPINAS;0;269608;UEF CPAT CENTRO PUBLICO DE APOIO AO TRABALHADOR;China;1
MUNICIPAL;CAMPINAS LESTE;CAMPINAS OESTE;CAMPINAS;0;284531;UEF PE JOSE NARCISO VIEIRA EHRENBERG;Haiti;2
MUNICIPAL;CAMPINAS LESTE;CAMPINAS OESTE;CAMPINAS;38;192570;ANTONIO DA COSTA SANTOS PREFEITO CEPROCAMP;Peru;1
MUNICIPAL;CAMPINAS LESTE;JAGUARIUNA;JAGUARIUNA;0;70877;TURMA DO BALAO MAGICO EMEI;Haiti;1
MUNICIPAL;CAMPINAS LESTE;JAGUARIUNA;JAGUARIUNA;0;80226;FRANKLIN DE TOLEDO PIZA FILHO DR EM;Haiti;1
MUNICIPAL;CAMPINAS LESTE;JAGUARIUNA;JAGUARIUNA;0;225046;ANGELO BIZZO EMEB;Canadá;2
MUNICIPAL;CAMPINAS LESTE;JAGUARIUNA;JAGUARIUNA;0;278257;ADONE BONETTI PREFEITO EM;Haiti;1
MUNICIPAL;CAMPINAS LESTE;JAGUARIUNA;JAGUARIUNA;0;278269;AMANCIO BUENO CORONEL EM;Peru;1
MUNICIPAL;CAMPINAS LESTE;JAGUARIUNA;JAGUARIUNA;0;278294;MARIA TEREZA PIVA PROFA EM;Colômbia;1
MUNICIPAL;CAMPINAS LESTE;JAGUARIUNA;JAGUARIUNA;0;278294;MARIA TEREZA PIVA PROFA EM;Índia;1
MUNICIPAL;CAMPINAS LESTE;JAGUARIUNA;JAGUARIUNA;0;278294;MARIA TEREZA PIVA PROFA EM;Portugal;2
MUNICIPAL;CAMPINAS LESTE;SOUZAS;CAMPINAS;0;71067;ZULEIKA H NOVAES PROFA CEI;Peru;1
MUNICIPAL;CAMPINAS LESTE;SOUZAS;CAMPINAS;0;91455;ANGELA CURY ZAKIA PROFA EMEF;México;1
MUNICIPAL;CAMPINAS OESTE;CAMPINAS OESTE;CAMPINAS;0;58944;JULIO DE MESQUITA FILHO EMEF;Colômbia;2
MUNICIPAL;CAMPINAS OESTE;CAMPINAS OESTE;CAMPINAS;0;59158;CORREA DE MELLO EMEF;Colômbia;3
MUNICIPAL;CAMPINAS OESTE;CAMPINAS OESTE;CAMPINAS;0;59158;CORREA DE MELLO EMEF;Espanha;1
MUNICIPAL;CAMPINAS OESTE;CAMPINAS OESTE;CAMPINAS;0;59158;CORREA DE MELLO EMEF;Japão;1
MUNICIPAL;CAMPINAS OESTE;CAMPINAS OESTE;CAMPINAS;0;59195;HUMBERTO ALENCAR CASTELO BRANCO PRES EMEF;Japão;1
MUNICIPAL;CAMPINAS OESTE;CAMPINAS OESTE;CAMPINAS;0;59365;HILARIO PEREIRA MAGRO JUNIOR PROFESSOR CEI;Haiti;1
MUNICIPAL;CAMPINAS OESTE;CAMPINAS OESTE;CAMPINAS;0;83835;CLOTILDE BARRAQUET VON ZUBEN PROFESSORA EMEF;Haiti;4
MUNICIPAL;CAMPINAS OESTE;CAMPINAS OESTE;CAMPINAS;0;86236;ODILA MAIA ROCHA BRITO PROFESSORA EMEF;Estados Unidos da América;1
MUNICIPAL;CAMPINAS OESTE;CAMPINAS OESTE;CAMPINAS;0;86236;ODILA MAIA ROCHA BRITO PROFESSORA EMEF;Portugal;1
MUNICIPAL;CAMPINAS OESTE;CAMPINAS OESTE;CAMPINAS;0;201108;ZEFERINO VAZ PROFESSOR EMEF DO CAIC;Venezuela;1
MUNICIPAL;CAMPINAS OESTE;CAMPINAS OESTE;CAMPINAS;0;201984;CAMPOS SALLES PRESIDENTE CEI;Colômbia;1
MUNICIPAL;CAMPINAS OESTE;CAMPINAS OESTE;CAMPINAS;0;202125;ZOE VALENTE BELLOCCHIO CEI;Colômbia;1
MUNICIPAL;CAMPINAS OESTE;CAMPINAS OESTE;CAMPINAS;0;202228;LIDIA BENCARDINI MASELLI CEI;Venezuela;1
MUNICIPAL;CAMPINAS OESTE;CAMPINAS OESTE;CAMPINAS;0;202236;CEI RECANTO INFANTIL VILA RICA ALAIDE LOURENCO SANTIAGO;Colômbia;1
MUNICIPAL;CAMPINAS OESTE;CAMPINAS OESTE;CAMPINAS;0;202241;MATILDE AZEVEDO EGIDIO SETUBAL CEI;Venezuela;4
MUNICIPAL;CAMPINAS OESTE;CAMPINAS OESTE;CAMPINAS;0;205102;CLAUDIO DE SOUZA NOVAES DOUTOR CEI;Chile;1
MUNICIPAL;CAMPINAS OESTE;CAMPINAS OESTE;CAMPINAS;0;205163;HAYDEE MARIA PUPO NOVAES CEI;Colômbia;1
MUNICIPAL;CAMPINAS OESTE;CAMPINAS OESTE;CAMPINAS;0;205357;SILVIA FERNANDA BONI CEI;Colômbia;1
MUNICIPAL;CAMPINAS OESTE;CAMPINAS OESTE;CAMPINAS;0;208224;MARIA BEATRIZ CARVALHO MOREIRA CEI;Portugal;1
MUNICIPAL;CAMPINAS OESTE;CAMPINAS OESTE;CAMPINAS;0;266061;MARIA JOSE GONCALVES CEI;Venezuela;1
MUNICIPAL;CAMPINAS OESTE;CAMPINAS OESTE;CAMPINAS;0;285080;UEF FUMEC DESCENTRALIZADA CAMBARA;Portugal;1
MUNICIPAL;CAMPINAS OESTE;CAMPINAS OESTE;CAMPINAS;0;348788;JOAO BATISTA FILHO CEI;México;1
MUNICIPAL;CAMPINAS OESTE;CAMPINAS OESTE;CAMPINAS;0;577169;CEI BEM QUERER PROFESSORA CONCEICAO ANITA MENDES FERREIRA GIRONDO;Venezuela;1
MUNICIPAL;CAMPINAS OESTE;CAMPINAS OESTE;CAMPINAS;0;586785;CEI BEM QUERER ROGERIO LEANDRO PORTELA SANTANA;Chile;1
MUNICIPAL;CAMPINAS OESTE;NOVA APARECIDA;CAMPINAS;0;267958;JOANA KALLAJIAN IRMA CEI;Venezuela;1
MUNICIPAL;CAMPINAS OESTE;VALINHOS;VALINHOS;0;58981;VICENTE JOSE MARCHIORI PREFEITO EMEB;Venezuela;2
MUNICIPAL;CAMPINAS OESTE;VALINHOS;VALINHOS;0;59092;LELIA FRANCO BUENO LEME PROFESSORA EMEB;Venezuela;3
MUNICIPAL;CAMPINAS OESTE;VALINHOS;VALINHOS;0;59109;NEIZE QUAGLIO MATHEDI PROFESSORA EMEB;Haiti;1
MUNICIPAL;CAMPINAS OESTE;VALINHOS;VALINHOS;0;82739;PENHO CONTE VEREADOR PROFESSOR EMEB;Japão;1
MUNICIPAL;CAMPINAS OESTE;VALINHOS;VALINHOS;0;88626;MARTINHO ROTH DOM EMEB;Venezuela;3
MUNICIPAL;CAMPINAS OESTE;VALINHOS;VALINHOS;0;227024;CECILIA MEIRELES EMEB;China;2
MUNICIPAL;CAMPINAS OESTE;VALINHOS;VALINHOS;0;227024;CECILIA MEIRELES EMEB;Marrocos;1
MUNICIPAL;CAMPINAS OESTE;VALINHOS;VALINHOS;0;227024;CECILIA MEIRELES EMEB;Venezuela;1
MUNICIPAL;CAMPINAS OESTE;VALINHOS;VALINHOS;0;227031;ALICE SULLI NONATO PROFESSORA EMEB;Haiti;2
MUNICIPAL;CAMPINAS OESTE;VALINHOS;VALINHOS;0;227043;CARLOS DE CARVALHO VIEIRA BRAGA EMEB;Síria;1
MUNICIPAL;CAMPINAS OESTE;VALINHOS;VALINHOS;0;227079;LEOPOLDO PETRUS VAM LIEMPT PADRE EMEB;Guiné-Bissau;1
MUNICIPAL;CAMPINAS OESTE;VALINHOS;VALINHOS;0;227092;ANTONIO MAMONI  VICE PREFEITO EMEB;Venezuela;15
MUNICIPAL;CAMPINAS OESTE;VALINHOS;VALINHOS;0;243536;ANDRE FRANCO MONTORO GOVERNADOR EMEB;Venezuela;2
MUNICIPAL;CAMPINAS OESTE;VALINHOS;VALINHOS;0;249026;SAO LUCAS CENTRO MUNICIPAL DE EDUCACAO INFANTIL;Venezuela;1
MUNICIPAL;CAMPINAS OESTE;VALINHOS;VALINHOS;0;282157;LUIZ ANTONIAZZI EMEB;China;1
MUNICIPAL;CAMPINAS OESTE;VALINHOS;VALINHOS;0;282157;LUIZ ANTONIAZZI EMEB;Japão;2
MUNICIPAL;CAMPINAS OESTE;VALINHOS;VALINHOS;0;282157;LUIZ ANTONIAZZI EMEB;Venezuela;1
MUNICIPAL;CAMPINAS OESTE;VALINHOS;VALINHOS;0;464806;ORESTES QUERCIA GOVERNADOR EMEB;Venezuela;1
MUNICIPAL;CAMPINAS OESTE;VINHEDO;VINHEDO;0;60203;MARQUES DE RABICO CENTRO DE EDUCACAO INFANTIL;Haiti;1
MUNICIPAL;CAMPINAS OESTE;VINHEDO;VINHEDO;0;60203;MARQUES DE RABICO CENTRO DE EDUCACAO INFANTIL;Venezuela;1
MUNICIPAL;CAMPINAS OESTE;VINHEDO;VINHEDO;0;218397;ANTONIA CANTO E SILVA CORDEIRO PROFESSORA EM;Haiti;2
MUNICIPAL;CAMPINAS OESTE;VINHEDO;VINHEDO;0;218397;ANTONIA CANTO E SILVA CORDEIRO PROFESSORA EM;Venezuela;4
MUNICIPAL;CAMPINAS OESTE;VINHEDO;VINHEDO;0;218406;CLAUDIO GOMES PROFESSOR EM;Haiti;4
MUNICIPAL;CAMPINAS OESTE;VINHEDO;VINHEDO;0;218406;CLAUDIO GOMES PROFESSOR EM;Venezuela;10
MUNICIPAL;CAMPINAS OESTE;VINHEDO;VINHEDO;0;218424;MATHIAS DOM EM;Haiti;6
MUNICIPAL;CAMPINAS OESTE;VINHEDO;VINHEDO;0;218424;MATHIAS DOM EM;Venezuela;2
MUNICIPAL;CAMPINAS OESTE;VINHEDO;VINHEDO;0;218431;RICARDO JUNCO NETO PROFESSOR EM;Estados Unidos da América;2
MUNICIPAL;CAMPINAS OESTE;VINHEDO;VINHEDO;0;218431;RICARDO JUNCO NETO PROFESSOR EM;Haiti;2
MUNICIPAL;CAMPINAS OESTE;VINHEDO;VINHEDO;0;232048;JAIR MENDES DE BARROS DOUTOR EM;Haiti;2
MUNICIPAL;CAMPINAS OESTE;VINHEDO;VINHEDO;0;242561;SACI PERERE CEI;Haiti;1
MUNICIPAL;CAMPINAS OESTE;VINHEDO;VINHEDO;0;242561;SACI PERERE CEI;Venezuela;1
MUNICIPAL;CAMPINAS OESTE;VINHEDO;VINHEDO;0;242573;TIA ANASTACIA CEI;Venezuela;1
MUNICIPAL;CAMPINAS OESTE;VINHEDO;VINHEDO;0;242597;PETER PAN CEI;Venezuela;2
MUNICIPAL;CAMPINAS OESTE;VINHEDO;VINHEDO;0;242639;MONTEIRO LOBATO CEI;Venezuela;1
MUNICIPAL;CAMPINAS OESTE;VINHEDO;VINHEDO;0;242640;SITIO DO PICA PAU AMARELO CEI;Venezuela;1
MUNICIPAL;CAMPINAS OESTE;VINHEDO;VINHEDO;0;250077;VINHEDO CENTRO MUNICIPAL DE ENSINO SUPLETIVO FUND E MEDIO;Haiti;1
MUNICIPAL;CAMPINAS OESTE;VINHEDO;VINHEDO;0;272504;ANDRE FRANCO MONTORO PROFESSOR EM;Colômbia;2
MUNICIPAL;CAMPINAS OESTE;VINHEDO;VINHEDO;0;272504;ANDRE FRANCO MONTORO PROFESSOR EM;Paraguai;1
MUNICIPAL;CAMPINAS OESTE;VINHEDO;VINHEDO;0;272504;ANDRE FRANCO MONTORO PROFESSOR EM;Venezuela;4
MUNICIPAL;CAMPINAS OESTE;VINHEDO;VINHEDO;0;275049;CUCA CENTRO DE EDUCACAO INFANTIL;Venezuela;1
MUNICIPAL;CAMPINAS OESTE;VINHEDO;VINHEDO;0;278993;SABUGOSA VISCONDE DE CEI;Venezuela;2
MUNICIPAL;CAMPINAS OESTE;VINHEDO;VINHEDO;0;287271;MARIA DE LOURDES VON ZUBEN PROFESSORA ESCOLA MUNICIPAL;Haiti;4
MUNICIPAL;CAMPINAS OESTE;VINHEDO;VINHEDO;0;304736;EDUARDO VON ZUBEN CENTRO INTEGRADO DE CIDADANIA;Colômbia;2
MUNICIPAL;CAMPINAS OESTE;VINHEDO;VINHEDO;0;304736;EDUARDO VON ZUBEN CENTRO INTEGRADO DE CIDADANIA;Venezuela;2
MUNICIPAL;CAMPINAS OESTE;VINHEDO;VINHEDO;0;309734;PEDRINHO CENTRO DE EDUCACAO INFANTIL;Venezuela;1
MUNICIPAL;CAMPINAS OESTE;VINHEDO;VINHEDO;0;466785;VILA SESAMO CENTRO DE EDUCACAO INFANTIL;Venezuela;1
MUNICIPAL;CAMPINAS OESTE;VINHEDO;VINHEDO;0;479123;NILZA MARIA CARBONARI FERRAGUT DOUTORA EM;Venezuela;4
MUNICIPAL;CAPIVARI;CAPIVARI;CAPIVARI;0;80385;MARIA ROSA LEMBO DUARTE PROFESSORA EM;Haiti;2
MUNICIPAL;CAPIVARI;CAPIVARI;CAPIVARI;0;80457;ALDO SILVEIRA PROFESSOR ESCOLA INTEGRAL DE CAPIVARI;Haiti;2
MUNICIPAL;CAPIVARI;CAPIVARI;CAPIVARI;0;272152;JOSE BENEDITO PINTO ANTUNES PROFESSOR EMEIEF;Haiti;1
MUNICIPAL;CAPIVARI;CAPIVARI;CAPIVARI;0;298585;AUGUSTO CASTANHO ESCOLA MUNICIPAL;Estados Unidos da América;1
MUNICIPAL;CAPIVARI;CAPIVARI;CAPIVARI;0;298585;AUGUSTO CASTANHO ESCOLA MUNICIPAL;Haiti;4
MUNICIPAL;CAPIVARI;CAPIVARI;CAPIVARI;0;298591;LAURA QUAGLIATO PACHECO ESCOLA MUNICIPAL;Japão;1
MUNICIPAL;CAPIVARI;CAPIVARI;CAPIVARI;0;479238;ESTER ANNICCHINO PAGOTTO PROFESSORA EMEI;Líbano;1
MUNICIPAL;CAPIVARI;ELIAS FAUSTO;ELIAS FAUSTO;0;214536;JOAO GUEDES PINTO JUNIOR PREFEITO EMEF;Japão;1
MUNICIPAL;CAPIVARI;ELIAS FAUSTO;ELIAS FAUSTO;0;245963;GERARDO MARIO TORNATORE ESCOLA MUNICIPAL;Japão;1
MUNICIPAL;CAPIVARI;ELIAS FAUSTO;ELIAS FAUSTO;0;448229;LUPERCIO GUEDES PINTO TITICO PREFEITO ESCOLA MUNICIPAL;Japão;1
MUNICIPAL;CAPIVARI;INDAIATUBA;INDAIATUBA;0;4195;CRECHE MUNICIPAL BENEDITO ANTONIO MISKO;Espanha;1
MUNICIPAL;CAPIVARI;INDAIATUBA;INDAIATUBA;0;6769;CRECHE PROF? MARINA MASCHIETTO MAGNUSSON;Bolívia;1
MUNICIPAL;CAPIVARI;INDAIATUBA;INDAIATUBA;0;59481;JOSE BALDUINO DE CAMPOS EMEI DO CAIC;Bolívia;1
MUNICIPAL;CAPIVARI;INDAIATUBA;INDAIATUBA;0;59547;OSWALDO ANTONIO TUON PROFESSOR EMEB;Venezuela;1
MUNICIPAL;CAPIVARI;INDAIATUBA;INDAIATUBA;0;60495;CENTRO DE EDUCACAO PROFISSIONAL DE INDAIATUBA  CEPIN;Japão;1
MUNICIPAL;CAPIVARI;INDAIATUBA;INDAIATUBA;0;66163;SINESIA MARTINI PROFESSORA EMEB;Venezuela;1
MUNICIPAL;CAPIVARI;INDAIATUBA;INDAIATUBA;0;66175;SUELY TEREZINHA AMSTALDEN PROFESSORA EMEB;Bolívia;1
MUNICIPAL;CAPIVARI;INDAIATUBA;INDAIATUBA;0;66199;SERGIO MARIO DE ALMEIDA PROFESSOR EMEB;Bolívia;1
MUNICIPAL;CAPIVARI;INDAIATUBA;INDAIATUBA;0;66199;SERGIO MARIO DE ALMEIDA PROFESSOR EMEB;Haiti;3
MUNICIPAL;CAPIVARI;INDAIATUBA;INDAIATUBA;0;66199;SERGIO MARIO DE ALMEIDA PROFESSOR EMEB;Paraguai;1
MUNICIPAL;CAPIVARI;INDAIATUBA;INDAIATUBA;0;66199;SERGIO MARIO DE ALMEIDA PROFESSOR EMEB;Portugal;1
MUNICIPAL;CAPIVARI;INDAIATUBA;INDAIATUBA;0;66199;SERGIO MARIO DE ALMEIDA PROFESSOR EMEB;Venezuela;9
MUNICIPAL;CAPIVARI;INDAIATUBA;INDAIATUBA;0;88766;NIZIO VIEIRA PROF EMEB DO COMPLEXO EDUCACIONAL UNID INFANTIL;Haiti;1
MUNICIPAL;CAPIVARI;INDAIATUBA;INDAIATUBA;0;88778;OSORIO GERMANO E SILVA FILHO EMEB;Japão;2
MUNICIPAL;CAPIVARI;INDAIATUBA;INDAIATUBA;0;88778;OSORIO GERMANO E SILVA FILHO EMEB;Portugal;1
MUNICIPAL;CAPIVARI;INDAIATUBA;INDAIATUBA;0;99958;JOANA GURGEL PROFESSORA EMEB;Cuba;1
MUNICIPAL;CAPIVARI;INDAIATUBA;INDAIATUBA;0;99958;JOANA GURGEL PROFESSORA EMEB;Panamá;1
MUNICIPAL;CAPIVARI;INDAIATUBA;INDAIATUBA;0;99961;PARQUE DAS NACOES EMEB;Chile;1
MUNICIPAL;CAPIVARI;INDAIATUBA;INDAIATUBA;0;109988;LEONEL JOSE VITORINO RIBEIRO PROFESSOR EMEB;Bolívia;1
MUNICIPAL;CAPIVARI;INDAIATUBA;INDAIATUBA;0;109988;LEONEL JOSE VITORINO RIBEIRO PROFESSOR EMEB;Itália;1
MUNICIPAL;CAPIVARI;INDAIATUBA;INDAIATUBA;0;192302;MARTHA STEINER FRUET PROFESSORA CRECHE;Bolívia;1
MUNICIPAL;CAPIVARI;INDAIATUBA;INDAIATUBA;0;192302;MARTHA STEINER FRUET PROFESSORA CRECHE;Reino Unido da Grã-Bretanha e Irlanda do Norte;1
MUNICIPAL;CAPIVARI;INDAIATUBA;INDAIATUBA;0;212921;ELVIRA MARIA MAFFEI PROFESSORA EMEB;Peru;1
MUNICIPAL;CAPIVARI;INDAIATUBA;INDAIATUBA;0;212945;MARIA CONCEICAO GIACOMINI BEGA PROFESSORA EMEB;Colômbia;1
MUNICIPAL;CAPIVARI;INDAIATUBA;INDAIATUBA;0;219332;MARIA BENEDICTA GUIMARAES PROFESSORA EMEB;Haiti;1
MUNICIPAL;CAPIVARI;INDAIATUBA;INDAIATUBA;0;219344;ELIZABETH DE LOURDES CARDEAL SIGRIST PROFESSORA EMEB;Bolívia;1
MUNICIPAL;CAPIVARI;INDAIATUBA;INDAIATUBA;0;219344;ELIZABETH DE LOURDES CARDEAL SIGRIST PROFESSORA EMEB;Haiti;2
MUNICIPAL;CAPIVARI;INDAIATUBA;INDAIATUBA;0;219344;ELIZABETH DE LOURDES CARDEAL SIGRIST PROFESSORA EMEB;Venezuela;2
MUNICIPAL;CAPIVARI;INDAIATUBA;INDAIATUBA;0;233729;MARIA IGNEZ PINEZZI PROFESSORA EMEB;Cuba;1
MUNICIPAL;CAPIVARI;INDAIATUBA;INDAIATUBA;0;233729;MARIA IGNEZ PINEZZI PROFESSORA EMEB;Venezuela;3
MUNICIPAL;CAPIVARI;INDAIATUBA;INDAIATUBA;0;273880;APARECIDO BATISTA DOS SANTOS PROFESSOR EMEB;Bolívia;1
MUNICIPAL;CAPIVARI;INDAIATUBA;INDAIATUBA;0;273880;APARECIDO BATISTA DOS SANTOS PROFESSOR EMEB;Colômbia;1
MUNICIPAL;CAPIVARI;INDAIATUBA;INDAIATUBA;0;273880;APARECIDO BATISTA DOS SANTOS PROFESSOR EMEB;Peru;1
MUNICIPAL;CAPIVARI;INDAIATUBA;INDAIATUBA;0;273880;APARECIDO BATISTA DOS SANTOS PROFESSOR EMEB;Uruguai;1
MUNICIPAL;CAPIVARI;INDAIATUBA;INDAIATUBA;0;273892;YOLANDA STEFFEN PROFESSORA EMEB;Colômbia;1
MUNICIPAL;CAPIVARI;INDAIATUBA;INDAIATUBA;0;273909;LOURDES FALLEIROS PEDRO PROFESSORA CRECHE MUNICIPAL;Bolívia;1
MUNICIPAL;CAPIVARI;INDAIATUBA;INDAIATUBA;0;273909;LOURDES FALLEIROS PEDRO PROFESSORA CRECHE MUNICIPAL;Portugal;1
MUNICIPAL;CAPIVARI;INDAIATUBA;INDAIATUBA;0;273910;MORIVALDO ANTONIO DE MORAIS PROFESSOR CRECHE;Venezuela;1
MUNICIPAL;CAPIVARI;INDAIATUBA;INDAIATUBA;0;279468;LUCIANA CANDIDO CARNEIRO PROFESSORA EMEB E CRECHE;Bélgica;1
MUNICIPAL;CAPIVARI;INDAIATUBA;INDAIATUBA;0;279468;LUCIANA CANDIDO CARNEIRO PROFESSORA EMEB E CRECHE;Bolívia;2
MUNICIPAL;CAPIVARI;INDAIATUBA;INDAIATUBA;0;279468;LUCIANA CANDIDO CARNEIRO PROFESSORA EMEB E CRECHE;Colômbia;1
MUNICIPAL;CAPIVARI;INDAIATUBA;INDAIATUBA;0;281499;MARIA NAZARETH PIMENTEL PROFESSORA EMEB;Bolívia;1
MUNICIPAL;CAPIVARI;INDAIATUBA;INDAIATUBA;0;281499;MARIA NAZARETH PIMENTEL PROFESSORA EMEB;Haiti;1
MUNICIPAL;CAPIVARI;INDAIATUBA;INDAIATUBA;0;281499;MARIA NAZARETH PIMENTEL PROFESSORA EMEB;Venezuela;1
MUNICIPAL;CAPIVARI;INDAIATUBA;INDAIATUBA;0;295875;PATROCINIA ROBLES PROVENZA PROFA EMEB;Venezuela;1
MUNICIPAL;CAPIVARI;INDAIATUBA;INDAIATUBA;0;295899;MARIA JOSE DE CAMPOS PROFESSORA EMEB;Bolívia;1
MUNICIPAL;CAPIVARI;INDAIATUBA;INDAIATUBA;0;295899;MARIA JOSE DE CAMPOS PROFESSORA EMEB;Venezuela;2
MUNICIPAL;CAPIVARI;INDAIATUBA;INDAIATUBA;0;299108;NIZIO VIEIRA PROF EMEB DO COMPLEXO EDUCACIONAL UNID FUND;Bolívia;4
MUNICIPAL;CAPIVARI;INDAIATUBA;INDAIATUBA;0;299108;NIZIO VIEIRA PROF EMEB DO COMPLEXO EDUCACIONAL UNID FUND;Haiti;1
MUNICIPAL;CAPIVARI;INDAIATUBA;INDAIATUBA;0;299108;NIZIO VIEIRA PROF EMEB DO COMPLEXO EDUCACIONAL UNID FUND;Venezuela;1
MUNICIPAL;CAPIVARI;INDAIATUBA;INDAIATUBA;0;356840;RENATA GUIMARAES BRANDAO ANADAO PROFESSORA EMEB;Portugal;1
MUNICIPAL;CAPIVARI;INDAIATUBA;INDAIATUBA;0;360797;MARIA ESTELLA AMSTALDEN PROFESSORA CRECHE;Bolívia;1
MUNICIPAL;CAPIVARI;INDAIATUBA;INDAIATUBA;0;435132;SAO JOSE DE ANCHIETA CRECHE MUNICIPAL;Estados Unidos da América;1
MUNICIPAL;CAPIVARI;INDAIATUBA;INDAIATUBA;0;435995;JOAO BAPTISTA DE MACEDO PROFESSOR EMEB;Espanha;1
MUNICIPAL;CAPIVARI;INDAIATUBA;INDAIATUBA;0;437529;AUREA MOREIRA DA COSTA PROFESSORA EMEB;Brasil;1
MUNICIPAL;CAPIVARI;INDAIATUBA;INDAIATUBA;0;437529;AUREA MOREIRA DA COSTA PROFESSORA EMEB;Chile;1
MUNICIPAL;CAPIVARI;INDAIATUBA;INDAIATUBA;0;437529;AUREA MOREIRA DA COSTA PROFESSORA EMEB;Colômbia;2
MUNICIPAL;CAPIVARI;INDAIATUBA;INDAIATUBA;0;437529;AUREA MOREIRA DA COSTA PROFESSORA EMEB;Malawi;1
MUNICIPAL;CAPIVARI;INDAIATUBA;INDAIATUBA;0;437530;SYLVIA TEIXEIRA DE CAMARGO SANNAZZARO PROFESSORA EMEB;Chile;1
MUNICIPAL;CAPIVARI;INDAIATUBA;INDAIATUBA;0;439988;MARINA DIAS DE CARVALHO MACEDO PROFESSORA CRECHE;Bolívia;1
MUNICIPAL;CAPIVARI;INDAIATUBA;INDAIATUBA;0;499614;LAURA FAHL CORREA PROFA EMEB;Equador;1
MUNICIPAL;CAPIVARI;INDAIATUBA;INDAIATUBA;0;499614;LAURA FAHL CORREA PROFA EMEB;Haiti;1
MUNICIPAL;CAPIVARI;MONTE MOR;MONTE MOR;0;198730;MIGUEL LATANZIO ESCOLA MUNICIPAL;Venezuela;1
MUNICIPAL;CAPIVARI;MONTE MOR;MONTE MOR;0;198742;LAZARO GONCALVES TEIXEIRA PROFESSOR EMEF;Cuba;2
MUNICIPAL;CAPIVARI;MONTE MOR;MONTE MOR;0;198754;MIGUEL JALBUT EM;Venezuela;1
MUNICIPAL;CAPIVARI;MONTE MOR;MONTE MOR;0;226038;AURELIO TRASFERETTI ESCOLA MUNICIPAL;Chile;1
MUNICIPAL;CAPIVARI;MONTE MOR;MONTE MOR;0;267247;TEREZINHA DO MENINO JESUS CALIL PROFESSORA;Venezuela;3
MUNICIPAL;CAPIVARI;MONTE MOR;MONTE MOR;0;271500;REGINA BATISTA ALEXANDRE DONA ESCOLA MUNICIPAL;Venezuela;1
MUNICIPAL;CAPIVARI;MONTE MOR;MONTE MOR;0;289243;LEOPOLDO PAVIOTTI ESCOLA MUNICIPAL;Haiti;1
MUNICIPAL;CAPIVARI;MONTE MOR;MONTE MOR;0;361665;SAN REMO ESCOLA MUNICIPAL;Haiti;1
MUNICIPAL;CAPIVARI;MONTE MOR;MONTE MOR;0;395742;LEONARDO RODRIGUES DA SILVA ESCOLA MUNICIPAL;Venezuela;2
MUNICIPAL;CAPIVARI;MONTE MOR;MONTE MOR;0;437505;VISTA ALEGRE ESCOLA MUNICIPAL;Estados Unidos da América;2
MUNICIPAL;CAPIVARI;MONTE MOR;MONTE MOR;0;437505;VISTA ALEGRE ESCOLA MUNICIPAL;Japão;1
MUNICIPAL;CAPIVARI;RIO DAS PEDRAS;RIO DAS PEDRAS;0;275116;MARIA APPARECIDA AGUIAR DEGASPARI PROFESSORA EMEF;Japão;1
MUNICIPAL;CARAGUATATUBA;CARAGUATATUBA;CARAGUATATUBA;0;22299;MARIA CARLITA S GUEDES CEI EMEI;Japão;1
MUNICIPAL;CARAGUATATUBA;CARAGUATATUBA;CARAGUATATUBA;0;78074;SANTINA NARDI MARQUES CEI EMEI;Venezuela;1
MUNICIPAL;CARAGUATATUBA;CARAGUATATUBA;CARAGUATATUBA;0;200359;EMEI EMEF PROF JOAO BENEDITO MARCONDES;Colômbia;2
MUNICIPAL;CARAGUATATUBA;CARAGUATATUBA;CARAGUATATUBA;0;215077;CARLOS DE ALMEIDA RODRIGUES DR EMEF;Espanha;1
MUNICIPAL;CARAGUATATUBA;CARAGUATATUBA;CARAGUATATUBA;0;215077;CARLOS DE ALMEIDA RODRIGUES DR EMEF;Portugal;1
MUNICIPAL;CARAGUATATUBA;CARAGUATATUBA;CARAGUATATUBA;0;215089;EMEI EMEF PROF JOAO BAPTISTA GARDELIN;Argentina;1
MUNICIPAL;CARAGUATATUBA;CARAGUATATUBA;CARAGUATATUBA;0;225952;EMEI EMEF CARLOS ALTERO ORTEGA;Colômbia;1
MUNICIPAL;CARAGUATATUBA;CARAGUATATUBA;CARAGUATATUBA;0;225976;MARIA THEREZA DE SOUZA CASTRO PROFA EMEF;Argentina;1
MUNICIPAL;CARAGUATATUBA;CARAGUATATUBA;CARAGUATATUBA;0;225976;MARIA THEREZA DE SOUZA CASTRO PROFA EMEF;Espanha;3
MUNICIPAL;CARAGUATATUBA;CARAGUATATUBA;CARAGUATATUBA;0;225976;MARIA THEREZA DE SOUZA CASTRO PROFA EMEF;Japão;2
MUNICIPAL;CARAGUATATUBA;CARAGUATATUBA;CARAGUATATUBA;0;225976;MARIA THEREZA DE SOUZA CASTRO PROFA EMEF;Venezuela;2
MUNICIPAL;CARAGUATATUBA;CARAGUATATUBA;CARAGUATATUBA;0;243449;ANTONIA RIBEIRO DA SILVA PROFA CIEFI;Bolívia;1
MUNICIPAL;CARAGUATATUBA;CARAGUATATUBA;CARAGUATATUBA;0;243449;ANTONIA RIBEIRO DA SILVA PROFA CIEFI;Canadá;1
MUNICIPAL;CARAGUATATUBA;CARAGUATATUBA;CARAGUATATUBA;0;243449;ANTONIA RIBEIRO DA SILVA PROFA CIEFI;Moçambique;1
MUNICIPAL;CARAGUATATUBA;CARAGUATATUBA;CARAGUATATUBA;0;243449;ANTONIA RIBEIRO DA SILVA PROFA CIEFI;Venezuela;2
MUNICIPAL;CARAGUATATUBA;CARAGUATATUBA;CARAGUATATUBA;0;243450;LUIZ RIBEIRO MUNIZ PROF EMEF;Reino Unido da Grã-Bretanha e Irlanda do Norte;1
MUNICIPAL;CARAGUATATUBA;CARAGUATATUBA;CARAGUATATUBA;0;243450;LUIZ RIBEIRO MUNIZ PROF EMEF;Venezuela;2
MUNICIPAL;CARAGUATATUBA;CARAGUATATUBA;CARAGUATATUBA;0;273351;CEI EMEI MESSIAS MENDES DE SOUZA;Venezuela;1
MUNICIPAL;CARAGUATATUBA;CARAGUATATUBA;CARAGUATATUBA;0;375172;RICARDO LUQUES SAMMARCO SERRA PROF EMEFEBS;Japão;1
MUNICIPAL;CARAGUATATUBA;CARAGUATATUBA;CARAGUATATUBA;0;383636;JOAO LINO DA CRUZ CENTRO DE EDUCACAO INFANTIL;Colômbia;1
MUNICIPAL;CARAGUATATUBA;CARAGUATATUBA;CARAGUATATUBA;0;402862;ADOLFINA LEONOR SOARES DOS SANTOS PROFA CIEFI;Colômbia;1
MUNICIPAL;CARAGUATATUBA;CARAGUATATUBA;CARAGUATATUBA;0;402862;ADOLFINA LEONOR SOARES DOS SANTOS PROFA CIEFI;Venezuela;1
MUNICIPAL;CARAGUATATUBA;CARAGUATATUBA;CARAGUATATUBA;0;435879;MARIA MORAES DE OLIVEIRA PROFA EMEF;Japão;1
MUNICIPAL;CARAGUATATUBA;CARAGUATATUBA;CARAGUATATUBA;0;447785;ANTONIO DE FREITAS AVELAR PROF EMEF;Bolívia;1
MUNICIPAL;CARAGUATATUBA;CARAGUATATUBA;CARAGUATATUBA;0;495025;MARIA ELMA MANSANO PROFA CEI EMEI;Estados Unidos da América;1
MUNICIPAL;CARAGUATATUBA;ILHABELA;ILHABELA;0;4368;ESCOLA MUNICIPAL PROFESSORA NILCE SIGNORINI;Japão;1
MUNICIPAL;CARAGUATATUBA;ILHABELA;ILHABELA;0;208383;LEONARDO REALE PREFEITO EM;Venezuela;2
MUNICIPAL;CARAGUATATUBA;ILHABELA;ILHABELA;0;212581;SEVERINA BARBOSA DE FARIA PROFA EM;Estados Unidos da América;1
MUNICIPAL;CARAGUATATUBA;ILHABELA;ILHABELA;0;228230;DERCY DE ANDRADE DE CASTRO PROFA EM;Japão;2
MUNICIPAL;CARAGUATATUBA;ILHABELA;ILHABELA;0;272985;JOSE ANTONIO VERZEGNASSI PROF EM;Argentina;1
MUNICIPAL;CARAGUATATUBA;ILHABELA;ILHABELA;0;272991;OPHELIA REALE MONTANHESI PROFA EM;Espanha;1
MUNICIPAL;CARAGUATATUBA;ILHABELA;ILHABELA;0;272991;OPHELIA REALE MONTANHESI PROFA EM;Paraguai;1
MUNICIPAL;CARAGUATATUBA;ILHABELA;ILHABELA;0;437049;RUTH CORREIA LEITE CARDOSO PROFA DRA EM;Argentina;3
MUNICIPAL;CARAGUATATUBA;ILHABELA;ILHABELA;0;437049;RUTH CORREIA LEITE CARDOSO PROFA DRA EM;Reino Unido da Grã-Bretanha e Irlanda do Norte;1
MUNICIPAL;CARAGUATATUBA;ILHABELA;ILHABELA;0;481099;ANTONIO MARQUES NOGUEIRA ESCOLA MUNICIPAL;Argentina;1
MUNICIPAL;CARAGUATATUBA;MARESIAS;SAO SEBASTIAO;0;280197;SEBASTIANA COSTA BITTENCOURT PROFA EM;Japão;1
MUNICIPAL;CARAGUATATUBA;MARESIAS;SAO SEBASTIAO;0;322532;EDILEUSA BRASIL SOARES DE SOUZA PROFA EM;Argentina;1
MUNICIPAL;CARAGUATATUBA;MARESIAS;SAO SEBASTIAO;0;322532;EDILEUSA BRASIL SOARES DE SOUZA PROFA EM;Portugal;1
MUNICIPAL;CARAGUATATUBA;SAO SEBASTIAO;SAO SEBASTIAO;0;57204;GUIOMAR APARECIDA DA CONCEICAO DE SOUZA PROFA EM;Japão;2
MUNICIPAL;CARAGUATATUBA;SAO SEBASTIAO;SAO SEBASTIAO;0;78104;GILMAR FURTADO DE OLIVEIRA ALEGRIA DAS CRIANCAS EMEI;Austrália;2
MUNICIPAL;CARAGUATATUBA;SAO SEBASTIAO;SAO SEBASTIAO;0;78104;GILMAR FURTADO DE OLIVEIRA ALEGRIA DAS CRIANCAS EMEI;Japão;1
MUNICIPAL;CARAGUATATUBA;SAO SEBASTIAO;SAO SEBASTIAO;0;221430;MARIA FRANCISCA SANTANA DE MOURA TAVOLARO PROFA EM;Japão;1
MUNICIPAL;CARAGUATATUBA;SAO SEBASTIAO;SAO SEBASTIAO;0;221430;MARIA FRANCISCA SANTANA DE MOURA TAVOLARO PROFA EM;Portugal;1
MUNICIPAL;CARAGUATATUBA;SAO SEBASTIAO;SAO SEBASTIAO;0;277393;HENRIQUE BOTELHO EM;Guatemala;1
MUNICIPAL;CARAGUATATUBA;SAO SEBASTIAO;SAO SEBASTIAO;0;369299;ANTONIO LUIZ MONTEIRO PROFESSOR EM;Bolívia;1
MUNICIPAL;CARAGUATATUBA;SAO SEBASTIAO;SAO SEBASTIAO;0;448916;TOPOLANDIA ESCOLA MUNICIPAL DA;Venezuela;2
MUNICIPAL;CARAGUATATUBA;UBATUBA;UBATUBA;0;57290;BESSIE FERREIRA OSORIO DE OLIVEIRA PROFA EMEI;Argentina;1
MUNICIPAL;CARAGUATATUBA;UBATUBA;UBATUBA;0;57290;BESSIE FERREIRA OSORIO DE OLIVEIRA PROFA EMEI;Estados Unidos da América;1
MUNICIPAL;CARAGUATATUBA;UBATUBA;UBATUBA;0;57319;JUDITH CABRAL DOS SANTOS EM;Argentina;1
MUNICIPAL;CARAGUATATUBA;UBATUBA;UBATUBA;0;69073;DINORAH PEREIRA DE SOUZA PROFA EMEI;Peru;1
MUNICIPAL;CARAGUATATUBA;UBATUBA;UBATUBA;0;69073;DINORAH PEREIRA DE SOUZA PROFA EMEI;Venezuela;1
MUNICIPAL;CARAGUATATUBA;UBATUBA;UBATUBA;0;70212;TANCREDO DE ALMEIDA NEVES PRESIDENTE EM;Japão;3
MUNICIPAL;CARAGUATATUBA;UBATUBA;UBATUBA;0;70212;TANCREDO DE ALMEIDA NEVES PRESIDENTE EM;Peru;1
MUNICIPAL;CARAGUATATUBA;UBATUBA;UBATUBA;0;89278;IDALINA GRACA EMEI;Síria;1
MUNICIPAL;CARAGUATATUBA;UBATUBA;UBATUBA;0;200414;MARIA ALICE LEITE DA SILVA PROFA EMEI;Canadá;1
MUNICIPAL;CARAGUATATUBA;UBATUBA;UBATUBA;0;222343;MANOEL INOCENCIO ALVES DOS SANTOS EM;Angola;1
MUNICIPAL;CARAGUATATUBA;UBATUBA;UBATUBA;0;245239;AGOSTINHO ALVES DA SILVA EM;Venezuela;1
MUNICIPAL;CARAGUATATUBA;UBATUBA;UBATUBA;0;245264;OLGA RIBAS DE ANDRADE GIL PROFA EM;Peru;5
MUNICIPAL;CARAGUATATUBA;UBATUBA;UBATUBA;0;245276;ERNESMAR DE OLIVEIRA PROF EM;Japão;2
MUNICIPAL;CARAGUATATUBA;UBATUBA;UBATUBA;0;274100;MARINA SALETE NEPOMUCENO DO AMARAL PROFA EM;Canadá;2
MUNICIPAL;CARAGUATATUBA;UBATUBA;UBATUBA;0;274458;ALTIMIRA SILVA ABIRACHED PROFA EM;Alemanha;1
MUNICIPAL;CARAGUATATUBA;UBATUBA;UBATUBA;0;274458;ALTIMIRA SILVA ABIRACHED PROFA EM;Argentina;2
MUNICIPAL;CARAGUATATUBA;UBATUBA;UBATUBA;0;274461;SILVINO TEIXEIRA LEITE PREFEITO EM;Venezuela;2
MUNICIPAL;CARAGUATATUBA;UBATUBA;UBATUBA;0;478573;CEI PROFESSORA HELOISA MARIA SALLES TEIXEIRA  TIA HELO;Argentina;1
MUNICIPAL;CARAGUATATUBA;UBATUBA;UBATUBA;0;478573;CEI PROFESSORA HELOISA MARIA SALLES TEIXEIRA  TIA HELO;Peru;2
MUNICIPAL;CARAPICUIBA;CARAPICUIBA;CARAPICUIBA;0;4138;ESCOLA MUNICIPAL DE EDUCACAO INFANTIL CELINA FERREIRA DOS SANTOS;Haiti;1
MUNICIPAL;CARAPICUIBA;CARAPICUIBA;CARAPICUIBA;0;4414;EMEI MONTEIRO LOBATO;Haiti;2
MUNICIPAL;CARAPICUIBA;CARAPICUIBA;CARAPICUIBA;0;4417;EMEI CIRANDA DA CRIANCA;Bolívia;2
MUNICIPAL;CARAPICUIBA;CARAPICUIBA;CARAPICUIBA;0;4549;EMEI STELLA MARIS;Guiana Francesa;1
MUNICIPAL;CARAPICUIBA;CARAPICUIBA;CARAPICUIBA;0;6260;ESCOLA MUNICIPAL DE EDUCACAO INFANTIL  JOSE GONCALVES;Bolívia;5
MUNICIPAL;CARAPICUIBA;CARAPICUIBA;CARAPICUIBA;0;6277;EMEI LEONILDO BRAYM;Haiti;1
MUNICIPAL;CARAPICUIBA;CARAPICUIBA;CARAPICUIBA;0;6480;EMEI DEOLINDA TRIMBOLI NOVELLO;Haiti;1
MUNICIPAL;CARAPICUIBA;CARAPICUIBA;CARAPICUIBA;0;75413;IVANI TORTOLERO PIERINE EM;Bolívia;4
MUNICIPAL;CARAPICUIBA;CARAPICUIBA;CARAPICUIBA;0;89138;NAI MOLINA DO AMARAL PROFA EMEF;Argentina;1
MUNICIPAL;CARAPICUIBA;CARAPICUIBA;CARAPICUIBA;0;89138;NAI MOLINA DO AMARAL PROFA EMEF;Bolívia;26
MUNICIPAL;CARAPICUIBA;CARAPICUIBA;CARAPICUIBA;0;89138;NAI MOLINA DO AMARAL PROFA EMEF;Cuba;1
MUNICIPAL;CARAPICUIBA;CARAPICUIBA;CARAPICUIBA;0;89138;NAI MOLINA DO AMARAL PROFA EMEF;Virgens Americanas, Ilhas;1
MUNICIPAL;CARAPICUIBA;CARAPICUIBA;CARAPICUIBA;0;90396;JOAO HORNOS FILHO DEPUTADO EMEF;Bolívia;2
MUNICIPAL;CARAPICUIBA;CARAPICUIBA;CARAPICUIBA;0;90396;JOAO HORNOS FILHO DEPUTADO EMEF;Haiti;3
MUNICIPAL;CARAPICUIBA;CARAPICUIBA;CARAPICUIBA;0;90396;JOAO HORNOS FILHO DEPUTADO EMEF;Venezuela;1
MUNICIPAL;CARAPICUIBA;CARAPICUIBA;CARAPICUIBA;0;90402;ARGEU SILVEIRA BUENO PROF EMEF;Haiti;2
MUNICIPAL;CARAPICUIBA;CARAPICUIBA;CARAPICUIBA;0;90578;EDEGAR SIMOES EMEF;Bolívia;6
MUNICIPAL;CARAPICUIBA;CARAPICUIBA;CARAPICUIBA;0;90578;EDEGAR SIMOES EMEF;Haiti;1
MUNICIPAL;CARAPICUIBA;CARAPICUIBA;CARAPICUIBA;0;90773;NOEMY DA SILVEIRA RUDOLFER PROFA EMEF;Egipto;1
MUNICIPAL;CARAPICUIBA;CARAPICUIBA;CARAPICUIBA;0;92186;MIGUEL COSTA JUNIOR PROF EMEF;Bolívia;9
MUNICIPAL;CARAPICUIBA;CARAPICUIBA;CARAPICUIBA;0;92186;MIGUEL COSTA JUNIOR PROF EMEF;Peru;1
MUNICIPAL;CARAPICUIBA;CARAPICUIBA;CARAPICUIBA;0;128442;ALGODAO DOCE CRECHE MUNICIPAL;Bolívia;1
MUNICIPAL;CARAPICUIBA;CARAPICUIBA;CARAPICUIBA;0;128491;THOMAZIA A MONTORO CRECHE MUNICIPAL;Haiti;1
MUNICIPAL;CARAPICUIBA;CARAPICUIBA;CARAPICUIBA;0;128508;CRECHE MUNICIPAL LUIZ SIMPLICIO DE ANDRADE;Bolívia;5
MUNICIPAL;CARAPICUIBA;CARAPICUIBA;CARAPICUIBA;0;128508;CRECHE MUNICIPAL LUIZ SIMPLICIO DE ANDRADE;Colômbia;1
MUNICIPAL;CARAPICUIBA;CARAPICUIBA;CARAPICUIBA;0;236202;CASTELO ENCANTADO EMEI;Venezuela;1
MUNICIPAL;CARAPICUIBA;CARAPICUIBA;CARAPICUIBA;0;236214;LETRINHAS MAGICAS EMEI;Bolívia;2
MUNICIPAL;CARAPICUIBA;CARAPICUIBA;CARAPICUIBA;0;236214;LETRINHAS MAGICAS EMEI;Haiti;1
MUNICIPAL;CARAPICUIBA;CARAPICUIBA;CARAPICUIBA;0;236226;MUNDO MAGICO EMEI;Equador;1
MUNICIPAL;CARAPICUIBA;CARAPICUIBA;CARAPICUIBA;0;236226;MUNDO MAGICO EMEI;Haiti;1
MUNICIPAL;CARAPICUIBA;CARAPICUIBA;CARAPICUIBA;0;236238;NOVO HORIZONTE EMEI;Haiti;4
MUNICIPAL;CARAPICUIBA;CARAPICUIBA;CARAPICUIBA;0;236248;SENINHA EMEI;Bolívia;1
MUNICIPAL;CARAPICUIBA;CARAPICUIBA;CARAPICUIBA;0;241957;GUSTAVO CORREA EMEI;Bolívia;1
MUNICIPAL;CARAPICUIBA;CARAPICUIBA;CARAPICUIBA;0;241957;GUSTAVO CORREA EMEI;Haiti;1
MUNICIPAL;CARAPICUIBA;CARAPICUIBA;CARAPICUIBA;0;583510;CRECHE MUNICIPAL ANTONIA PEREIRA DE MAGALHAES VO TONHA;Bolívia;10
MUNICIPAL;CARAPICUIBA;CAUCAIA DO ALTO;COTIA;0;210894;VITORIA REGIA CENTRO EDUCACIONAL;Venezuela;2
MUNICIPAL;CARAPICUIBA;CAUCAIA DO ALTO;COTIA;0;219915;JOSE MANOEL DE OLIVEIRA EM;Arménia;1
MUNICIPAL;CARAPICUIBA;CAUCAIA DO ALTO;COTIA;0;246682;EDNEIA DOS SANTOS PIRES EM;Venezuela;1
MUNICIPAL;CARAPICUIBA;CAUCAIA DO ALTO;COTIA;0;470752;CARMELINO PIRES DE OLIVEIRA PREFEITO CENTRO EDUC UNIFICADO;Bolívia;1
MUNICIPAL;CARAPICUIBA;CAUCAIA DO ALTO;COTIA;0;470752;CARMELINO PIRES DE OLIVEIRA PREFEITO CENTRO EDUC UNIFICADO;Venezuela;2
MUNICIPAL;CARAPICUIBA;COTIA;COTIA;0;67581;JARDIM ROSALINA EM;Bolívia;1
MUNICIPAL;CARAPICUIBA;COTIA;COTIA;0;67635;ATALAIA CENTRO EDUCACIONAL DO;Estados Unidos da América;1
MUNICIPAL;CARAPICUIBA;COTIA;COTIA;0;95382;VICENTE MACIEL EM;Haiti;4
MUNICIPAL;CARAPICUIBA;COTIA;COTIA;0;95382;VICENTE MACIEL EM;Venezuela;1
MUNICIPAL;CARAPICUIBA;COTIA;COTIA;0;99478;DEUSNIL GONCALVES DE SOUZA EM;Haiti;4
MUNICIPAL;CARAPICUIBA;COTIA;COTIA;0;99491;SIDRONIA NUNES PIRES EM;Venezuela;2
MUNICIPAL;CARAPICUIBA;COTIA;COTIA;0;99508;TURIGUARA EM;Haiti;1
MUNICIPAL;CARAPICUIBA;COTIA;COTIA;0;99752;VICENTINA PIRES DE OLIVEIRA EM;Venezuela;2
MUNICIPAL;CARAPICUIBA;COTIA;COTIA;0;203282;MAISA APARECIDA RIBEIRO EM;Venezuela;1
MUNICIPAL;CARAPICUIBA;COTIA;COTIA;0;219836;BAIRRO DA CAPUTERA EM DO;Haiti;2
MUNICIPAL;CARAPICUIBA;COTIA;COTIA;0;219836;BAIRRO DA CAPUTERA EM DO;Venezuela;1
MUNICIPAL;CARAPICUIBA;COTIA;COTIA;0;219903;JOSE DA COSTA CHAVES PROF EM;Guiana Francesa;1
MUNICIPAL;CARAPICUIBA;COTIA;COTIA;0;220280;BENEDICTA VAZ PEDROSO DE ALBUQUERQUE EM;Portugal;1
MUNICIPAL;CARAPICUIBA;COTIA;COTIA;0;220334;JARDIM DAS GRACAS EM;Argentina;1
MUNICIPAL;CARAPICUIBA;COTIA;COTIA;0;220334;JARDIM DAS GRACAS EM;Portugal;2
MUNICIPAL;CARAPICUIBA;COTIA;COTIA;0;220371;JOAQUIM PEREIRA DA SILVA EM;Cuba;1
MUNICIPAL;CARAPICUIBA;COTIA;COTIA;0;220449;OSNY FLEURY DA SILVEIRA PROF DR EM;Haiti;2
MUNICIPAL;CARAPICUIBA;COTIA;COTIA;0;220450;PAULO ZINGG EM;Bolívia;1
MUNICIPAL;CARAPICUIBA;COTIA;COTIA;0;223785;ILDEFONCO EMELIANO DE BRITO EM;Venezuela;1
MUNICIPAL;CARAPICUIBA;COTIA;COTIA;0;247091;JOAO JAYME JUVENAL RICCI AYRES EM;Bolívia;1
MUNICIPAL;CARAPICUIBA;COTIA;COTIA;0;271585;JARDIM ISIS EM;Colômbia;1
MUNICIPAL;CARAPICUIBA;COTIA;COTIA;0;273818;SAMUEL DA SILVA FILHO EM;Colômbia;1
MUNICIPAL;CARAPICUIBA;COTIA;COTIA;0;273818;SAMUEL DA SILVA FILHO EM;Japão;1
MUNICIPAL;CARAPICUIBA;COTIA;COTIA;0;274069;CHACARA CANTAGALO EM;Haiti;2
MUNICIPAL;CARAPICUIBA;COTIA;COTIA;0;422447;HO DEH KONG CENTRO EDUCACIONAL;Bolívia;1
MUNICIPAL;CARAPICUIBA;COTIA;COTIA;0;435909;BAIRRO SAO MIGUEL EM;Bolívia;1
MUNICIPAL;CARAPICUIBA;COTIA;COTIA;0;587312;CENTRO EDUCACIONAL JARDIM ARARUAMA;Venezuela;1
MUNICIPAL;CATANDUVA;CATANDUVA;CATANDUVA;0;62698;MARIA APARECIDA DE CARVALHO AZARITE PROFESSORA EMEI;Colômbia;1
MUNICIPAL;CATANDUVA;CATANDUVA;CATANDUVA;0;289462;JOSE D OLIVEIRA BARRETO PROFESSOR EMEF;Haiti;1
MUNICIPAL;CATANDUVA;ITAJOBI;ITAJOBI;0;437116;MARIA APPARECIDA NELLI INSPETORA EMEF;Japão;1
MUNICIPAL;CATANDUVA;PARAISO;PARAISO;0;282900;MARIA FRANCO DE SOUSA PENARIOL PROFESSORA EMEF;Reino Unido da Grã-Bretanha e Irlanda do Norte;1
MUNICIPAL;CATANDUVA;PINDORAMA;PINDORAMA;0;214036;ULYSSES CONTREIRAS FERREIRA DOUTOR EMEF;Uruguai;1
MUNICIPAL;CATANDUVA;SANTA ADELIA;SANTA ADELIA;0;244946;DIEGO SEGURA MARTINS EMEF;Japão;1
MUNICIPAL;CATANDUVA;SANTA ADELIA;SANTA ADELIA;44;470533;CENTRO DE EDUCACAO COMPLEMENTAR;Japão;1
MUNICIPAL;CENTRO;BOM RETIRO;SAO PAULO;0;51597;ALCEU MAYNARD ARAUJO PROFESSOR EMEI;Bolívia;1
MUNICIPAL;CENTRO;BOM RETIRO;SAO PAULO;0;51597;ALCEU MAYNARD ARAUJO PROFESSOR EMEI;Paraguai;1
MUNICIPAL;CENTRO;BOM RETIRO;SAO PAULO;0;51664;JOAO THEODORO EMEI;Bolívia;3
MUNICIPAL;CENTRO;BOM RETIRO;SAO PAULO;0;51664;JOAO THEODORO EMEI;Equador;1
MUNICIPAL;CENTRO;BOM RETIRO;SAO PAULO;0;51664;JOAO THEODORO EMEI;Peru;2
MUNICIPAL;CENTRO;CASA VERDE;SAO PAULO;0;53348;GARCIA DAVILA COMANDANTE EMEF;Bolívia;1
MUNICIPAL;CENTRO;CASA VERDE;SAO PAULO;0;53351;ANGELINA MAFFEI VITA DONA EMEF;Bolívia;12
MUNICIPAL;CENTRO;CASA VERDE;SAO PAULO;0;53351;ANGELINA MAFFEI VITA DONA EMEF;Japão;1
MUNICIPAL;CENTRO;CASA VERDE;SAO PAULO;0;53351;ANGELINA MAFFEI VITA DONA EMEF;Paraguai;1
MUNICIPAL;CENTRO;CASA VERDE;SAO PAULO;0;53375;PAULO NOGUEIRA FILHO EMEF;Bolívia;3
MUNICIPAL;CENTRO;CASA VERDE;SAO PAULO;0;53375;PAULO NOGUEIRA FILHO EMEF;Peru;1
MUNICIPAL;CENTRO;LIMAO;SAO PAULO;0;53363;HUMBERTO DANTAS EMEF;Angola;1
MUNICIPAL;CENTRO;LIMAO;SAO PAULO;0;53363;HUMBERTO DANTAS EMEF;Argentina;1
MUNICIPAL;CENTRO;LIMAO;SAO PAULO;0;53363;HUMBERTO DANTAS EMEF;Bolívia;12
MUNICIPAL;CENTRO;LIMAO;SAO PAULO;0;53363;HUMBERTO DANTAS EMEF;Paraguai;1
MUNICIPAL;CENTRO;PARI;SAO PAULO;0;53624;INFANTE DOM HENRIQUE EMEF;Angola;2
MUNICIPAL;CENTRO;PARI;SAO PAULO;0;53624;INFANTE DOM HENRIQUE EMEF;Bangladesh;9
MUNICIPAL;CENTRO;PARI;SAO PAULO;0;53624;INFANTE DOM HENRIQUE EMEF;Bolívia;6
MUNICIPAL;CENTRO;PARI;SAO PAULO;0;53624;INFANTE DOM HENRIQUE EMEF;Equador;1
MUNICIPAL;CENTRO;PARI;SAO PAULO;0;53624;INFANTE DOM HENRIQUE EMEF;Paquistão;2
MUNICIPAL;CENTRO;PARI;SAO PAULO;0;53624;INFANTE DOM HENRIQUE EMEF;Paraguai;2
MUNICIPAL;CENTRO;PARI;SAO PAULO;0;53624;INFANTE DOM HENRIQUE EMEF;Peru;2
MUNICIPAL;CENTRO;PARI;SAO PAULO;0;53624;INFANTE DOM HENRIQUE EMEF;Venezuela;4
MUNICIPAL;CENTRO;SANTANA;SAO PAULO;0;54525;MAXIMO DE MOURA SANTOS PROFESSOR EMEF;Bolívia;1
MUNICIPAL;CENTRO;SANTANA;SAO PAULO;0;54525;MAXIMO DE MOURA SANTOS PROFESSOR EMEF;Síria;1
MUNICIPAL;CENTRO;SANTANA;SAO PAULO;0;70178;DERVILLE ALLEGRETTI PROFESSOR EMEFM;Angola;6
MUNICIPAL;CENTRO;SANTANA;SAO PAULO;0;70178;DERVILLE ALLEGRETTI PROFESSOR EMEFM;Bolívia;2
MUNICIPAL;CENTRO;SANTANA;SAO PAULO;0;70178;DERVILLE ALLEGRETTI PROFESSOR EMEFM;Congo, República do;3
MUNICIPAL;CENTRO;SANTANA;SAO PAULO;0;70178;DERVILLE ALLEGRETTI PROFESSOR EMEFM;Venezuela;1
MUNICIPAL;CENTRO;SANTANA;SAO PAULO;0;207676;ANTONIO SAMPAIO VEREADOR EMEFM;Angola;2
MUNICIPAL;CENTRO;SANTANA;SAO PAULO;0;207676;ANTONIO SAMPAIO VEREADOR EMEFM;Argentina;1
MUNICIPAL;CENTRO;SANTANA;SAO PAULO;0;207676;ANTONIO SAMPAIO VEREADOR EMEFM;Bolívia;1
MUNICIPAL;CENTRO;SANTANA;SAO PAULO;0;207676;ANTONIO SAMPAIO VEREADOR EMEFM;Paraguai;1
MUNICIPAL;CENTRO;SE;SAO PAULO;0;53545;DUQUE DE CAXIAS EMEF;Angola;3
MUNICIPAL;CENTRO;SE;SAO PAULO;0;53545;DUQUE DE CAXIAS EMEF;Argentina;1
MUNICIPAL;CENTRO;SE;SAO PAULO;0;53545;DUQUE DE CAXIAS EMEF;Bolívia;3
MUNICIPAL;CENTRO;SE;SAO PAULO;0;53545;DUQUE DE CAXIAS EMEF;Colômbia;1
MUNICIPAL;CENTRO;SE;SAO PAULO;0;53545;DUQUE DE CAXIAS EMEF;Congo, República do;2
MUNICIPAL;CENTRO;SE;SAO PAULO;0;53545;DUQUE DE CAXIAS EMEF;Dominicana, República;1
MUNICIPAL;CENTRO;SE;SAO PAULO;0;53545;DUQUE DE CAXIAS EMEF;Haiti;17
MUNICIPAL;CENTRO;SE;SAO PAULO;0;53545;DUQUE DE CAXIAS EMEF;Paraguai;2
MUNICIPAL;CENTRO;SE;SAO PAULO;0;53545;DUQUE DE CAXIAS EMEF;Venezuela;2
MUNICIPAL;CENTRO;VILA GUILHERME;SAO PAULO;0;54604;OLIVA IRENE BAYERLEIN SILVA EMEF;Bolívia;4
MUNICIPAL;CENTRO;VILA GUILHERME;SAO PAULO;0;54604;OLIVA IRENE BAYERLEIN SILVA EMEF;Paraguai;1
MUNICIPAL;CENTRO;VILA GUILHERME;SAO PAULO;0;54604;OLIVA IRENE BAYERLEIN SILVA EMEF;Síria;1
MUNICIPAL;CENTRO;VILA GUILHERME;SAO PAULO;0;54616;HELENA LOMBARDI BRAGA PROFESSORA EMEF;Arménia;1
MUNICIPAL;CENTRO;VILA GUILHERME;SAO PAULO;0;54616;HELENA LOMBARDI BRAGA PROFESSORA EMEF;Bolívia;18
MUNICIPAL;CENTRO;VILA GUILHERME;SAO PAULO;0;54616;HELENA LOMBARDI BRAGA PROFESSORA EMEF;Paraguai;1
MUNICIPAL;CENTRO;VILA GUILHERME;SAO PAULO;0;54628;RUY BARBOSA EMEF;Angola;1
MUNICIPAL;CENTRO;VILA GUILHERME;SAO PAULO;0;54628;RUY BARBOSA EMEF;Bolívia;14
MUNICIPAL;CENTRO;VILA GUILHERME;SAO PAULO;0;54628;RUY BARBOSA EMEF;Colômbia;1
MUNICIPAL;CENTRO;VILA GUILHERME;SAO PAULO;0;54628;RUY BARBOSA EMEF;Venezuela;2
MUNICIPAL;CENTRO;VILA GUILHERME;SAO PAULO;0;243590;PEDRO ALVARES CABRAL MORAES PROFESSOR EMEI;Síria;1
MUNICIPAL;CENTRO OESTE;BUTANTA;SAO PAULO;0;53144;AMORIM LIMA DESEMBARGADOR EMEF;Colômbia;2
MUNICIPAL;CENTRO OESTE;BUTANTA;SAO PAULO;0;53144;AMORIM LIMA DESEMBARGADOR EMEF;Costa Rica;1
MUNICIPAL;CENTRO OESTE;BUTANTA;SAO PAULO;0;53144;AMORIM LIMA DESEMBARGADOR EMEF;Japão;1
MUNICIPAL;CENTRO OESTE;BUTANTA;SAO PAULO;0;53144;AMORIM LIMA DESEMBARGADOR EMEF;Peru;1
MUNICIPAL;CENTRO OESTE;BUTANTA;SAO PAULO;0;53235;DEODORO DA FONSECA MAL EMEF;Venezuela;1
MUNICIPAL;CENTRO OESTE;BUTANTA;SAO PAULO;50;260228;ALUNA JESSICA NUNES HERCULANO CIEJA;Marrocos;1
MUNICIPAL;CENTRO OESTE;CAMPO BELO;SAO PAULO;0;53399;CHIQUINHA RODRIGUES DONA EMEF;Reino Unido da Grã-Bretanha e Irlanda do Norte;1
MUNICIPAL;CENTRO OESTE;ITAIM BIBI;SAO PAULO;0;51913;TIDE SETUBAL EMEI;Japão;1
MUNICIPAL;CENTRO OESTE;ITAIM BIBI;SAO PAULO;0;53512;MARIA ANTONIETA DALKIMIN BASTO PROFA EMEF;Iémen;2
MUNICIPAL;CENTRO OESTE;JAGUARE;SAO PAULO;0;53247;ESPIRIDIAO ROSAS MARECHAL EMEF;Bolívia;1
MUNICIPAL;CENTRO OESTE;JAGUARE;SAO PAULO;0;53247;ESPIRIDIAO ROSAS MARECHAL EMEF;Espanha;1
MUNICIPAL;CENTRO OESTE;JAGUARE;SAO PAULO;0;53247;ESPIRIDIAO ROSAS MARECHAL EMEF;Venezuela;1
MUNICIPAL;CENTRO OESTE;MOEMA;SAO PAULO;0;51755;HEITOR VILLA LOBOS EMEI;Líbano;1
MUNICIPAL;CENTRO OESTE;MORUMBI;SAO PAULO;0;53995;JOSE DE ALCANTARA MACHADO FO EMEF;Colômbia;1
MUNICIPAL;CENTRO OESTE;PINHEIROS;SAO PAULO;0;54707;OLAVO PEZZOTTI PROF EMEF;Bolívia;1
MUNICIPAL;CENTRO OESTE;RAPOSO TAVARES;SAO PAULO;0;53173;ALCIDES GONCALVES ETCHEGOYEN GAL EMEF;Japão;1
MUNICIPAL;CENTRO OESTE;RAPOSO TAVARES;SAO PAULO;0;53211;JOAO XXIII EMEF;Haiti;1
MUNICIPAL;CENTRO OESTE;RAPOSO TAVARES;SAO PAULO;0;83963;SOLANO TRINDADE EMEF;Haiti;1
MUNICIPAL;CENTRO OESTE;RAPOSO TAVARES;SAO PAULO;0;83963;SOLANO TRINDADE EMEF;Peru;1
MUNICIPAL;CENTRO OESTE;RAPOSO TAVARES;SAO PAULO;0;98474;EDA TEREZINHA CHICA MEDEIROS PROFA EMEF;Haiti;2
MUNICIPAL;CENTRO OESTE;RAPOSO TAVARES;SAO PAULO;0;246360;CESAR ARRUDA CASTANHO EMEF;Bolívia;1
MUNICIPAL;CENTRO OESTE;RAPOSO TAVARES;SAO PAULO;0;281438;DAISY AMADIO FUJIWARA EMEF;Haiti;1
MUNICIPAL;CENTRO OESTE;RAPOSO TAVARES;SAO PAULO;0;281438;DAISY AMADIO FUJIWARA EMEF;Venezuela;1
MUNICIPAL;CENTRO OESTE;RIO PEQUENO;SAO PAULO;0;53181;ALVARO SILVA BRAGA GAL EMEF;Venezuela;2
MUNICIPAL;CENTRO OESTE;RIO PEQUENO;SAO PAULO;0;53193;EUCLYDES DE OLIVEIRA FIGUEIREDO GAL EMEF;Irão;1
MUNICIPAL;CENTRO OESTE;RIO PEQUENO;SAO PAULO;0;53260;ROBERTO MANGE PROF EMEF;Venezuela;1
MUNICIPAL;CENTRO OESTE;RIO PEQUENO;SAO PAULO;0;428848;JARDIM PAULO VI EMEF;Haiti;1
MUNICIPAL;CENTRO OESTE;SAUDE;SAO PAULO;0;54773;JEAN MERMOZ EMEF;Estados Unidos da América;1
MUNICIPAL;CENTRO OESTE;VILA SONIA;SAO PAULO;0;98498;VIANNA MOOG EMEF;Argentina;1
MUNICIPAL;CENTRO OESTE;VILA SONIA;SAO PAULO;0;98498;VIANNA MOOG EMEF;Haiti;2
MUNICIPAL;CENTRO OESTE;VILA SONIA;SAO PAULO;0;98498;VIANNA MOOG EMEF;Venezuela;1
MUNICIPAL;CENTRO SUL;BELA VISTA;SAO PAULO;0;51561;ANGELO MARTINO PROFESSOR ESCOLA MUNICIPAL EDUCACAO INFANTIL;Peru;1
MUNICIPAL;CENTRO SUL;BELA VISTA;SAO PAULO;0;53041;CELSO LEITE RIBEIRO FILHO EMEF;Angola;3
MUNICIPAL;CENTRO SUL;BELA VISTA;SAO PAULO;0;53041;CELSO LEITE RIBEIRO FILHO EMEF;Bolívia;1
MUNICIPAL;CENTRO SUL;BELA VISTA;SAO PAULO;0;53041;CELSO LEITE RIBEIRO FILHO EMEF;Haiti;2
MUNICIPAL;CENTRO SUL;CAMBUCI;SAO PAULO;50;256511;CENTRO INTEGRADO DE EDUCACAO DE JOVENS E ADULTOS PAULO EMILIO VANZOLINI;Síria;1
MUNICIPAL;CENTRO SUL;CURSINO;SAO PAULO;0;54159;JOSE MARIA LISBOA EMEF;Gana;2
MUNICIPAL;CENTRO SUL;IPIRANGA;SAO PAULO;0;53430;FRANCISCO MEIRELLES DESEMBARGADOR EMEF;Venezuela;1
MUNICIPAL;CENTRO SUL;LIBERDADE;SAO PAULO;0;53016;FARIA LIMA BRIGADEIRO EMEF;Iraque;1
MUNICIPAL;CENTRO SUL;MOOCA;SAO PAULO;0;52012;TAMANDARE ALMIRANTE EMEI;Venezuela;1
MUNICIPAL;CENTRO SUL;MOOCA;SAO PAULO;0;52024;MARCILIO DIAS EMEI;Bolívia;1
MUNICIPAL;CENTRO SUL;MOOCA;SAO PAULO;0;53569;FABIO DA SILVA PRADO DOUTOR EMEF;Arménia;1
MUNICIPAL;CENTRO SUL;MOOCA;SAO PAULO;0;53569;FABIO DA SILVA PRADO DOUTOR EMEF;Bolívia;13
MUNICIPAL;CENTRO SUL;MOOCA;SAO PAULO;0;53569;FABIO DA SILVA PRADO DOUTOR EMEF;Dominicana, República;1
MUNICIPAL;CENTRO SUL;MOOCA;SAO PAULO;0;53569;FABIO DA SILVA PRADO DOUTOR EMEF;Japão;1
MUNICIPAL;CENTRO SUL;MOOCA;SAO PAULO;0;53569;FABIO DA SILVA PRADO DOUTOR EMEF;Síria;1
MUNICIPAL;CENTRO SUL;SACOMA;SAO PAULO;0;54124;CASSIANO RICARDO EMEF;Venezuela;1
MUNICIPAL;CENTRO SUL;SACOMA;SAO PAULO;0;54136;JOAQUIM NABUCO EMEF;Venezuela;1
MUNICIPAL;CENTRO SUL;SACOMA;SAO PAULO;0;54197;OLAVO FONTOURA EMEF;Venezuela;4
MUNICIPAL;CENTRO SUL;SACOMA;SAO PAULO;0;54203;LEAO MACHADO PROFESSOR EMEF;Canadá;1
MUNICIPAL;CENTRO SUL;SACOMA;SAO PAULO;0;54203;LEAO MACHADO PROFESSOR EMEF;Japão;2
MUNICIPAL;CENTRO SUL;SACOMA;SAO PAULO;0;68767;LUIZ GONZAGA DO NASCIMENTO EMEF;Venezuela;1
MUNICIPAL;CENTRO SUL;SACOMA;SAO PAULO;0;246499;ROBERTO PLINIO COLACIOPPO PROFESSOR EMEF;Uruguai;1
MUNICIPAL;CENTRO SUL;SACOMA;SAO PAULO;0;246499;ROBERTO PLINIO COLACIOPPO PROFESSOR EMEF;Venezuela;1
MUNICIPAL;CENTRO SUL;SACOMA;SAO PAULO;0;396588;LUCIANA AZEVEDO POMPERMAYER PROFESSORA EMEI;Venezuela;1
MUNICIPAL;CENTRO SUL;SACOMA;SAO PAULO;0;396692;MARA CRISTINA TARTAGLIA SENA PROFESSORA CEU EMEF;Venezuela;2
MUNICIPAL;CENTRO SUL;SACOMA;SAO PAULO;0;477916;ISOLINA LEONEL FERREIRA PROFESSORA EMEI;Venezuela;1
MUNICIPAL;CENTRO SUL;VILA MARIANA;SAO PAULO;0;54781;MANOEL DE PAIVA PADRE EMEF;Líbano;1
MUNICIPAL;CENTRO SUL;VILA MARIANA;SAO PAULO;0;54781;MANOEL DE PAIVA PADRE EMEF;Síria;1
MUNICIPAL;CENTRO SUL;VILA PRUDENTE;SAO PAULO;0;55001;IRINEU MARINHO EMEF;Argentina;1
MUNICIPAL;CENTRO SUL;VILA PRUDENTE;SAO PAULO;0;55001;IRINEU MARINHO EMEF;Venezuela;1
MUNICIPAL;CENTRO SUL;VILA PRUDENTE;SAO PAULO;0;55104;RUTH LOPES ANDRADE PROFESSORA EMEF;Venezuela;1
MUNICIPAL;DIADEMA;DIADEMA;DIADEMA;0;50453;TOM JOBIM EMEB;Centro-africana, República;1
MUNICIPAL;DIADEMA;DIADEMA;DIADEMA;0;80846;FLORESTAN FERNANDES PROFESSOR EMEB;Venezuela;1
MUNICIPAL;DIADEMA;DIADEMA;DIADEMA;0;83045;HERCILIA ALVES DA SILVA RIBEIRO PROFESSORA EMEB;Venezuela;2
MUNICIPAL;DIADEMA;DIADEMA;DIADEMA;0;85674;CECILIA MEIRELES EMEB;Venezuela;1
MUNICIPAL;DIADEMA;DIADEMA;DIADEMA;0;85698;HEITOR VILLALOBOS EMEB;Argentina;1
MUNICIPAL;DIADEMA;DIADEMA;DIADEMA;0;93828;VINICIUS DE MORAES EMEB;Venezuela;1
MUNICIPAL;DIADEMA;DIADEMA;DIADEMA;0;93841;LUIZ GONZAGA EMEB;Venezuela;1
MUNICIPAL;DIADEMA;DIADEMA;DIADEMA;0;93877;JOSE RODRIGUES PINTO EMEB;Colômbia;1
MUNICIPAL;DIADEMA;DIADEMA;DIADEMA;0;93877;JOSE RODRIGUES PINTO EMEB;Venezuela;1
MUNICIPAL;DIADEMA;DIADEMA;DIADEMA;0;96507;SANTO DIAS DA SILVA EMEB;Portugal;1
MUNICIPAL;DIADEMA;DIADEMA;DIADEMA;0;96519;ELZA FREIRE PROFESSORA EMEB;Bolívia;1
MUNICIPAL;DIADEMA;DIADEMA;DIADEMA;0;120625;NOVO ELDORADO EMEB;Marrocos;1
MUNICIPAL;DIADEMA;DIADEMA;DIADEMA;0;120625;NOVO ELDORADO EMEB;Venezuela;1
MUNICIPAL;DIADEMA;DIADEMA;DIADEMA;0;202800;IRMA DULCE EMEB;Argentina;2
MUNICIPAL;DIADEMA;DIADEMA;DIADEMA;0;279808;ANITA CATARINA MALFATTI EMEB;Hungria;1
MUNICIPAL;DIADEMA;DIADEMA;DIADEMA;0;431692;FRANCISCO DANIEL TRIVINHO PROF EM;Bolívia;1
MUNICIPAL;DIADEMA;DIADEMA;DIADEMA;0;431837;ATILA FERREIRA VAZ DR EM;Venezuela;2
MUNICIPAL;DIADEMA;DIADEMA;DIADEMA;0;431849;JOSE MARTINS DA SILVA DR EM;Bolívia;1
MUNICIPAL;DIADEMA;DIADEMA;DIADEMA;0;431849;JOSE MARTINS DA SILVA DR EM;Venezuela;2
MUNICIPAL;DIADEMA;DIADEMA;DIADEMA;0;437220;FREITAS NOBRE DEPUTADO EM;Espanha;1
MUNICIPAL;DIADEMA;DIADEMA;DIADEMA;0;437220;FREITAS NOBRE DEPUTADO EM;Venezuela;4
MUNICIPAL;DIADEMA;DIADEMA;DIADEMA;0;437232;MARIO SANTALUCIA DR EM;Venezuela;2
MUNICIPAL;DIADEMA;DIADEMA;DIADEMA;0;437244;REINALDO JOSE SANTANA INSPETOR PIRO EM;Bolívia;1
MUNICIPAL;DIADEMA;DIADEMA;DIADEMA;0;437244;REINALDO JOSE SANTANA INSPETOR PIRO EM;Peru;1
MUNICIPAL;DIADEMA;DIADEMA;DIADEMA;0;437244;REINALDO JOSE SANTANA INSPETOR PIRO EM;Venezuela;1
MUNICIPAL;DIADEMA;DIADEMA;DIADEMA;0;437268;ZILDA GOMES DOS REIS DE ALMEIDA PROFA EM;Colômbia;2
MUNICIPAL;DIADEMA;DIADEMA;DIADEMA;0;447729;FRANCISCO DE PAULA QUINTANILHA RIBEIRO MINISTRO EM;Argentina;1
MUNICIPAL;DIADEMA;DIADEMA;DIADEMA;0;479950;EVA MARIA DOS SANTOS EMEB;Venezuela;1
MUNICIPAL;FERNANDOPOLIS;FERNANDOPOLIS;FERNANDOPOLIS;0;87749;MIGUEL RISK CEMEI;Colômbia;1
MUNICIPAL;FERNANDOPOLIS;FERNANDOPOLIS;FERNANDOPOLIS;0;230315;MARIA SIMAO ESCOLA MUNICIPAL DE EDUCACAO INFANTIL;Bolívia;1
MUNICIPAL;FERNANDOPOLIS;FERNANDOPOLIS;FERNANDOPOLIS;0;437300;FRANCISCO ARNALDO DA SILVA CEL EMEF;Bolívia;1
MUNICIPAL;FERNANDOPOLIS;POPULINA;POPULINA;0;431710;CEMEI MARIA JOSEFA ROBLES MARTINEZ BALESTERO;Portugal;1
MUNICIPAL;FRANCA;FRANCA;FRANCA;0;73842;ANA ROSA DE LIMA BARBOSA PROFA EMEB;Venezuela;2
MUNICIPAL;FRANCA;FRANCA;FRANCA;0;73854;VALERIANO GOMES DO NASCIMENTO DR CAIC EMEB;Nigéria;1
MUNICIPAL;FRANCA;FRANCA;FRANCA;0;73854;VALERIANO GOMES DO NASCIMENTO DR CAIC EMEB;Venezuela;1
MUNICIPAL;FRANCA;FRANCA;FRANCA;0;73885;CESAR AUGUSTO DE OLIVEIRA PROF EMEB;Venezuela;1
MUNICIPAL;FRANCA;FRANCA;FRANCA;0;75814;EMILIA DE PAULA TARANTELLI PROFA EMEB;Haiti;1
MUNICIPAL;FRANCA;FRANCA;FRANCA;0;75814;EMILIA DE PAULA TARANTELLI PROFA EMEB;Venezuela;2
MUNICIPAL;FRANCA;FRANCA;FRANCA;0;75985;OTAVIO MARTINS DE SOUZA JUNIOR PROF EMEI;Colômbia;1
MUNICIPAL;FRANCA;FRANCA;FRANCA;0;76260;JOSE MARIO FALEIROS PROF EMEB;Venezuela;2
MUNICIPAL;FRANCA;FRANCA;FRANCA;0;258179;CLIMENE REBELO NOVELINO ABDALA PROFA CENTRO ENS SUPL MUN;Chile;2
MUNICIPAL;FRANCA;FRANCA;FRANCA;0;258179;CLIMENE REBELO NOVELINO ABDALA PROFA CENTRO ENS SUPL MUN;Paraguai;2
MUNICIPAL;FRANCA;FRANCA;FRANCA;0;258179;CLIMENE REBELO NOVELINO ABDALA PROFA CENTRO ENS SUPL MUN;Síria;2
MUNICIPAL;GUARATINGUETA;APARECIDA;APARECIDA;0;338023;EMEF PROFA HELOISA DE CASTRO ENCARNACAO PINTO BARBOZA;Bolívia;2
MUNICIPAL;GUARATINGUETA;APARECIDA;APARECIDA;0;497058;MATHILDE FAZZERI PROFA COLEGIO TEC MUNICIPAL DE APARECIDA;Chile;1
MUNICIPAL;GUARATINGUETA;APARECIDA;APARECIDA;0;497058;MATHILDE FAZZERI PROFA COLEGIO TEC MUNICIPAL DE APARECIDA;Portugal;2
MUNICIPAL;GUARATINGUETA;CRUZEIRO;CRUZEIRO;0;271834;DOM BOSCO CRECHE MUNICIPAL;Austrália;2
MUNICIPAL;GUARATINGUETA;CRUZEIRO;CRUZEIRO;0;429533;ARNOLFO AZEVEDO DR EMEF;Espanha;1
MUNICIPAL;GUARATINGUETA;CUNHA;CUNHA;0;203075;CANTINHO DO CEU EMEI;Portugal;1
MUNICIPAL;GUARATINGUETA;CUNHA;CUNHA;0;203075;CANTINHO DO CEU EMEI;Venezuela;1
MUNICIPAL;GUARATINGUETA;CUNHA;CUNHA;0;247339;BENEDITO AGUIAR SANTANA PROF EMEF;Venezuela;1
MUNICIPAL;GUARATINGUETA;GUARATINGUETA;GUARATINGUETA;0;218595;JOSE BENEDITO AVERALDO GALHARDO PROF EMEIEF;Chile;2
MUNICIPAL;GUARATINGUETA;GUARATINGUETA;GUARATINGUETA;0;218595;JOSE BENEDITO AVERALDO GALHARDO PROF EMEIEF;Japão;1
MUNICIPAL;GUARATINGUETA;GUARATINGUETA;GUARATINGUETA;0;218595;JOSE BENEDITO AVERALDO GALHARDO PROF EMEIEF;Venezuela;1
MUNICIPAL;GUARATINGUETA;GUARATINGUETA;GUARATINGUETA;0;218601;VIRGILIO ROSAS DA SILVA PROF EMEF;Portugal;1
MUNICIPAL;GUARATINGUETA;GUARATINGUETA;GUARATINGUETA;0;276029;JOSE AUGUSTO ANTUNES DO AMARAL PROF GO EMEIEF;Chile;1
MUNICIPAL;GUARATINGUETA;GUARATINGUETA;GUARATINGUETA;0;276029;JOSE AUGUSTO ANTUNES DO AMARAL PROF GO EMEIEF;Japão;1
MUNICIPAL;GUARATINGUETA;GUARATINGUETA;GUARATINGUETA;0;448667;GUILHERME EUGENIO FILIPPO FERNANDES DR EMEFI;Bolívia;1
MUNICIPAL;GUARATINGUETA;LORENA;LORENA;0;56698;VOVO FIUTA ESCOLA MUNICIPAL;Estados Unidos da América;1
MUNICIPAL;GUARATINGUETA;LORENA;LORENA;0;220528;MARIO COVAS GOVERNADOR ESCOLA MUNICIPAL;Venezuela;3
MUNICIPAL;GUARATINGUETA;LORENA;LORENA;0;273028;ADELINA ALVES FERRAZ PROFA ESCOLA MUNICIPAL;Reino Unido da Grã-Bretanha e Irlanda do Norte;1
MUNICIPAL;GUARATINGUETA;POTIM;POTIM;0;206842;JUDITH SIQUEIRA WEBER PROFA EMEF;Japão;3
MUNICIPAL;GUARATINGUETA;POTIM;POTIM;0;206842;JUDITH SIQUEIRA WEBER PROFA EMEF;Venezuela;1
MUNICIPAL;GUARATINGUETA;POTIM;POTIM;0;281864;GERALDO JOSE RODRIGUES ALCKMIN EMEF;Japão;1
MUNICIPAL;GUARATINGUETA;QUELUZ;QUELUZ;0;243917;BAIRRO UNIAO EM;Venezuela;2
MUNICIPAL;GUARATINGUETA;ROSEIRA;ROSEIRA;0;271469;GERALDO DE ALMEIDA SAMPAIO PROF PADRE EMEIEF;Japão;1
MUNICIPAL;GUARULHOS NORTE;GUARULHOS SUL;GUARULHOS;0;50097;AMADOR BUENO ESCOLA DA PREFEITURA DE GUARULHOS;Espanha;1
MUNICIPAL;GUARULHOS NORTE;GUARULHOS SUL;GUARULHOS;0;50124;CRISPINIANO SOARES ESCOLA DA PREFEITURA DE GUARULHOS;Bolívia;1
MUNICIPAL;GUARULHOS NORTE;GUARULHOS SUL;GUARULHOS;0;50167;GABRIEL JOSE ANTONIO CAPITAO ESCOLA DA PREFEITURA GUARULHOS;Venezuela;1
MUNICIPAL;GUARULHOS NORTE;GUARULHOS SUL;GUARULHOS;0;77884;AMELIA DUARTE DA SILVA ESCOLA DA PREFEITURA DE GUARULHOS;Bolívia;1
MUNICIPAL;GUARULHOS NORTE;GUARULHOS SUL;GUARULHOS;0;85613;TIA NASTACIA ESCOLA DA PREFEITURA DE GUARULHOS;Venezuela;1
MUNICIPAL;GUARULHOS NORTE;GUARULHOS SUL;GUARULHOS;0;87397;CASIMIRO DE ABREU ESCOLA DA PREFEITURA DE GUARULHOS;Venezuela;1
MUNICIPAL;GUARULHOS NORTE;GUARULHOS SUL;GUARULHOS;0;87403;MONTEIRO LOBATO ESCOLA DA PREFEITURA DE GUARULHOS;Bolívia;1
MUNICIPAL;GUARULHOS NORTE;GUARULHOS SUL;GUARULHOS;0;110498;PERACIO GRILLI PASTOR ESCOLA DA PREFEITURA DE GUARULHOS;Argentina;1
MUNICIPAL;GUARULHOS NORTE;GUARULHOS SUL;GUARULHOS;0;110498;PERACIO GRILLI PASTOR ESCOLA DA PREFEITURA DE GUARULHOS;Bolívia;2
MUNICIPAL;GUARULHOS NORTE;GUARULHOS SUL;GUARULHOS;0;200153;TOM JOBIM ESCOLA DA PREFEITURA DE GUARULHOS;Haiti;1
MUNICIPAL;GUARULHOS NORTE;GUARULHOS SUL;GUARULHOS;0;206143;JOCYMARA DE FALCHI JORGE ESCOLA DA PREFEITURA DE GUARULHOS;Bolívia;2
MUNICIPAL;GUARULHOS NORTE;GUARULHOS SUL;GUARULHOS;0;211874;EUCLIDES DA CUNHA ESCOLA DA PREFEITURA DE GUARULHOS;Japão;1
MUNICIPAL;GUARULHOS NORTE;GUARULHOS SUL;GUARULHOS;0;211898;RACHEL DE QUEIROZ ESCOLA DA PREFEITURA DE GUARULHOS;Haiti;1
MUNICIPAL;GUARULHOS NORTE;GUARULHOS SUL;GUARULHOS;0;224431;MANOEL REZENDE DA SILVA ESCOLA DA PREFEITURA DE GUARULHOS;Bolívia;2
MUNICIPAL;GUARULHOS NORTE;GUARULHOS SUL;GUARULHOS;0;224431;MANOEL REZENDE DA SILVA ESCOLA DA PREFEITURA DE GUARULHOS;Dominicana, República;1
MUNICIPAL;GUARULHOS NORTE;GUARULHOS SUL;GUARULHOS;0;276558;DARCY RIBEIRO ESCOLA DA PREFEITURA DE GUARULHOS;Bolívia;1
MUNICIPAL;GUARULHOS NORTE;GUARULHOS SUL;GUARULHOS;0;281554;CASTRO ALVES ESCOLA DA PREFEITURA DE GUARULHOS;Bolívia;2
MUNICIPAL;GUARULHOS NORTE;GUARULHOS SUL;GUARULHOS;0;287829;CLEMENTINA DE JESUS ESCOLA DA PREFEITURA DE GUARULHOS;Bolívia;1
MUNICIPAL;GUARULHOS NORTE;GUARULHOS SUL;GUARULHOS;0;431643;EDSON NUNES MALECKA PROF ESCOLA DA PREFEITURA DE GUARULHOS;Venezuela;1
MUNICIPAL;GUARULHOS NORTE;GUARULHOS SUL;GUARULHOS;0;468307;MARGARIDA MARIA DA CONCEICAO EPG;Bolívia;1
MUNICIPAL;GUARULHOS SUL;GUARULHOS SUL;GUARULHOS;0;6053;GISELI LAZARINI DA SILVA PORTELA ESCOLA DA PREFEITURA DE GUARULHOS;Paraguai;1
MUNICIPAL;GUARULHOS SUL;GUARULHOS SUL;GUARULHOS;0;7127;MILTON ALMEIDA DOS SANTOS ESCOLA DA PREFEITURA DE GUARULHOS;Bolívia;3
MUNICIPAL;GUARULHOS SUL;GUARULHOS SUL;GUARULHOS;0;7182;ANTONIO HOUAISS ESCOLA DA PREFEITURA DE GUARULHOS;Luxemburgo;1
MUNICIPAL;GUARULHOS SUL;GUARULHOS SUL;GUARULHOS;0;50118;CERQUEIRA CESAR ESCOLA DA PREFEITURA DE GUARULHOS;Bolívia;1
MUNICIPAL;GUARULHOS SUL;GUARULHOS SUL;GUARULHOS;0;50118;CERQUEIRA CESAR ESCOLA DA PREFEITURA DE GUARULHOS;Peru;1
MUNICIPAL;GUARULHOS SUL;GUARULHOS SUL;GUARULHOS;0;50179;MOREIRA MATTOS ESCOLA DA PREFEITURA DE GUARULHOS;Venezuela;1
MUNICIPAL;GUARULHOS SUL;GUARULHOS SUL;GUARULHOS;0;50192;MANUEL DE PAIVA PADRE ESCOLA DA PREFEITURA DE GUARULHOS;Bolívia;1
MUNICIPAL;GUARULHOS SUL;GUARULHOS SUL;GUARULHOS;0;71493;MARFILHA BELLOTI GONCALVES ESC DA PREF DE GUARULHOS;Venezuela;1
MUNICIPAL;GUARULHOS SUL;GUARULHOS SUL;GUARULHOS;0;72941;INEZ RIZZATTO RODRIGUES ESCOLA DA PREF DE GUARULHOS;Bolívia;1
MUNICIPAL;GUARULHOS SUL;GUARULHOS SUL;GUARULHOS;0;77926;ZILDA FURINI FANGANIELLO ESC DA PREF DE GUARULHOS;Bolívia;1
MUNICIPAL;GUARULHOS SUL;GUARULHOS SUL;GUARULHOS;0;110309;HELENA ANTIPOFF ESCOLA DA PREFEITURA DE GUARULHOS;Bolívia;1
MUNICIPAL;GUARULHOS SUL;GUARULHOS SUL;GUARULHOS;0;111715;DORCELINA DE OLIVEIRA FOLADOR ESCOLA DA PREFEITURA GUARULHOS;Bolívia;1
MUNICIPAL;GUARULHOS SUL;GUARULHOS SUL;GUARULHOS;0;130126;CHIQUINHA GONZAGA ESCOLA DA PREFEITURA DE GUARULHOS;Bolívia;1
MUNICIPAL;GUARULHOS SUL;GUARULHOS SUL;GUARULHOS;0;200165;IONE GONCALVES DE OLIVEIRA DE CONTI PROF EPG;Bolívia;4
MUNICIPAL;GUARULHOS SUL;GUARULHOS SUL;GUARULHOS;0;206209;DORIVAL CAYMMI ESCOLAR DA PREFEITURA DE GUARULHOS;Bolívia;3
MUNICIPAL;GUARULHOS SUL;GUARULHOS SUL;GUARULHOS;0;206209;DORIVAL CAYMMI ESCOLAR DA PREFEITURA DE GUARULHOS;Chile;1
MUNICIPAL;GUARULHOS SUL;GUARULHOS SUL;GUARULHOS;0;233018;HERBERT DE SOUZA  BETINHO ESCOLA DA PREFEITURA DE GUARULHOS;Bolívia;3
MUNICIPAL;GUARULHOS SUL;GUARULHOS SUL;GUARULHOS;0;233018;HERBERT DE SOUZA  BETINHO ESCOLA DA PREFEITURA DE GUARULHOS;Paraguai;1
MUNICIPAL;GUARULHOS SUL;GUARULHOS SUL;GUARULHOS;0;271706;PIXINGUINHA ESCOLA DA PREFEITURA DE GUARULHOS;Bolívia;2
MUNICIPAL;GUARULHOS SUL;GUARULHOS SUL;GUARULHOS;0;271706;PIXINGUINHA ESCOLA DA PREFEITURA DE GUARULHOS;Paraguai;1
MUNICIPAL;GUARULHOS SUL;GUARULHOS SUL;GUARULHOS;0;281505;PROCOPIO FERREIRA ESCOLA DA PREFEITURA DE GUARULHOS;Bolívia;2
MUNICIPAL;GUARULHOS SUL;GUARULHOS SUL;GUARULHOS;0;287866;ELIS REGINA ESCOLA DA PREFEITURA DE GUARULHOS;Haiti;1
MUNICIPAL;GUARULHOS SUL;GUARULHOS SUL;GUARULHOS;0;287866;ELIS REGINA ESCOLA DA PREFEITURA DE GUARULHOS;Portugal;1
MUNICIPAL;GUARULHOS SUL;GUARULHOS SUL;GUARULHOS;0;386182;CHICO MENDES ESCOLA DA PREFEITURA DE GUARULHOS;Bolívia;1
MUNICIPAL;GUARULHOS SUL;GUARULHOS SUL;GUARULHOS;0;386182;CHICO MENDES ESCOLA DA PREFEITURA DE GUARULHOS;Venezuela;1
MUNICIPAL;GUARULHOS SUL;GUARULHOS SUL;GUARULHOS;0;442513;ANSELMO DUARTE ESCOLA DA PREFEITURA DE GUARULHOS;Bolívia;1
MUNICIPAL;GUARULHOS SUL;GUARULHOS SUL;GUARULHOS;0;442525;GIANFRANCESCO GUARNIERI ESCOLA DA PREFEITURA DE GUARULHOS;Bolívia;1
MUNICIPAL;GUARULHOS SUL;JARDIM PRESIDENTE DUTRA;GUARULHOS;0;130148;PERSEU ABRAMO ESCOLA DA PREFEITURA DE GUARULHOS;Bolívia;1
MUNICIPAL;ITAPECERICA DA SERRA;EMBU-GUACU;EMBU-GUACU;0;75164;CLARA RODRIGUES ESCOLA MUNICIPAL;Venezuela;2
MUNICIPAL;ITAPECERICA DA SERRA;EMBU-GUACU;EMBU-GUACU;0;452476;BENEDITO ANTONIO CEZARINO ESCOLA MUNICIPAL;Venezuela;3
MUNICIPAL;ITAPECERICA DA SERRA;EMBU-GUACU;EMBU-GUACU;0;659137;CECILIA CRISTINA DE OLIVEIRA RODRIGUES ESCOLA MUNICIPAL;Venezuela;3
MUNICIPAL;ITAPECERICA DA SERRA;ITAPECERICA DA SERRA;ITAPECERICA DA SERRA;0;64579;EMILIANO FERREIRA DOMINGUES EM;Cuba;1
MUNICIPAL;ITAPECERICA DA SERRA;ITAPECERICA DA SERRA;ITAPECERICA DA SERRA;0;282571;LUIZA MOTOYOSHI PROFA EM;Turquia;1
MUNICIPAL;ITAPECERICA DA SERRA;ITAPECERICA DA SERRA;ITAPECERICA DA SERRA;0;483618;ARCO IRIS CENTRO MUN DE HAB E REAB MODULO CID SANTA JULIA;Chile;1
MUNICIPAL;ITAPECERICA DA SERRA;JUQUITIBA;JUQUITIBA;0;69930;FRUTO DA TERRA EM;Argentina;1
MUNICIPAL;ITAPECERICA DA SERRA;JUQUITIBA;JUQUITIBA;0;236433;MANACA DOS SOARES EM;Iémen;1
MUNICIPAL;ITAPECERICA DA SERRA;JUQUITIBA;JUQUITIBA;0;236433;MANACA DOS SOARES EM;Vietname;1
MUNICIPAL;ITAPECERICA DA SERRA;JUQUITIBA;JUQUITIBA;0;247364;RAIZES DO PAU BRASIL EM;Argentina;1
MUNICIPAL;ITAPECERICA DA SERRA;SAO LOURENCO DA SERRA;SAO LOURENCO DA SERRA;0;277903;MARIA NEREA RAMPIM EM;Japão;1
MUNICIPAL;ITAPETININGA;ANGATUBA;ANGATUBA;0;193951;MARIA SALETE BASILE SALES EMEIF;Espanha;1
MUNICIPAL;ITAPETININGA;ANGATUBA;ANGATUBA;0;213196;MARIA ISABEL LOPES DE OLIVEIRA PROFA EMEF;Paraguai;1
MUNICIPAL;ITAPETININGA;CAMPINA DO MONTE ALEGRE;CAMPINA DO MONTE ALEGRE;0;229829;ALZIRA DE OLIVEIRA GARCIA PROFA EMEF;Colômbia;1
MUNICIPAL;ITAPETININGA;CAMPINA DO MONTE ALEGRE;CAMPINA DO MONTE ALEGRE;0;268409;ENIL BORIS DE MORAIS FERREIRA PROF EMEF;Bolívia;1
MUNICIPAL;ITAPETININGA;ITAPETININGA;ITAPETININGA;0;86113;LAURINHA EMEI;Venezuela;1
MUNICIPAL;ITAPETININGA;ITAPETININGA;ITAPETININGA;0;105879;JANDYRA VIEIRA MARCONDES PROFA EMEF;Síria;1
MUNICIPAL;ITAPETININGA;ITAPETININGA;ITAPETININGA;0;128612;ZARIFE YARED PROFA EMEF;Japão;1
MUNICIPAL;ITAPETININGA;ITAPETININGA;ITAPETININGA;0;128612;ZARIFE YARED PROFA EMEF;Jordânia;4
MUNICIPAL;ITAPETININGA;ITAPETININGA;ITAPETININGA;0;219009;NAZIRA IARED PROFA EMEF;Colômbia;1
MUNICIPAL;ITAPETININGA;ITAPETININGA;ITAPETININGA;0;219149;LEONOR VIEIRA MELIM EMEF;Japão;4
MUNICIPAL;ITAPETININGA;ITAPETININGA;ITAPETININGA;0;300123;JOSE GOMES DA SILVA NETO PROF EMEF;Haiti;20
MUNICIPAL;ITAPETININGA;ITAPETININGA;ITAPETININGA;0;462861;ADALBERTO CHRISTO DAS DORES EMEF;Chile;1
MUNICIPAL;ITAPETININGA;ITAPETININGA;ITAPETININGA;0;462861;ADALBERTO CHRISTO DAS DORES EMEF;Síria;1
MUNICIPAL;ITAPETININGA;ITAPETININGA;ITAPETININGA;44;431333;DORANDINO VIEIRA CENTRO DE EDUCACAO COMPLEMENTAR;Síria;1
MUNICIPAL;ITAPETININGA;PARANAPANEMA;PARANAPANEMA;0;413410;DAYSE APARECIDA ESPOLAOR TREVISANI EMEIEF;Itália;1
MUNICIPAL;ITAPETININGA;PARANAPANEMA;PARANAPANEMA;0;413410;DAYSE APARECIDA ESPOLAOR TREVISANI EMEIEF;Japão;1
MUNICIPAL;ITAPETININGA;SAO MIGUEL ARCANJO;SAO MIGUEL ARCANJO;0;226359;ARANI JOSE DA SILVA EMEIF;Venezuela;3
MUNICIPAL;ITAPETININGA;SAO MIGUEL ARCANJO;SAO MIGUEL ARCANJO;0;226361;FERMINO MENDES DA SILVA PROF EMEIF;Paraguai;1
MUNICIPAL;ITAPETININGA;SARAPUI;SARAPUI;0;279055;CONCEICAO APARECIDA HOLTZ SANTOS PROFA EMEF;Irlanda;1
MUNICIPAL;ITAPETININGA;TATUI;TATUI;0;4386;EMEF PROFESSOR PAULINHO RIBEIRO;Portugal;1
MUNICIPAL;ITAPETININGA;TATUI;TATUI;0;96210;LALA DEL FIOL PROFA CEPEM;Haiti;1
MUNICIPAL;ITAPETININGA;TATUI;TATUI;0;120005;MARIA ESTRELA ABREU EMEI;Venezuela;1
MUNICIPAL;ITAPETININGA;TATUI;TATUI;0;196447;JOAO FLORENCIO EM;Gâmbia;1
MUNICIPAL;ITAPETININGA;TATUI;TATUI;0;196459;ACCACIO VIEIRA DE CAMARGO PROF EM;Japão;1
MUNICIPAL;ITAPETININGA;TATUI;TATUI;0;196460;JOSE TOMAS BORGES PROF EM;Haiti;1
MUNICIPAL;ITAPETININGA;TATUI;TATUI;0;196472;MAGALY AZAMBUJA DE TOLEDO PROFA EM;Bolívia;1
MUNICIPAL;ITAPETININGA;TATUI;TATUI;0;196496;TERESINHA VIEIRA DE CAMARGO BARROS PROFA EM;Venezuela;1
MUNICIPAL;ITAPETININGA;TATUI;TATUI;0;437487;ALAN ALVES DE ARAUJO PROFESSOR EMEF;Japão;1
MUNICIPAL;ITAPEVA;BURI;BURI;0;282893;HAYDEE FERREIRA ARATO PROFA EM;Cuba;2
MUNICIPAL;ITAPEVA;BURI;BURI;0;659988;ESTACAO ARACACU EM R;Cuba;1
MUNICIPAL;ITAPEVA;CAPAO BONITO;CAPAO BONITO;0;4684;EM PROFESSORA SUMIE TEREZA MATSUURA BALDISSERA;Japão;1
MUNICIPAL;ITAPEVA;CAPAO BONITO;CAPAO BONITO;44;4988;CECE  CENTRO EDUCACIONAL CULTURAL E ESPORTIVO PAULO FREIRE;Japão;2
MUNICIPAL;ITAPEVA;ITAPEVA;ITAPEVA;0;221661;HELIO DE MORAIS PROF EM;Bolívia;1
MUNICIPAL;ITAPEVA;ITAPEVA;ITAPEVA;0;221727;ACACIO PIEDADE CEL EM;Portugal;1
MUNICIPAL;ITAPEVA;ITAPEVA;ITAPEVA;0;240597;CELSO DUCH VILLAR PROF EM;Japão;1
MUNICIPAL;ITAPEVA;ITAPEVA;ITAPEVA;0;240631;JOSE LOPES FERNANDEZ EM;Japão;1
MUNICIPAL;ITAPEVA;ITAPEVA;ITAPEVA;0;240655;IVIS PIEDADE MARQUES PROFA EM;Venezuela;1
MUNICIPAL;ITAPEVA;ITAPEVA;ITAPEVA;0;240667;THEREZA SILVEIRA MELLO PROFA EM;Venezuela;1
MUNICIPAL;ITAPEVA;ITAPEVA;ITAPEVA;0;273715;CARLINDA GOMES ROLIM PROFA EM;Portugal;1
MUNICIPAL;ITAPEVA;ITAPEVA;ITAPEVA;0;277010;SILVIO MARIA DARIO DOM EM;Japão;1
MUNICIPAL;ITAPEVA;ITAPEVA;ITAPEVA;0;287684;JALILE ABDALLA BUHRER PROFA EMEI;Venezuela;1
MUNICIPAL;ITAPEVI;ALDEIA;BARUERI;0;241623;ESTEVAN PLACENCIO EMEF;Estados Unidos da América;1
MUNICIPAL;ITAPEVI;ALDEIA;BARUERI;0;241623;ESTEVAN PLACENCIO EMEF;Venezuela;2
MUNICIPAL;ITAPEVI;ALDEIA;BARUERI;0;244788;ROBERTO LUIS DE ARAUJO BRANDAO EMEF;Bolívia;1
MUNICIPAL;ITAPEVI;ALDEIA;BARUERI;0;244788;ROBERTO LUIS DE ARAUJO BRANDAO EMEF;Haiti;2
MUNICIPAL;ITAPEVI;ALDEIA;BARUERI;0;244818;MARIO JOAQUIM ESCOBAR DE ANDRADE EMEF;Qatar;1
MUNICIPAL;ITAPEVI;ALDEIA;BARUERI;0;268483;ONOFRA DA SILVA EMEF;Haiti;1
MUNICIPAL;ITAPEVI;ALDEIA;BARUERI;0;443785;FIEB  PROFESSOR ANTONIO ARANTES FILHO;Japão;1
MUNICIPAL;ITAPEVI;BARUERI;BARUERI;0;4993;ESCOLA MUNICIPAL MATERNAL VALE DO SOL;Guiné-Conacri;1
MUNICIPAL;ITAPEVI;BARUERI;BARUERI;0;6019;FIEB  PROFESSORA CRISTINA GOLDSTEIN;Itália;1
MUNICIPAL;ITAPEVI;BARUERI;BARUERI;0;67672;BENEDITO VENANCIO EMEI;Cuba;2
MUNICIPAL;ITAPEVI;BARUERI;BARUERI;0;78177;EMINOLDO HARGER EMEI;Venezuela;2
MUNICIPAL;ITAPEVI;BARUERI;BARUERI;0;78897;TAKECHI TAKAU EMEI;Haiti;1
MUNICIPAL;ITAPEVI;BARUERI;BARUERI;0;208103;DORIVAL FARIA EMEIEF;Alemanha;1
MUNICIPAL;ITAPEVI;BARUERI;BARUERI;0;208103;DORIVAL FARIA EMEIEF;Burkina Faso;1
MUNICIPAL;ITAPEVI;BARUERI;BARUERI;0;208103;DORIVAL FARIA EMEIEF;Cuba;2
MUNICIPAL;ITAPEVI;BARUERI;BARUERI;0;208103;DORIVAL FARIA EMEIEF;França;1
MUNICIPAL;ITAPEVI;BARUERI;BARUERI;0;208103;DORIVAL FARIA EMEIEF;Itália;1
MUNICIPAL;ITAPEVI;BARUERI;BARUERI;0;208103;DORIVAL FARIA EMEIEF;Japão;1
MUNICIPAL;ITAPEVI;BARUERI;BARUERI;0;208103;DORIVAL FARIA EMEIEF;México;1
MUNICIPAL;ITAPEVI;BARUERI;BARUERI;0;208103;DORIVAL FARIA EMEIEF;Venezuela;1
MUNICIPAL;ITAPEVI;BARUERI;BARUERI;0;216324;JORGE AUGUSTO DE CAMARGO PROF EMEF;Haiti;15
MUNICIPAL;ITAPEVI;BARUERI;BARUERI;0;223013;JOAO CARVALHO DE LIMA EMEF;Bolívia;2
MUNICIPAL;ITAPEVI;BARUERI;BARUERI;0;223013;JOAO CARVALHO DE LIMA EMEF;Haiti;1
MUNICIPAL;ITAPEVI;BARUERI;BARUERI;0;235544;LEONARDO AUGUSTO M DOS SANTOS ESCOLA MATERNAL MUNICIPAL;Haiti;1
MUNICIPAL;ITAPEVI;BARUERI;BARUERI;0;241611;RAPOSO TAVARES EMEF;Luxemburgo;1
MUNICIPAL;ITAPEVI;BARUERI;BARUERI;0;241611;RAPOSO TAVARES EMEF;México;1
MUNICIPAL;ITAPEVI;BARUERI;BARUERI;0;241635;SANDRO LUIZ BRAGA EMEF;Cuba;1
MUNICIPAL;ITAPEVI;BARUERI;BARUERI;0;241635;SANDRO LUIZ BRAGA EMEF;Japão;2
MUNICIPAL;ITAPEVI;BARUERI;BARUERI;0;241647;JOSE DOMINGOS DA SILVEIRA PROF EMEF;Bolívia;1
MUNICIPAL;ITAPEVI;BARUERI;BARUERI;0;241647;JOSE DOMINGOS DA SILVEIRA PROF EMEF;Haiti;2
MUNICIPAL;ITAPEVI;BARUERI;BARUERI;0;241659;AMADOR AGUIAR EMEF;Venezuela;2
MUNICIPAL;ITAPEVI;BARUERI;BARUERI;0;244752;AGENOR LINO DE MATOS DEPUTADO EMEF;Haiti;3
MUNICIPAL;ITAPEVI;BARUERI;BARUERI;0;244752;AGENOR LINO DE MATOS DEPUTADO EMEF;Peru;1
MUNICIPAL;ITAPEVI;BARUERI;BARUERI;0;244764;GILBERTO FLORENCIO PROF EMEF;Cuba;2
MUNICIPAL;ITAPEVI;BARUERI;BARUERI;0;244764;GILBERTO FLORENCIO PROF EMEF;Haiti;5
MUNICIPAL;ITAPEVI;BARUERI;BARUERI;0;244764;GILBERTO FLORENCIO PROF EMEF;Venezuela;2
MUNICIPAL;ITAPEVI;BARUERI;BARUERI;0;244776;TARO MIZUTORI PROF EMEIEF;Venezuela;1
MUNICIPAL;ITAPEVI;BARUERI;BARUERI;0;244797;EMEF PROFA ELVIRA LEFEVRE SALLES NEMER;Bolívia;3
MUNICIPAL;ITAPEVI;BARUERI;BARUERI;0;244797;EMEF PROFA ELVIRA LEFEVRE SALLES NEMER;Venezuela;2
MUNICIPAL;ITAPEVI;BARUERI;BARUERI;0;246773;NESTOR DE CAMARGO PREFEITO EMEF;Bolívia;1
MUNICIPAL;ITAPEVI;BARUERI;BARUERI;0;246773;NESTOR DE CAMARGO PREFEITO EMEF;Espanha;1
MUNICIPAL;ITAPEVI;BARUERI;BARUERI;0;268495;JOAO TIBURCIO SILVA FILHO PROF EMEIEF;Haiti;2
MUNICIPAL;ITAPEVI;BARUERI;BARUERI;0;270301;ESCOLA MUNICIPAL MATERNAL WANDEIR RIBEIRO;Venezuela;1
MUNICIPAL;ITAPEVI;BARUERI;BARUERI;0;270313;ARMANDO CAVAZZA EMEF;Haiti;39
MUNICIPAL;ITAPEVI;BARUERI;BARUERI;0;270313;ARMANDO CAVAZZA EMEF;Venezuela;2
MUNICIPAL;ITAPEVI;BARUERI;BARUERI;0;276315;JOSE EMIDIO DE AGUIAR EMEIEF;Luxemburgo;1
MUNICIPAL;ITAPEVI;BARUERI;BARUERI;0;276340;RITA DE JESUS EMEF;Egipto;2
MUNICIPAL;ITAPEVI;BARUERI;BARUERI;0;276340;RITA DE JESUS EMEF;Haiti;1
MUNICIPAL;ITAPEVI;BARUERI;BARUERI;0;281897;LUIZ DE OLIVEIRA ANDRADE PADRE EMEF;Bolívia;1
MUNICIPAL;ITAPEVI;BARUERI;BARUERI;0;281897;LUIZ DE OLIVEIRA ANDRADE PADRE EMEF;Haiti;8
MUNICIPAL;ITAPEVI;BARUERI;BARUERI;0;355732;EGIDIO COSTA PROFESSOR EMEF;Paraguai;1
MUNICIPAL;ITAPEVI;BARUERI;BARUERI;0;355744;SUZETE DA COSTA E SILVA MARIANO PROFA EMEF;Espanha;1
MUNICIPAL;ITAPEVI;BARUERI;BARUERI;0;365117;MARIA DOLORES ZENDRON PENTEADO PROFA EMM;Chile;1
MUNICIPAL;ITAPEVI;BARUERI;BARUERI;0;365117;MARIA DOLORES ZENDRON PENTEADO PROFA EMM;Haiti;2
MUNICIPAL;ITAPEVI;BARUERI;BARUERI;0;366821;EGLE APARECIDA RODRIGUES CAMPOS PROFA EMM;Bolívia;1
MUNICIPAL;ITAPEVI;BARUERI;BARUERI;0;366821;EGLE APARECIDA RODRIGUES CAMPOS PROFA EMM;Venezuela;1
MUNICIPAL;ITAPEVI;BARUERI;BARUERI;0;401407;ELIANE CASTANON PEREIRA PROFA ESCOLA MUNICIPAL MATERNAL;Bolívia;1
MUNICIPAL;ITAPEVI;BARUERI;BARUERI;0;417865;FIEB  PROFESSORA MARIA SYLVIA CHALUPPE MELLO;Bolívia;2
MUNICIPAL;ITAPEVI;BARUERI;BARUERI;0;417865;FIEB  PROFESSORA MARIA SYLVIA CHALUPPE MELLO;Japão;1
MUNICIPAL;ITAPEVI;BARUERI;BARUERI;0;422435;VALDINEIA DE FATIMA CASSOLI ESCOLA MUNICIPAL MATERNAL;Guiana;1
MUNICIPAL;ITAPEVI;BARUERI;BARUERI;0;422435;VALDINEIA DE FATIMA CASSOLI ESCOLA MUNICIPAL MATERNAL;Haiti;1
MUNICIPAL;ITAPEVI;BARUERI;BARUERI;0;439666;EIZABURO NOMURA PROF EMEF;Estados Unidos da América;1
MUNICIPAL;ITAPEVI;BARUERI;BARUERI;0;439666;EIZABURO NOMURA PROF EMEF;Uruguai;1
MUNICIPAL;ITAPEVI;BARUERI;BARUERI;0;439721;SIDNEY SANTUCCI PROF EMEF;Bolívia;1
MUNICIPAL;ITAPEVI;BARUERI;BARUERI;0;439721;SIDNEY SANTUCCI PROF EMEF;Guiné-Bissau;1
MUNICIPAL;ITAPEVI;BARUERI;BARUERI;0;439757;MARISA ODAINE DE OLIVEIRA MOLINA PROFESSORA EMM;Chile;1
MUNICIPAL;ITAPEVI;BARUERI;BARUERI;0;440966;FIEB  PROFESSOR HERCULES ALVES DE OLIVEIRA;Bolívia;3
MUNICIPAL;ITAPEVI;BARUERI;BARUERI;0;440966;FIEB  PROFESSOR HERCULES ALVES DE OLIVEIRA;Japão;1
MUNICIPAL;ITAPEVI;BARUERI;BARUERI;0;457673;MARIA JOSE DAMASCENO SANTOS PROFA EMM;Venezuela;1
MUNICIPAL;ITAPEVI;BARUERI;BARUERI;0;457693;ELIZABETH PARMINONDI ROMERO PROFA EM;Haiti;2
MUNICIPAL;ITAPEVI;BARUERI;BARUERI;0;457693;ELIZABETH PARMINONDI ROMERO PROFA EM;Portugal;2
MUNICIPAL;ITAPEVI;BARUERI;BARUERI;0;465240;CARLOS OSMARINHO DE LIMA PROF EMEF;Japão;1
MUNICIPAL;ITAPEVI;BARUERI;BARUERI;0;465276;CARLOS OSMARINHO DE LIMA PROF EMEI;Haiti;1
MUNICIPAL;ITAPEVI;BARUERI;BARUERI;0;477060;MARIA DE MENEZES BEZERRA EMMEI;Bolívia;1
MUNICIPAL;ITAPEVI;BARUERI;BARUERI;0;477266;LUCINEIA DE OLIVEIRA EMEI;Chile;1
MUNICIPAL;ITAPEVI;BARUERI;BARUERI;0;477266;LUCINEIA DE OLIVEIRA EMEI;Haiti;1
MUNICIPAL;ITAPEVI;BARUERI;BARUERI;0;477308;MARIA JOSE DE BARROS PROFA ESCOLA MUNICIPAL MATERNAL EI;Cuba;1
MUNICIPAL;ITAPEVI;BARUERI;BARUERI;0;479697;MARIA MEDUNECKAS PROFESSORA COMPLEXO EDUCACIONAL;Suriname;1
MUNICIPAL;ITAPEVI;BARUERI;BARUERI;0;479949;ENEIAS RAIMUNDO DA SILVA PROF EMEIEF;Espanha;1
MUNICIPAL;ITAPEVI;ITAPEVI;ITAPEVI;0;199394;PAULO FREIRE PROFESSOR CENTRO MUNICIPAL DE EDUCACAO BASICA;Colômbia;1
MUNICIPAL;ITAPEVI;ITAPEVI;ITAPEVI;0;199394;PAULO FREIRE PROFESSOR CENTRO MUNICIPAL DE EDUCACAO BASICA;Japão;1
MUNICIPAL;ITAPEVI;ITAPEVI;ITAPEVI;0;206696;CECILIA BELLI  VOVO CECILIA CEMEB;Haiti;1
MUNICIPAL;ITAPEVI;ITAPEVI;ITAPEVI;0;206696;CECILIA BELLI  VOVO CECILIA CEMEB;Venezuela;1
MUNICIPAL;ITAPEVI;ITAPEVI;ITAPEVI;0;207019;BEMVINDO MOREIRA NERY CEMEB;Japão;2
MUNICIPAL;ITAPEVI;ITAPEVI;ITAPEVI;0;212131;CARLOS DRUMMOND DE ANDRADE CEMEB;Haiti;1
MUNICIPAL;ITAPEVI;ITAPEVI;ITAPEVI;0;212179;UBIRATAN JOSE CHALUPPE VEREADOR CEMEB;Haiti;1
MUNICIPAL;ITAPEVI;ITAPEVI;ITAPEVI;0;212210;ESCOLA DO FUTURO EDUCACAO DE TEMPO INTEGRAL PROFESSOR  IRANY TOLEDO MORAES;Argentina;2
MUNICIPAL;ITAPEVI;ITAPEVI;ITAPEVI;0;212210;ESCOLA DO FUTURO EDUCACAO DE TEMPO INTEGRAL PROFESSOR  IRANY TOLEDO MORAES;Espanha;1
MUNICIPAL;ITAPEVI;ITAPEVI;ITAPEVI;0;212210;ESCOLA DO FUTURO EDUCACAO DE TEMPO INTEGRAL PROFESSOR  IRANY TOLEDO MORAES;Venezuela;2
MUNICIPAL;ITAPEVI;ITAPEVI;ITAPEVI;0;212234;ESCOLA DO FUTURO  EDUCACAO DE TEMPO INTEGRAL TARSILA DO AMARAL;Haiti;1
MUNICIPAL;ITAPEVI;ITAPEVI;ITAPEVI;0;216367;ANTONIO MANOEL DE OLIVEIRA DR CEMEB;Venezuela;1
MUNICIPAL;ITAPEVI;ITAPEVI;ITAPEVI;0;216392;CEMEB ANTONIO CARLOS GOMES;África do Sul;1
MUNICIPAL;ITAPEVI;ITAPEVI;ITAPEVI;0;216410;FLORIZA NUNES DE CAMARGO DONA CEMEB;Bolívia;1
MUNICIPAL;ITAPEVI;ITAPEVI;ITAPEVI;0;216410;FLORIZA NUNES DE CAMARGO DONA CEMEB;Haiti;1
MUNICIPAL;ITAPEVI;ITAPEVI;ITAPEVI;0;216458;GILBERTO DE PINHO MAESTRO CEMEB;Haiti;2
MUNICIPAL;ITAPEVI;ITAPEVI;ITAPEVI;0;216461;VINICIUS DE MORAES CEMEB;Venezuela;1
MUNICIPAL;ITAPEVI;ITAPEVI;ITAPEVI;0;216471;TANCREDO DE ALMEIDA NEVES PRESIDENTE CEMEB;Bolívia;1
MUNICIPAL;ITAPEVI;ITAPEVI;ITAPEVI;0;229490;ANTONIO GONCALVES DIAS CEMEB;Bolívia;1
MUNICIPAL;ITAPEVI;ITAPEVI;ITAPEVI;0;229490;ANTONIO GONCALVES DIAS CEMEB;Venezuela;1
MUNICIPAL;ITAPEVI;ITAPEVI;ITAPEVI;0;234624;MARIA RONCAGLI MICHELOTTI DONA CEMEB;Guiné-Bissau;4
MUNICIPAL;ITAPEVI;ITAPEVI;ITAPEVI;0;234624;MARIA RONCAGLI MICHELOTTI DONA CEMEB;Guiné-Conacri;1
MUNICIPAL;ITAPEVI;ITAPEVI;ITAPEVI;0;234624;MARIA RONCAGLI MICHELOTTI DONA CEMEB;Haiti;1
MUNICIPAL;ITAPEVI;ITAPEVI;ITAPEVI;0;278245;ANDRE FRANCO MONTORO GOVERNADOR CEMEB;Guiné-Bissau;2
MUNICIPAL;ITAPEVI;ITAPEVI;ITAPEVI;0;278245;ANDRE FRANCO MONTORO GOVERNADOR CEMEB;Haiti;1
MUNICIPAL;ITAPEVI;ITAPEVI;ITAPEVI;0;305078;MARIA ANGELA NUNES NEVES NERI PROFA CEMEB;Bolívia;1
MUNICIPAL;ITAPEVI;ITAPEVI;ITAPEVI;0;305078;MARIA ANGELA NUNES NEVES NERI PROFA CEMEB;Haiti;2
MUNICIPAL;ITAPEVI;ITAPEVI;ITAPEVI;0;442562;ZILDA ARNS NEUMANN DRA CEMEB;Haiti;3
MUNICIPAL;ITAPEVI;ITAPEVI;ITAPEVI;0;471501;ESCOLA DO FUTURO  ESCOLA DE TEMPO INTEGRAL PROF? MAGALI TREVIZAN  PROENCA DE ALMEIDA;Argentina;1
MUNICIPAL;ITAPEVI;JANDIRA;JANDIRA;0;64865;VIVICO PEREIRA EMEB;Venezuela;1
MUNICIPAL;ITAPEVI;JANDIRA;JANDIRA;0;79637;THAMARA CORREA DE MATOS EMEB;Haiti;1
MUNICIPAL;ITAPEVI;JANDIRA;JANDIRA;0;214759;ANTONIO DE OLIVEIRA EMEB;Haiti;1
MUNICIPAL;ITAPEVI;JANDIRA;JANDIRA;0;214772;HENEYDE STORNI RIBEIRO EMEB;Chile;1
MUNICIPAL;ITAPEVI;JANDIRA;JANDIRA;0;214814;WAGNER ALFREDO PASCHOALIN EMEB;Bolívia;1
MUNICIPAL;ITAPEVI;JANDIRA;JANDIRA;0;214863;AYRTON SENNA EMEB;Bolívia;2
MUNICIPAL;ITAPEVI;JANDIRA;JANDIRA;0;214863;AYRTON SENNA EMEB;Haiti;1
MUNICIPAL;ITAPEVI;JANDIRA;JANDIRA;0;214875;MONTEIRO LOBATO EMEB;Bolívia;1
MUNICIPAL;ITAPEVI;JANDIRA;JANDIRA;0;214875;MONTEIRO LOBATO EMEB;Venezuela;1
MUNICIPAL;ITAPEVI;JANDIRA;JANDIRA;0;217384;MOISES CANDIDO VIEIRA EMEB;Haiti;1
MUNICIPAL;ITAPEVI;JANDIRA;JANDIRA;0;275785;EDISON ALVES DOS SANTOS EMEB;Bolívia;4
MUNICIPAL;ITAPEVI;JANDIRA;JANDIRA;0;275785;EDISON ALVES DOS SANTOS EMEB;Haiti;7
MUNICIPAL;ITAPEVI;JANDIRA;JANDIRA;0;275785;EDISON ALVES DOS SANTOS EMEB;Venezuela;1
MUNICIPAL;ITAPEVI;JANDIRA;JANDIRA;0;281128;MARIANO MARCELINO NASCIMENTO EMEB;Nigéria;1
MUNICIPAL;ITAPEVI;JANDIRA;JANDIRA;0;281136;PEDRINA BENEDITA DIAS EMEB;Venezuela;3
MUNICIPAL;ITAPEVI;JANDIRA;JANDIRA;0;437578;HENRIQUE SAMMARTINHO ALFERES EMEB;Guiné-Conacri;1
MUNICIPAL;ITAPEVI;JANDIRA;JANDIRA;0;437608;EMEB DEMILSON SOARES MOLICA;Venezuela;1
MUNICIPAL;ITAPEVI;JANDIRA;JANDIRA;0;443505;JOAO BATISTA SOLDE EMEB;Venezuela;1
MUNICIPAL;ITAPEVI;JANDIRA;JANDIRA;0;443797;ALEGRIA DE VIVER EMEB;Haiti;1
MUNICIPAL;ITAPEVI;JANDIRA;JANDIRA;0;572731;CRIANCA FELIZ EMEB;Cuba;1
MUNICIPAL;ITAPEVI;JARDIM BELVAL;BARUERI;0;4547;ESCOLA MATERNAL MUNICIPAL LUZIA MARIA DA CONCEICAO LIMA;Angola;1
MUNICIPAL;ITAPEVI;JARDIM BELVAL;BARUERI;0;4547;ESCOLA MATERNAL MUNICIPAL LUZIA MARIA DA CONCEICAO LIMA;Portugal;1
MUNICIPAL;ITAPEVI;JARDIM BELVAL;BARUERI;0;67659;RICARDO PEAGNO EMEI;Bolívia;1
MUNICIPAL;ITAPEVI;JARDIM BELVAL;BARUERI;0;72990;YOJIRO TAKAOKA ENG EMEIEF;Estados Unidos da América;1
MUNICIPAL;ITAPEVI;JARDIM BELVAL;BARUERI;0;223001;NALY BENEDICTA BECEGATTO CAMARGO MANCINI PROFA EMEF;Bolívia;5
MUNICIPAL;ITAPEVI;JARDIM BELVAL;BARUERI;0;223001;NALY BENEDICTA BECEGATTO CAMARGO MANCINI PROFA EMEF;Haiti;3
MUNICIPAL;ITAPEVI;JARDIM BELVAL;BARUERI;0;223001;NALY BENEDICTA BECEGATTO CAMARGO MANCINI PROFA EMEF;Paraguai;1
MUNICIPAL;ITAPEVI;JARDIM BELVAL;BARUERI;0;235532;ARACY MARTINS DE LIMA ESCOLA MUNICIPAL MATERNAL;Bolívia;1
MUNICIPAL;ITAPEVI;JARDIM BELVAL;BARUERI;0;246797;ARISTIDES DA COSTA E SILVA PROF EMEF;Bolívia;5
MUNICIPAL;ITAPEVI;JARDIM BELVAL;BARUERI;0;323724;FIEB  BRASILIO FLORES DE AZEVEDO;Argentina;1
MUNICIPAL;ITAPEVI;JARDIM BELVAL;BARUERI;0;323724;FIEB  BRASILIO FLORES DE AZEVEDO;Bolívia;2
MUNICIPAL;ITAPEVI;JARDIM BELVAL;BARUERI;0;323724;FIEB  BRASILIO FLORES DE AZEVEDO;Cuba;2
MUNICIPAL;ITAPEVI;JARDIM BELVAL;BARUERI;0;323724;FIEB  BRASILIO FLORES DE AZEVEDO;Guiné-Conacri;2
MUNICIPAL;ITAPEVI;JARDIM BELVAL;BARUERI;0;323724;FIEB  BRASILIO FLORES DE AZEVEDO;Japão;1
MUNICIPAL;ITAPEVI;JARDIM BELVAL;BARUERI;0;323724;FIEB  BRASILIO FLORES DE AZEVEDO;Paraguai;1
MUNICIPAL;ITAPEVI;JARDIM BELVAL;BARUERI;0;441417;APARECIDA CONCEICAO SOARES AKYAMA PROFA EMM;Bolívia;2
MUNICIPAL;ITAPEVI;JARDIM BELVAL;BARUERI;0;447493;ALFREDO DO CARMO PROFESSOR EMEI;Angola;1
MUNICIPAL;ITAPEVI;JARDIM BELVAL;BARUERI;0;447493;ALFREDO DO CARMO PROFESSOR EMEI;Bolívia;3
MUNICIPAL;ITAPEVI;JARDIM BELVAL;BARUERI;0;451101;EZIO BERZAGHI PROFESSOR EMEF;Bolívia;3
MUNICIPAL;ITAPEVI;JARDIM SILVEIRA;BARUERI;0;67647;THOMAZ VICTORIA RODRIGUES EMEI;Bolívia;2
MUNICIPAL;ITAPEVI;JARDIM SILVEIRA;BARUERI;0;67702;ROGELIO LOPEZ RECAREY EMEI;Haiti;1
MUNICIPAL;ITAPEVI;JARDIM SILVEIRA;BARUERI;0;208127;BENEDITO ADHERBAL FARBO EMEIEF;Itália;1
MUNICIPAL;ITAPEVI;JARDIM SILVEIRA;BARUERI;0;222999;FIORAVANTE BARLETTA EMEF;Bolívia;1
MUNICIPAL;ITAPEVI;JARDIM SILVEIRA;BARUERI;0;246748;ESCOLA MUNICIPAL DE ENSINO FUNDAMENTAL PROFA DALVA FOGACA;Bolívia;1
MUNICIPAL;ITAPEVI;JARDIM SILVEIRA;BARUERI;0;246748;ESCOLA MUNICIPAL DE ENSINO FUNDAMENTAL PROFA DALVA FOGACA;Colômbia;2
MUNICIPAL;ITAPEVI;JARDIM SILVEIRA;BARUERI;0;246748;ESCOLA MUNICIPAL DE ENSINO FUNDAMENTAL PROFA DALVA FOGACA;Japão;1
MUNICIPAL;ITAPEVI;JARDIM SILVEIRA;BARUERI;0;246748;ESCOLA MUNICIPAL DE ENSINO FUNDAMENTAL PROFA DALVA FOGACA;Venezuela;2
MUNICIPAL;ITAPEVI;JARDIM SILVEIRA;BARUERI;0;276327;MARGARIDA MARIA MACIEL EMEF;Haiti;1
MUNICIPAL;ITAPEVI;JARDIM SILVEIRA;BARUERI;0;276339;ALCINO FRANCISCO DE SOUZA PROF EMEF;Bolívia;1
MUNICIPAL;ITAPEVI;JARDIM SILVEIRA;BARUERI;0;276339;ALCINO FRANCISCO DE SOUZA PROF EMEF;Japão;2
MUNICIPAL;ITAPEVI;JARDIM SILVEIRA;BARUERI;0;324462;FIEB  PROFESSOR MUNIR JOSE;Bolívia;2
MUNICIPAL;ITAPEVI;JARDIM SILVEIRA;BARUERI;0;324462;FIEB  PROFESSOR MUNIR JOSE;Cuba;1
MUNICIPAL;ITAPEVI;PIRAPORA DO BOM JESUS;PIRAPORA DO BOM JESUS;0;273612;MARIA NILA PONTES IRMA EMEF;Haiti;3
MUNICIPAL;ITAPEVI;PIRAPORA DO BOM JESUS;PIRAPORA DO BOM JESUS;0;280495;RENATO TONOLLI BRITO PEDRO EMEF;Haiti;2
MUNICIPAL;ITAPEVI;PIRAPORA DO BOM JESUS;PIRAPORA DO BOM JESUS;0;295954;MARIA APARECIDA BERALDO GALLO PROFA EMEF;Uruguai;1
MUNICIPAL;ITAPEVI;SANTANA DE PARNAIBA;SANTANA DE PARNAIBA;0;4311;COLEGIO MUNICIPAL ANA SERRA DE FREITAS;Venezuela;2
MUNICIPAL;ITAPEVI;SANTANA DE PARNAIBA;SANTANA DE PARNAIBA;0;5544;COLEGIO MUNICIPAL GEORGINA DE ANDRADE NADALINI;Venezuela;3
MUNICIPAL;ITAPEVI;SANTANA DE PARNAIBA;SANTANA DE PARNAIBA;0;7150;CRISTAL PARK COLEGIO MUNICIPAL;África do Sul;1
MUNICIPAL;ITAPEVI;SANTANA DE PARNAIBA;SANTANA DE PARNAIBA;0;113517;AYRTON SENNA DA SILVA COLEGIO MUNICIPAL;Cuba;1
MUNICIPAL;ITAPEVI;SANTANA DE PARNAIBA;SANTANA DE PARNAIBA;0;132073;TANCREDO DE ALMEIDA NEVES PRESIDENTE COLEGIO MUNICIPAL;Bolívia;2
MUNICIPAL;ITAPEVI;SANTANA DE PARNAIBA;SANTANA DE PARNAIBA;0;208000;BALAO MAGICO COLEGIO MUNICIPAL;Haiti;1
MUNICIPAL;ITAPEVI;SANTANA DE PARNAIBA;SANTANA DE PARNAIBA;0;208059;PINGO DE GENTE COLEGIO MUNICIPAL;Haiti;1
MUNICIPAL;ITAPEVI;SANTANA DE PARNAIBA;SANTANA DE PARNAIBA;0;218112;MANOEL JACOB CREMM COLEGIO MUNICIPAL;Reino Unido da Grã-Bretanha e Irlanda do Norte;1
MUNICIPAL;ITAPEVI;SANTANA DE PARNAIBA;SANTANA DE PARNAIBA;0;218112;MANOEL JACOB CREMM COLEGIO MUNICIPAL;Venezuela;10
MUNICIPAL;ITAPEVI;SANTANA DE PARNAIBA;SANTANA DE PARNAIBA;0;240862;ALVARO RIBEIRO DR COLEGIO MUNICIPAL;Haiti;3
MUNICIPAL;ITAPEVI;SANTANA DE PARNAIBA;SANTANA DE PARNAIBA;0;240862;ALVARO RIBEIRO DR COLEGIO MUNICIPAL;Venezuela;2
MUNICIPAL;ITAPEVI;SANTANA DE PARNAIBA;SANTANA DE PARNAIBA;0;240874;BERNARDINO MARQUES DA SILVA PREF COLEGIO MUNICIPAL;Venezuela;1
MUNICIPAL;ITAPEVI;SANTANA DE PARNAIBA;SANTANA DE PARNAIBA;0;240898;JOAO JOSE DE OLIVEIRA PREF COLEGIO MUNICIPAL;Austrália;1
MUNICIPAL;ITAPEVI;SANTANA DE PARNAIBA;SANTANA DE PARNAIBA;0;240898;JOAO JOSE DE OLIVEIRA PREF COLEGIO MUNICIPAL;Haiti;8
MUNICIPAL;ITAPEVI;SANTANA DE PARNAIBA;SANTANA DE PARNAIBA;0;240928;RUTH DE AZEVEDO SILVA RODRIGUES PROFA COLEGIO MUNICIPAL;Cuba;4
MUNICIPAL;ITAPEVI;SANTANA DE PARNAIBA;SANTANA DE PARNAIBA;0;240928;RUTH DE AZEVEDO SILVA RODRIGUES PROFA COLEGIO MUNICIPAL;Espanha;1
MUNICIPAL;ITAPEVI;SANTANA DE PARNAIBA;SANTANA DE PARNAIBA;0;240928;RUTH DE AZEVEDO SILVA RODRIGUES PROFA COLEGIO MUNICIPAL;Estados Unidos da América;1
MUNICIPAL;ITAPEVI;SANTANA DE PARNAIBA;SANTANA DE PARNAIBA;0;240928;RUTH DE AZEVEDO SILVA RODRIGUES PROFA COLEGIO MUNICIPAL;Portugal;1
MUNICIPAL;ITAPEVI;SANTANA DE PARNAIBA;SANTANA DE PARNAIBA;0;240941;GASPAR DE GODOI COLACO TTE GAL COLEGIO MUNICIPAL;África do Sul;1
MUNICIPAL;ITAPEVI;SANTANA DE PARNAIBA;SANTANA DE PARNAIBA;0;240941;GASPAR DE GODOI COLACO TTE GAL COLEGIO MUNICIPAL;Cuba;1
MUNICIPAL;ITAPEVI;SANTANA DE PARNAIBA;SANTANA DE PARNAIBA;0;240941;GASPAR DE GODOI COLACO TTE GAL COLEGIO MUNICIPAL;México;2
MUNICIPAL;ITAPEVI;SANTANA DE PARNAIBA;SANTANA DE PARNAIBA;0;249622;IMIDEO GIUSEPPE NERICI PROF COLEGIO MUNICIPAL;Estados Unidos da América;4
MUNICIPAL;ITAPEVI;SANTANA DE PARNAIBA;SANTANA DE PARNAIBA;0;249622;IMIDEO GIUSEPPE NERICI PROF COLEGIO MUNICIPAL;Haiti;8
MUNICIPAL;ITAPEVI;SANTANA DE PARNAIBA;SANTANA DE PARNAIBA;0;273648;ALDONIO RAMOS TEIXEIRA PROF COLEGIO MUNICIPAL;Haiti;6
MUNICIPAL;ITAPEVI;SANTANA DE PARNAIBA;SANTANA DE PARNAIBA;0;273659;ANACLETO DE CAMARGO PADRE COLEGIO MUNICIPAL;Haiti;3
MUNICIPAL;ITAPEVI;SANTANA DE PARNAIBA;SANTANA DE PARNAIBA;0;273659;ANACLETO DE CAMARGO PADRE COLEGIO MUNICIPAL;Japão;1
MUNICIPAL;ITAPEVI;SANTANA DE PARNAIBA;SANTANA DE PARNAIBA;0;273673;CARLOS ALBERTO DE SIQUEIRA PROF COLEGIO MUNICIPAL;Haiti;2
MUNICIPAL;ITAPEVI;SANTANA DE PARNAIBA;SANTANA DE PARNAIBA;0;273673;CARLOS ALBERTO DE SIQUEIRA PROF COLEGIO MUNICIPAL;Itália;1
MUNICIPAL;ITAPEVI;SANTANA DE PARNAIBA;SANTANA DE PARNAIBA;0;273685;LEDA CAIRA PROFA COLEGIO MUNICIPAL;Haiti;3
MUNICIPAL;ITAPEVI;SANTANA DE PARNAIBA;SANTANA DE PARNAIBA;0;281451;ANDRE FRANCO MONTORO GOVERNADOR COLEGIO MUNICIPAL;Haiti;1
MUNICIPAL;ITAPEVI;SANTANA DE PARNAIBA;SANTANA DE PARNAIBA;0;281451;ANDRE FRANCO MONTORO GOVERNADOR COLEGIO MUNICIPAL;Venezuela;1
MUNICIPAL;ITAPEVI;SANTANA DE PARNAIBA;SANTANA DE PARNAIBA;0;286953;ANDRE FERNANDES COLEGIO MUNICIPAL;Haiti;4
MUNICIPAL;ITAPEVI;SANTANA DE PARNAIBA;SANTANA DE PARNAIBA;0;286977;BENEDITA ODETTE DE MORAIS SAVOIA COLEGIO MUNICIPAL;China;2
MUNICIPAL;ITAPEVI;SANTANA DE PARNAIBA;SANTANA DE PARNAIBA;0;286989;CELINA DA COSTA MACHADO SILVA DONA COLEGIO MUNICIPAL;Haiti;1
MUNICIPAL;ITAPEVI;SANTANA DE PARNAIBA;SANTANA DE PARNAIBA;0;287349;HORTENCIA ALVES DOS SANTOS PROFA COLEGIO MUNICIPAL;Haiti;3
MUNICIPAL;ITAPEVI;SANTANA DE PARNAIBA;SANTANA DE PARNAIBA;0;299327;TOM JOBIM COLEGIO MUNICIPAL;Argentina;2
MUNICIPAL;ITAPEVI;SANTANA DE PARNAIBA;SANTANA DE PARNAIBA;0;299327;TOM JOBIM COLEGIO MUNICIPAL;Irão;1
MUNICIPAL;ITAPEVI;SANTANA DE PARNAIBA;SANTANA DE PARNAIBA;0;407860;DAISY MORAES CHAVES NICOLAS PROFA COLEGIO MUNICIPAL;Espanha;1
MUNICIPAL;ITAPEVI;SANTANA DE PARNAIBA;SANTANA DE PARNAIBA;0;437876;ADRIANO TEIXEIRA DE SANTANA COLEGIO MUNICIPAL;Haiti;1
MUNICIPAL;ITAPEVI;SANTANA DE PARNAIBA;SANTANA DE PARNAIBA;0;438029;MARIA CLARA MACHADO COLEGIO MUNICIPAL;Dominicana, República;1
MUNICIPAL;ITAPEVI;SANTANA DE PARNAIBA;SANTANA DE PARNAIBA;0;438029;MARIA CLARA MACHADO COLEGIO MUNICIPAL;Venezuela;4
MUNICIPAL;ITAQUAQUECETUBA;ITAQUAQUECETUBA;ITAQUAQUECETUBA;0;69164;CLELIA MONEA CHAPINA CRECHE EM;Venezuela;1
MUNICIPAL;ITAQUAQUECETUBA;ITAQUAQUECETUBA;ITAQUAQUECETUBA;0;69224;HELENA SGARBI MARKS PROFA ESCOLA MUNICIPAL;Bolívia;2
MUNICIPAL;ITAQUAQUECETUBA;ITAQUAQUECETUBA;ITAQUAQUECETUBA;0;69486;MARIA CRISTINA DINIZ DE ALMEIDA PROFESSORA EM;Dominicana, República;1
MUNICIPAL;ITAQUAQUECETUBA;ITAQUAQUECETUBA;ITAQUAQUECETUBA;0;69486;MARIA CRISTINA DINIZ DE ALMEIDA PROFESSORA EM;Venezuela;2
MUNICIPAL;ITAQUAQUECETUBA;ITAQUAQUECETUBA;ITAQUAQUECETUBA;0;69516;ANTONIO RODRIGUES GALLEGO VER EM;Argentina;1
MUNICIPAL;ITAQUAQUECETUBA;ITAQUAQUECETUBA;ITAQUAQUECETUBA;0;69516;ANTONIO RODRIGUES GALLEGO VER EM;Bolívia;2
MUNICIPAL;ITAQUAQUECETUBA;ITAQUAQUECETUBA;ITAQUAQUECETUBA;0;69516;ANTONIO RODRIGUES GALLEGO VER EM;Haiti;1
MUNICIPAL;ITAQUAQUECETUBA;ITAQUAQUECETUBA;ITAQUAQUECETUBA;0;75127;ROSELI APARECIDA MENDES PROFA EM;Bolívia;4
MUNICIPAL;ITAQUAQUECETUBA;ITAQUAQUECETUBA;ITAQUAQUECETUBA;0;75127;ROSELI APARECIDA MENDES PROFA EM;Paraguai;2
MUNICIPAL;ITAQUAQUECETUBA;ITAQUAQUECETUBA;ITAQUAQUECETUBA;0;78402;SEBASTIAO GREGORIO DOS SANTOS EM;África do Sul;1
MUNICIPAL;ITAQUAQUECETUBA;ITAQUAQUECETUBA;ITAQUAQUECETUBA;0;78402;SEBASTIAO GREGORIO DOS SANTOS EM;Argentina;2
MUNICIPAL;ITAQUAQUECETUBA;ITAQUAQUECETUBA;ITAQUAQUECETUBA;0;78402;SEBASTIAO GREGORIO DOS SANTOS EM;Bolívia;11
MUNICIPAL;ITAQUAQUECETUBA;ITAQUAQUECETUBA;ITAQUAQUECETUBA;0;78402;SEBASTIAO GREGORIO DOS SANTOS EM;Haiti;1
MUNICIPAL;ITAQUAQUECETUBA;ITAQUAQUECETUBA;ITAQUAQUECETUBA;0;78402;SEBASTIAO GREGORIO DOS SANTOS EM;Laos;1
MUNICIPAL;ITAQUAQUECETUBA;ITAQUAQUECETUBA;ITAQUAQUECETUBA;0;78402;SEBASTIAO GREGORIO DOS SANTOS EM;Peru;1
MUNICIPAL;ITAQUAQUECETUBA;ITAQUAQUECETUBA;ITAQUAQUECETUBA;0;78402;SEBASTIAO GREGORIO DOS SANTOS EM;Qatar;1
MUNICIPAL;ITAQUAQUECETUBA;ITAQUAQUECETUBA;ITAQUAQUECETUBA;0;78414;OLIVIA APARECIDA S C GUGLIELMO PROFA EM;Bolívia;4
MUNICIPAL;ITAQUAQUECETUBA;ITAQUAQUECETUBA;ITAQUAQUECETUBA;0;130692;JOSE DE FREITAS MENDONCA DR EM;Bolívia;2
MUNICIPAL;ITAQUAQUECETUBA;ITAQUAQUECETUBA;ITAQUAQUECETUBA;0;130862;ORLANDO BENTO DA SILVA EM;Bolívia;17
MUNICIPAL;ITAQUAQUECETUBA;ITAQUAQUECETUBA;ITAQUAQUECETUBA;0;130965;JURACI MARCHIONI VICE PREFEITO EM;Bolívia;2
MUNICIPAL;ITAQUAQUECETUBA;ITAQUAQUECETUBA;ITAQUAQUECETUBA;0;133607;JOSEFA COSTA DE SOUZA MOURA EM;Argentina;1
MUNICIPAL;ITAQUAQUECETUBA;ITAQUAQUECETUBA;ITAQUAQUECETUBA;0;133607;JOSEFA COSTA DE SOUZA MOURA EM;Bolívia;7
MUNICIPAL;ITAQUAQUECETUBA;ITAQUAQUECETUBA;ITAQUAQUECETUBA;0;203671;TELMA ARRIVETTI DO PRADO PROFA EM;Bolívia;1
MUNICIPAL;ITAQUAQUECETUBA;ITAQUAQUECETUBA;ITAQUAQUECETUBA;0;203671;TELMA ARRIVETTI DO PRADO PROFA EM;Venezuela;1
MUNICIPAL;ITAQUAQUECETUBA;ITAQUAQUECETUBA;ITAQUAQUECETUBA;0;203683;VIRGILIO MARINHO EM;Argentina;2
MUNICIPAL;ITAQUAQUECETUBA;ITAQUAQUECETUBA;ITAQUAQUECETUBA;0;216938;PAULO NUNES PROF EM;Bolívia;2
MUNICIPAL;ITAQUAQUECETUBA;ITAQUAQUECETUBA;ITAQUAQUECETUBA;0;216938;PAULO NUNES PROF EM;Espanha;1
MUNICIPAL;ITAQUAQUECETUBA;ITAQUAQUECETUBA;ITAQUAQUECETUBA;0;216938;PAULO NUNES PROF EM;Venezuela;1
MUNICIPAL;ITAQUAQUECETUBA;ITAQUAQUECETUBA;ITAQUAQUECETUBA;0;216948;ALCEU MAGALHAES COUTINHO PROFESSOR ESCOLA MUNICIPAL;Bolívia;3
MUNICIPAL;ITAQUAQUECETUBA;ITAQUAQUECETUBA;ITAQUAQUECETUBA;0;216951;CHARLES HENRY TYLER TOWNSEND DR EM;Venezuela;2
MUNICIPAL;ITAQUAQUECETUBA;ITAQUAQUECETUBA;ITAQUAQUECETUBA;0;216975;MARIA EULALIA NOBRE BORGES PROFA EM;Bolívia;3
MUNICIPAL;ITAQUAQUECETUBA;ITAQUAQUECETUBA;ITAQUAQUECETUBA;0;216975;MARIA EULALIA NOBRE BORGES PROFA EM;Haiti;2
MUNICIPAL;ITAQUAQUECETUBA;ITAQUAQUECETUBA;ITAQUAQUECETUBA;0;216999;SHOZAYEMON SETOKUCHI EM;Argentina;1
MUNICIPAL;ITAQUAQUECETUBA;ITAQUAQUECETUBA;ITAQUAQUECETUBA;0;216999;SHOZAYEMON SETOKUCHI EM;Bolívia;6
MUNICIPAL;ITAQUAQUECETUBA;ITAQUAQUECETUBA;ITAQUAQUECETUBA;0;216999;SHOZAYEMON SETOKUCHI EM;Paraguai;2
MUNICIPAL;ITAQUAQUECETUBA;ITAQUAQUECETUBA;ITAQUAQUECETUBA;0;225435;RUI ALBERTO PESTANA HENRIQUES PROF EM;Portugal;1
MUNICIPAL;ITAQUAQUECETUBA;ITAQUAQUECETUBA;ITAQUAQUECETUBA;0;234936;FLORO DA SILVA ESCOLA MUNICIPAL;Bolívia;5
MUNICIPAL;ITAQUAQUECETUBA;ITAQUAQUECETUBA;ITAQUAQUECETUBA;0;234941;ALFREDO GONCALVES FERREIRA DA SILVA VICEPREFEITO EM;Bolívia;10
MUNICIPAL;ITAQUAQUECETUBA;ITAQUAQUECETUBA;ITAQUAQUECETUBA;0;234953;ANTONIA CICONE DONA EM;Bolívia;3
MUNICIPAL;ITAQUAQUECETUBA;ITAQUAQUECETUBA;ITAQUAQUECETUBA;0;243322;ALI ALI HAMMOUD EM;Bolívia;2
MUNICIPAL;ITAQUAQUECETUBA;ITAQUAQUECETUBA;ITAQUAQUECETUBA;0;243322;ALI ALI HAMMOUD EM;Peru;1
MUNICIPAL;ITAQUAQUECETUBA;ITAQUAQUECETUBA;ITAQUAQUECETUBA;0;282091;CLARINDA DA CONCEICAO EM;Bolívia;1
MUNICIPAL;ITAQUAQUECETUBA;ITAQUAQUECETUBA;ITAQUAQUECETUBA;0;291717;BENEDITO VIEIRA DA MOTA EM;Bolívia;2
MUNICIPAL;ITAQUAQUECETUBA;ITAQUAQUECETUBA;ITAQUAQUECETUBA;0;298153;JOAQUIM PERPETUO EM;Bolívia;2
MUNICIPAL;ITAQUAQUECETUBA;ITAQUAQUECETUBA;ITAQUAQUECETUBA;0;299674;CHIOZO KITAKAWA ENGENHEIRO EM;Bolívia;1
MUNICIPAL;ITAQUAQUECETUBA;ITAQUAQUECETUBA;ITAQUAQUECETUBA;0;419060;JOSE PIACENTINI ESCOLA MUNICIPAL;Bolívia;1
MUNICIPAL;ITAQUAQUECETUBA;ITAQUAQUECETUBA;ITAQUAQUECETUBA;0;419175;ARISTIDES JACOB ALVARES DR ESCOLA MUNICIPAL;Bolívia;1
MUNICIPAL;ITAQUAQUECETUBA;ITAQUAQUECETUBA;ITAQUAQUECETUBA;0;528336;GUILHERME DONIZETE DA SILVA DOS SANTOS ESCOLA MUNICIPAL;Bolívia;2
MUNICIPAL;ITAQUAQUECETUBA;ITAQUAQUECETUBA;ITAQUAQUECETUBA;0;578071;UNIDADE DE EDUCACAO BASICA MUNICIPAL OLIVIO CESAR DE PAULO SILVA;Bolívia;1
MUNICIPAL;ITAQUAQUECETUBA;ITAQUAQUECETUBA;ITAQUAQUECETUBA;0;584320;ESCOLA MUNICIPAL PROFESSORA ROSELI APARECIDA MENDES II;Estados Unidos da América;1
MUNICIPAL;ITAQUAQUECETUBA;POA;POA;0;93191;WILSON VIEIRA RODRIGUES EMEB;Venezuela;1
MUNICIPAL;ITAQUAQUECETUBA;POA;POA;0;192806;JOAO PEDRO DE ALMEIDA DR EMEB;Japão;2
MUNICIPAL;ITAQUAQUECETUBA;POA;POA;0;233638;MANOEL PETRONILIO DOS SANTOS EMEB;Bolívia;1
MUNICIPAL;ITAQUAQUECETUBA;POA;POA;0;275293;EMEB INTEGRAL ANTONIO FRANCISCO DOS SANTOS;Haiti;1
MUNICIPAL;ITAQUAQUECETUBA;POA;POA;0;280963;MANOEL DA SILVA OLIVEIRA EMEB;Bolívia;2
MUNICIPAL;ITAQUAQUECETUBA;POA;POA;0;281001;ANTONIO CARLOS DE PAULA SOUZA PROF EMEB;Venezuela;3
MUNICIPAL;ITAQUAQUECETUBA;POA;POA;0;478131;ESTANCIA HIDROMINERAL DE POA EMEB;Japão;1
MUNICIPAL;ITARARE;BARAO DE ANTONINA;BARAO DE ANTONINA;0;239859;ALICE MORAES DE OLIVEIRA PROFA EMEF;Japão;1
MUNICIPAL;ITARARE;ITABERA;ITABERA;0;205459;ARCO IRIS EMEI;Estados Unidos da América;2
MUNICIPAL;ITARARE;ITABERA;ITABERA;0;499638;JARDIM SANTA INES CMEI;Estados Unidos da América;1
MUNICIPAL;ITARARE;ITAPORANGA;ITAPORANGA;0;240588;VICENTE RUSSO DO AMARAL CORONEL EM;Espanha;1
MUNICIPAL;ITARARE;ITAPORANGA;ITAPORANGA;0;286588;BAIRRO RIO VERDE CRECHE EDUCACIONAL DO;Cuba;1
MUNICIPAL;ITARARE;ITARARE;ITARARE;0;240709;MARIA DA SILVEIRA VASCONCELOS EM;Colômbia;1
MUNICIPAL;ITARARE;ITARARE;ITARARE;0;240758;ESCOLA MUNICIPAL DO CAMPO PROF MESSIAS SODRE;Japão;1
MUNICIPAL;ITARARE;TURIBA DO SUL;ITABERA;0;65353;SAGRADA FAMILIA CRECHE;Japão;1
MUNICIPAL;ITU;BOITUVA;BOITUVA;0;128909;JOSE DA CONCEICAO HOLTZ PROF EMEIEF;Argentina;1
MUNICIPAL;ITU;BOITUVA;BOITUVA;0;128909;JOSE DA CONCEICAO HOLTZ PROF EMEIEF;Haiti;2
MUNICIPAL;ITU;BOITUVA;BOITUVA;0;194116;OLAVO LAZARO MUNHOZ SOARES PROF EMEIEF;Estados Unidos da América;1
MUNICIPAL;ITU;BOITUVA;BOITUVA;0;226324;MARIA JOSE VIANNA PROFA EMEIEF;Venezuela;2
MUNICIPAL;ITU;BOITUVA;BOITUVA;0;228436;ENEY DE OLIVEIRA MORAES CAMPOS PROFA EMEF;Haiti;6
MUNICIPAL;ITU;BOITUVA;BOITUVA;0;244119;ESMERALDA BERTOLLI LABRONICI PROFA EMEF;Venezuela;1
MUNICIPAL;ITU;BOITUVA;BOITUVA;0;273132;HELIO ZACHARIAS EMEF;Japão;1
MUNICIPAL;ITU;BOITUVA;BOITUVA;0;276194;TEREZINHA ELIZABETH SARUBBI SEBASTIANI PROFA EMEF;Haiti;9
MUNICIPAL;ITU;BOITUVA;BOITUVA;0;470961;IRIS DE CASTRO AMADIO PROFESSORA EMEF;Estados Unidos da América;1
MUNICIPAL;ITU;BOITUVA;BOITUVA;0;563456;HELENA MOURO NOGUEIRA PROFESSORA CEI;Haiti;1
MUNICIPAL;ITU;CABREUVA;CABREUVA;0;280324;LUCY FRANCO MONTORO PROFA EMEB;Venezuela;2
MUNICIPAL;ITU;CERQUILHO;CERQUILHO;0;76818;VICENTINA S REGINATO PROFA EMEII;Bolívia;1
MUNICIPAL;ITU;CERQUILHO;CERQUILHO;0;217773;YOLANDA BIAGIONI CAMARGO PROFA EMEF;Japão;1
MUNICIPAL;ITU;CERQUILHO;CERQUILHO;0;217785;LAVINIA RODRIGUES SANSON PROFA EMEF;Japão;1
MUNICIPAL;ITU;CERQUILHO;CERQUILHO;0;217797;MARINA BORDENALE PILOTTO GAIOTTO PROFA EMEF;Bolívia;2
MUNICIPAL;ITU;CERQUILHO;CERQUILHO;0;217797;MARINA BORDENALE PILOTTO GAIOTTO PROFA EMEF;Qatar;1
MUNICIPAL;ITU;CERQUILHO;CERQUILHO;0;278048;JOAO TOLEDO PROF EMEF;Japão;1
MUNICIPAL;ITU;IPERO;IPERO;0;278063;ELISA MOREIRA DOS SANTOS DONA EM;Cuba;2
MUNICIPAL;ITU;ITU;ITU;0;4903;ESCOLA MUNICIPAL DE TEMPO INTEGRAL REDE SABER ITU;Itália;1
MUNICIPAL;ITU;ITU;ITU;0;58282;GABRIELA EMILIA CORREA PACHECO EMEFEI;Cabo Verde;2
MUNICIPAL;ITU;ITU;ITU;0;82429;RACHEL STEINER LEITAO PROFA EMEFEI;Haiti;1
MUNICIPAL;ITU;ITU;ITU;0;82429;RACHEL STEINER LEITAO PROFA EMEFEI;Venezuela;2
MUNICIPAL;ITU;ITU;ITU;0;89692;MARIA THEREZINHA CASTANHO MENDES PEREIRA PROFA CM;Venezuela;2
MUNICIPAL;ITU;ITU;ITU;0;122464;JULIO CESAR EYMAEL DIACONO EMEI;Haiti;1
MUNICIPAL;ITU;ITU;ITU;0;122634;SANTA RITA DE CASSIA CRECHE MUNICIPAL;Colômbia;1
MUNICIPAL;ITU;ITU;ITU;0;193161;CAROLINA DE MORAES MACEDO PROFA EMEF;Haiti;1
MUNICIPAL;ITU;ITU;ITU;0;224546;CAMILO FERRARINI MONSENHOR EMEFEI;Colômbia;1
MUNICIPAL;ITU;ITU;ITU;0;224546;CAMILO FERRARINI MONSENHOR EMEFEI;Venezuela;1
MUNICIPAL;ITU;ITU;ITU;0;250036;MARIA DA GLORIA ALMEIDA AMIRAT UNID I EMEJA;Dominicana, República;2
MUNICIPAL;ITU;ITU;ITU;0;250036;MARIA DA GLORIA ALMEIDA AMIRAT UNID I EMEJA;Guiné-Bissau;2
MUNICIPAL;ITU;ITU;ITU;0;250036;MARIA DA GLORIA ALMEIDA AMIRAT UNID I EMEJA;Haiti;2
MUNICIPAL;ITU;ITU;ITU;0;289700;APARECIDA BEATRIZ CRISTOFELETTI PIONTI PROFA EMEF;Haiti;1
MUNICIPAL;ITU;ITU;ITU;0;289711;CONVENCAO DE ITU  REDE SABER UNIDADE II EMTI;China;1
MUNICIPAL;ITU;ITU;ITU;0;289723;FIRMINO OCTAVIO DO ESPIRITO SANTO JUNIOR PROF EMEF;Síria;1
MUNICIPAL;ITU;ITU;ITU;0;289760;PADRE BENTO EMEF;Cuba;1
MUNICIPAL;ITU;ITU;ITU;0;299017;ERMELINDA SILVEIRA MACHADO PROFA EMEF;Colômbia;2
MUNICIPAL;ITU;ITU;ITU;0;299017;ERMELINDA SILVEIRA MACHADO PROFA EMEF;Portugal;1
MUNICIPAL;ITU;ITU;ITU;0;361082;LOURENCO CARMIGNANI PROF EMEF;Bolívia;1
MUNICIPAL;ITU;ITU;ITU;0;560873;ILDECY ALVES DOS SANTOS NUNES PROFA CRECHE MUNICIPAL;Estados Unidos da América;1
MUNICIPAL;ITU;JACARE;CABREUVA;0;241088;JAIRA BATISTA SANTANA DA SILVA PROFA EMEB;Venezuela;1
MUNICIPAL;ITU;JACARE;CABREUVA;0;241097;BENEDITO MESQUITA DA SILVEIRA MAESTRO EMEB;Haiti;4
MUNICIPAL;ITU;PORTO FELIZ;PORTO FELIZ;0;281633;VILMA FERNANDES ANTONIO PROFA EMEF;Paraguai;1
MUNICIPAL;ITU;PORTO FELIZ;PORTO FELIZ;0;282613;ESMEDIO CORONEL EMEF;Espanha;2
MUNICIPAL;ITU;PORTO FELIZ;PORTO FELIZ;0;282613;ESMEDIO CORONEL EMEF;Líbano;1
MUNICIPAL;ITU;PORTO FELIZ;PORTO FELIZ;0;282613;ESMEDIO CORONEL EMEF;Venezuela;3
MUNICIPAL;ITU;PORTO FELIZ;PORTO FELIZ;0;297951;CARLOS ROBERTO DE OLIVEIRA VEREADOR EMEF;Japão;1
MUNICIPAL;ITU;PORTO FELIZ;PORTO FELIZ;0;297951;CARLOS ROBERTO DE OLIVEIRA VEREADOR EMEF;Paraguai;1
MUNICIPAL;ITU;SALTO;SALTO;0;58300;CEMUS I JOAO BATISTA DALLA VECCHIA;Haiti;1
MUNICIPAL;ITU;SALTO;SALTO;0;58300;CEMUS I JOAO BATISTA DALLA VECCHIA;Venezuela;1
MUNICIPAL;ITU;SALTO;SALTO;0;61694;LUIZ RODRIGUES DE ALMEIDA CEMUS V DE SALTO;Espanha;1
MUNICIPAL;ITU;SALTO;SALTO;0;61700;MARIA DA CONCEICAO LOPES GALVAO PISCIOTTA CEMUS VI;Equador;1
MUNICIPAL;ITU;SALTO;SALTO;0;61700;MARIA DA CONCEICAO LOPES GALVAO PISCIOTTA CEMUS VI;Estados Unidos da América;1
MUNICIPAL;ITU;SALTO;SALTO;0;61700;MARIA DA CONCEICAO LOPES GALVAO PISCIOTTA CEMUS VI;Haiti;1
MUNICIPAL;ITU;SALTO;SALTO;0;70300;MARIA FLORINDA ZANNI PROFA CEMUS VIII;Espanha;1
MUNICIPAL;ITU;SALTO;SALTO;0;70300;MARIA FLORINDA ZANNI PROFA CEMUS VIII;Haiti;2
MUNICIPAL;ITU;SALTO;SALTO;0;70300;MARIA FLORINDA ZANNI PROFA CEMUS VIII;Paraguai;1
MUNICIPAL;ITU;SALTO;SALTO;0;70300;MARIA FLORINDA ZANNI PROFA CEMUS VIII;Venezuela;5
MUNICIPAL;ITU;SALTO;SALTO;0;209016;ODILO DELLA PASCHOA PROF CEMUS IV DE SALTO;Venezuela;4
MUNICIPAL;ITU;SALTO;SALTO;0;352731;JOAO BATISTA FERRARI  TITA FERRARI CEMUS X;Estados Unidos da América;1
MUNICIPAL;ITU;SALTO;SALTO;0;352731;JOAO BATISTA FERRARI  TITA FERRARI CEMUS X;Japão;1
MUNICIPAL;ITU;SALTO;SALTO;0;352731;JOAO BATISTA FERRARI  TITA FERRARI CEMUS X;Venezuela;11
MUNICIPAL;ITU;SALTO;SALTO;0;568454;JOSE CARLOS KEILLER PROFESSOR CEMUS XIII;Angola;1
MUNICIPAL;ITU;SALTO;SALTO;0;570904;MARCIA REGINA BERTAGNA PROFA CEMUS UNIDADE XIV;Bolívia;2
MUNICIPAL;ITU;SALTO;SALTO;0;570904;MARCIA REGINA BERTAGNA PROFA CEMUS UNIDADE XIV;Haiti;4
MUNICIPAL;ITU;SALTO;SALTO;0;570904;MARCIA REGINA BERTAGNA PROFA CEMUS UNIDADE XIV;Venezuela;5
MUNICIPAL;ITU;TIETE;TIETE;0;122129;OSSIN JOSE PROFA EMEB;Chile;1
MUNICIPAL;ITU;TIETE;TIETE;0;430195;JOAO MARCOS BAPTISTA MARCUZ PROF EMEB;Chile;1
MUNICIPAL;ITU;TIETE;TIETE;0;430213;ELEUTERIO JOSE MOREIRA PROF EMEB;Colômbia;1
MUNICIPAL;ITU;TIETE;TIETE;0;435715;MARIA JOSE DAL BO GIOVANETE POLASTRE PROFA EMEB;Chile;1
MUNICIPAL;JABOTICABAL;BEBEDOURO;BEBEDOURO;0;226828;CONRADO CALDEIRA CEL ESCOLA MUNICIPAL EDUCACAO BASICA;Angola;1
MUNICIPAL;JABOTICABAL;BEBEDOURO;BEBEDOURO;0;239902;AUGUSTO VIEIRA DR EMEF;Portugal;1
MUNICIPAL;JABOTICABAL;BEBEDOURO;BEBEDOURO;0;246827;PLINIO DE ALBUQUERQUE FURTADO PROF EMEI;Colômbia;1
MUNICIPAL;JABOTICABAL;BEBEDOURO;BEBEDOURO;0;246840;MATHILDE REBELATO PIFFER EMEI;Angola;1
MUNICIPAL;JABOTICABAL;BEBEDOURO;BEBEDOURO;0;298025;EMEB PROFESSOR PAULO REZENDE TORRES DE ALBUQUERQUE;Bolívia;1
MUNICIPAL;JABOTICABAL;BEBEDOURO;BEBEDOURO;0;338448;YOLANDA CAROLINA GIGLIO VILLELA EMEF;Espanha;1
MUNICIPAL;JABOTICABAL;BEBEDOURO;BEBEDOURO;0;338448;YOLANDA CAROLINA GIGLIO VILLELA EMEF;Filipinas;1
MUNICIPAL;JABOTICABAL;BEBEDOURO;BEBEDOURO;0;338448;YOLANDA CAROLINA GIGLIO VILLELA EMEF;Venezuela;2
MUNICIPAL;JABOTICABAL;BEBEDOURO;BEBEDOURO;0;460503;ELIANE DE VITO FERREIRA PENNA PROFA CEMEI;Estados Unidos da América;1
MUNICIPAL;JABOTICABAL;GUATAPARA;GUATAPARA;0;243577;ANDREIA SERTORI SANDRIN PROFA EMEF;Japão;1
MUNICIPAL;JABOTICABAL;JABOTICABAL;JABOTICABAL;0;201212;AMADEU LESSI EMEB;Equador;2
MUNICIPAL;JABOTICABAL;JABOTICABAL;JABOTICABAL;0;201224;ANTONIO RICARDO BENATTI EMEB CIAF IV;Venezuela;1
MUNICIPAL;JABOTICABAL;JABOTICABAL;JABOTICABAL;0;277204;CORONEL VAZ EMEB;Venezuela;3
MUNICIPAL;JABOTICABAL;JABOTICABAL;JABOTICABAL;0;415510;SENHORA APARECIDA EMEB;Cuba;1
MUNICIPAL;JABOTICABAL;JABOTICABAL;JABOTICABAL;0;415510;SENHORA APARECIDA EMEB;Peru;1
MUNICIPAL;JABOTICABAL;JABOTICABAL;JABOTICABAL;0;415558;WALTER BARIONI PROF EMEB;Colômbia;1
MUNICIPAL;JABOTICABAL;MONTE ALTO;MONTE ALTO;0;217220;LAIDES TRINDADE PROFA EMEB;Japão;1
MUNICIPAL;JACAREI;ARUJA;ARUJA;0;50210;ARUJA EMEI UNIDADE I;Colômbia;1
MUNICIPAL;JACAREI;ARUJA;ARUJA;0;75292;ARUJA UNIDADE IV EMEI DE;Haiti;1
MUNICIPAL;JACAREI;ARUJA;ARUJA;0;75310;DALILA FRANCO GARCIA PROFA EM;Haiti;1
MUNICIPAL;JACAREI;ARUJA;ARUJA;0;75310;DALILA FRANCO GARCIA PROFA EM;Japão;2
MUNICIPAL;JACAREI;ARUJA;ARUJA;0;248708;CECILIA CARACA MINEIRO COUTINHO PROFA EM;Venezuela;2
MUNICIPAL;JACAREI;ARUJA;ARUJA;0;270234;ARUJA EMEI UNIDADE XV;Venezuela;2
MUNICIPAL;JACAREI;ARUJA;ARUJA;0;390884;HERMINIA ARAKI PROFESSORA EM;Haiti;1
MUNICIPAL;JACAREI;ARUJA;ARUJA;0;390884;HERMINIA ARAKI PROFESSORA EM;Venezuela;1
MUNICIPAL;JACAREI;ARUJA;ARUJA;0;406338;NOELI SIMONE DA SILVA PROFA CMEI;Venezuela;1
MUNICIPAL;JACAREI;ARUJA;ARUJA;0;437384;EUFLY GOMES PROF EM;Bolívia;2
MUNICIPAL;JACAREI;ARUJA;ARUJA;0;437384;EUFLY GOMES PROF EM;Haiti;1
MUNICIPAL;JACAREI;ARUJA;ARUJA;0;447638;AMADEU DE ANGELIS PROF EMEF;Bolívia;1
MUNICIPAL;JACAREI;ARUJA;ARUJA;0;447997;DRA ZILDA ARNS NEUMANN EM;Bolívia;2
MUNICIPAL;JACAREI;ARUJA;ARUJA;0;480782;PEDRA MARIA DO ROSARIO DONA CENTRO MUN DE EDUC INFANTIL;Bolívia;1
MUNICIPAL;JACAREI;GUARAREMA;GUARAREMA;0;275797;CELIA LEONOR LOPES LUNARDINI PROFA EMEF;Portugal;1
MUNICIPAL;JACAREI;GUARAREMA;GUARAREMA;0;275797;CELIA LEONOR LOPES LUNARDINI PROFA EMEF;Qatar;1
MUNICIPAL;JACAREI;GUARAREMA;GUARAREMA;0;364307;SYLVIO LUCIANO DE CAMPOS ESCOLA MUNICIPAL;Venezuela;1
MUNICIPAL;JACAREI;IGARATA;IGARATA;0;213512;CARLOS GOMES EMEI;Venezuela;1
MUNICIPAL;JACAREI;IGARATA;IGARATA;0;364848;PETRONILHA DE SOUSA EMEIF;Venezuela;1
MUNICIPAL;JACAREI;JACAREI;JACAREI;0;80895;ESCOLA MUNICIPAL DE EDUCACAO INFANTIL PROFESSORA GUARACI DA ROCHA SIMPLICIO;Colômbia;1
MUNICIPAL;JACAREI;JACAREI;JACAREI;0;200273;JOAO LINO FILHO PROF EMEI;Venezuela;1
MUNICIPAL;JACAREI;JACAREI;JACAREI;0;208140;JOAQUIM PASSOS E SILVA PROF EMEF;Portugal;1
MUNICIPAL;JACAREI;JACAREI;JACAREI;0;208152;BEATRIZ JUNQUEIRA DA SILVEIRA SANTOS PROFA EMEF;Portugal;1
MUNICIPAL;JACAREI;JACAREI;JACAREI;0;219502;BARAO DE JACAREI EMEF;Haiti;1
MUNICIPAL;JACAREI;JACAREI;JACAREI;0;219526;CELIA GUEDES PROFA EMEF;Angola;1
MUNICIPAL;JACAREI;JACAREI;JACAREI;0;219538;DECIO MOREIRA PROF EMEF;Colômbia;1
MUNICIPAL;JACAREI;JACAREI;JACAREI;0;219538;DECIO MOREIRA PROF EMEF;Espanha;1
MUNICIPAL;JACAREI;JACAREI;JACAREI;0;219538;DECIO MOREIRA PROF EMEF;Haiti;1
MUNICIPAL;JACAREI;JACAREI;JACAREI;0;219538;DECIO MOREIRA PROF EMEF;Japão;1
MUNICIPAL;JACAREI;JACAREI;JACAREI;0;219548;LAMARTINE DELAMARE EMEF;Portugal;1
MUNICIPAL;JACAREI;JACAREI;JACAREI;0;219548;LAMARTINE DELAMARE EMEF;Venezuela;3
MUNICIPAL;JACAREI;JACAREI;JACAREI;0;219575;MARIA THEREZA GANASSALI DE OLIVEIRA PROFA EMEF;China;1
MUNICIPAL;JACAREI;JACAREI;JACAREI;0;219599;SILVIO SILVEIRA MELLO FILHO EMEF;Japão;1
MUNICIPAL;JACAREI;JACAREI;JACAREI;0;241775;DELLY GASPAR DOS SANTOS PROFA EMEF;Portugal;1
MUNICIPAL;JACAREI;JACAREI;JACAREI;0;241775;DELLY GASPAR DOS SANTOS PROFA EMEF;Venezuela;1
MUNICIPAL;JACAREI;JACAREI;JACAREI;0;437448;TITO MAXIMO PROF EMEF;Venezuela;2
MUNICIPAL;JACAREI;JACAREI;JACAREI;0;447511;JOSE EBOLI DE LIMA PROF EMEF;Estados Unidos da América;1
MUNICIPAL;JACAREI;JACAREI;JACAREI;0;569549;CRECHE PRE ESCOLA PROFESSORA GERALDINA DE OLIVEIRA;Japão;1
MUNICIPAL;JACAREI;SANTA BRANCA;SANTA BRANCA;0;234163;BENEDITA PEREIRA ALBUQUERQUE PROFA EMEF;Reino Unido da Grã-Bretanha e Irlanda do Norte;1
MUNICIPAL;JACAREI;SANTA BRANCA;SANTA BRANCA;0;356475;SANTA BRANCA CRECHE MUNICIPAL DE;Reino Unido da Grã-Bretanha e Irlanda do Norte;1
MUNICIPAL;JACAREI;SANTA ISABEL;SANTA ISABEL;0;75358;VILA GUMERCINDO EMEI DA;Bolívia;1
MUNICIPAL;JACAREI;SANTA ISABEL;SANTA ISABEL;0;220012;EMEF NIRLANDO COSTA ALVARENGA;Estados Unidos da América;1
MUNICIPAL;JACAREI;SANTA ISABEL;SANTA ISABEL;0;416484;JOSE DE ALMEIDA MACHADO EMEF;Bolívia;1
MUNICIPAL;JACAREI;SANTA ISABEL;SANTA ISABEL;0;416526;WALDIR JOSE CABRAL SAUEIA PREFEITO EMEB;Japão;1
MUNICIPAL;JACAREI;SANTA ISABEL;SANTA ISABEL;0;416563;HYEROCLIO PESSOA BARROS EMEF;Japão;1
MUNICIPAL;JACAREI;SANTA ISABEL;SANTA ISABEL;0;416563;HYEROCLIO PESSOA BARROS EMEF;Svalbard e Jan Mayen;1
MUNICIPAL;JALES;AURIFLAMA;AURIFLAMA;0;221594;CONCEICAO DE OLIVEIRA MOREIRA DONA EMEF;Japão;2
MUNICIPAL;JALES;AURIFLAMA;AURIFLAMA;0;221600;CLARA CARVALHO FERREIRA PROFA EMEF;Bolívia;1
MUNICIPAL;JALES;RUBINEIA;RUBINEIA;0;206647;EMEF PROFA CLEIDE LUIZA CABRINI GOIZ;Bolívia;1
MUNICIPAL;JALES;SANTA FE DO SUL;SANTA FE DO SUL;0;221302;BENEDICTO DE LIMA PROF EM;Japão;2
MUNICIPAL;JALES;SANTA FE DO SUL;SANTA FE DO SUL;0;278464;ROSIMARES CAMARGO BENITEZ EM;Argentina;2
MUNICIPAL;JALES;SANTA FE DO SUL;SANTA FE DO SUL;0;278464;ROSIMARES CAMARGO BENITEZ EM;Irlanda;1
MUNICIPAL;JALES;SANTA FE DO SUL;SANTA FE DO SUL;0;278464;ROSIMARES CAMARGO BENITEZ EM;Japão;2
MUNICIPAL;JALES;SANTA FE DO SUL;SANTA FE DO SUL;0;278464;ROSIMARES CAMARGO BENITEZ EM;Nicarágua;2
MUNICIPAL;JALES;SANTA FE DO SUL;SANTA FE DO SUL;0;278464;ROSIMARES CAMARGO BENITEZ EM;Síria;1
MUNICIPAL;JALES;SANTA FE DO SUL;SANTA FE DO SUL;0;289772;THEREZA SIQUEIRA MENDES PROFA EM;Espanha;2
MUNICIPAL;JALES;SANTA FE DO SUL;SANTA FE DO SUL;0;289772;THEREZA SIQUEIRA MENDES PROFA EM;Japão;1
MUNICIPAL;JALES;SANTA FE DO SUL;SANTA FE DO SUL;0;289772;THEREZA SIQUEIRA MENDES PROFA EM;Peru;4
MUNICIPAL;JALES;SANTA FE DO SUL;SANTA FE DO SUL;0;446580;SUELY SARTORI GONZALES PROFESSORA EMEI;Nicarágua;2
MUNICIPAL;JALES;TRES FRONTEIRAS;TRES FRONTEIRAS;0;86915;EDA NEVES DE MELO PROFA EM;Bolívia;1
MUNICIPAL;JAU;BARIRI;BARIRI;0;249476;EURICO ACCOLINI PROF EM;Paraguai;1
MUNICIPAL;JAU;BARRA BONITA;BARRA BONITA;0;273200;ALZIRA KRUGER GUTHER EMEF;Paraguai;1
MUNICIPAL;JAU;BARRA BONITA;BARRA BONITA;0;274343;MARIANA GONCALVES DIAS PROFA EMEF;Paraguai;1
MUNICIPAL;JAU;BROTAS;BROTAS;0;278658;FRANCISCA RIBEIRO DOS REIS DONA EM;Venezuela;1
MUNICIPAL;JAU;DOIS CORREGOS;DOIS CORREGOS;0;206222;OSCAR NOVAKOSKI EMEFEI;Japão;1
MUNICIPAL;JAU;DOIS CORREGOS;DOIS CORREGOS;0;206222;OSCAR NOVAKOSKI EMEFEI;Venezuela;2
MUNICIPAL;JAU;DOIS CORREGOS;DOIS CORREGOS;0;430237;MARIA HELENA CAPELINI RODRIGUES PROFA CEMEI;Venezuela;1
MUNICIPAL;JAU;DOIS CORREGOS;DOIS CORREGOS;0;430572;VALDOMIRO CASAGRANDE PROF EMEF;Venezuela;1
MUNICIPAL;JAU;JAU;JAU;0;210602;MARIA DE LOURDES CAMARGO MELLO PROFA CMEI DA EMEF;Dominicana, República;1
MUNICIPAL;JAU;JAU;JAU;0;219423;JOSE MARIA DE ALMEIDA PRADO COMENDADOR EMEF;Colômbia;1
MUNICIPAL;JAU;JAU;JAU;0;219460;MARIA DE LOURDES CAMARGO MELLO PROFA EMEF;Colômbia;3
MUNICIPAL;JAU;JAU;JAU;0;219460;MARIA DE LOURDES CAMARGO MELLO PROFA EMEF;Dominicana, República;1
MUNICIPAL;JAU;JAU;JAU;0;436902;CAETANO PERLATTI EMEF;Colômbia;1
MUNICIPAL;JAU;JAU;JAU;0;453092;NORMA BOTELHO PROFA ESCOLA MUNICIPAL DE ENSINO FUNDAMENTAL;Peru;2
MUNICIPAL;JAU;MACATUBA;MACATUBA;0;240953;ODILA GALLI LISTA EM;Cuba;1
MUNICIPAL;JAU;MACATUBA;MACATUBA;0;447821;JOSE CORSINI PADRE EM;Cuba;1
MUNICIPAL;JAU;MINEIROS DO TIETE;MINEIROS DO TIETE;0;234606;MINEIROS DO TIETE CEMEI;Venezuela;3
MUNICIPAL;JAU;MINEIROS DO TIETE;MINEIROS DO TIETE;0;277940;PEDRO DE OLIVEIRA BRANDAO EM;Angola;2
MUNICIPAL;JAU;MINEIROS DO TIETE;MINEIROS DO TIETE;0;277940;PEDRO DE OLIVEIRA BRANDAO EM;Venezuela;1
MUNICIPAL;JAU;MINEIROS DO TIETE;MINEIROS DO TIETE;0;464260;ROSEMEIRE CRISTINA FORSETO VENDRAMINI CEMEI;Venezuela;1
MUNICIPAL;JAU;PEDERNEIRAS;PEDERNEIRAS;0;93968;MARIA ANGELA PISANI MEGNA PROFA EMEI;Venezuela;2
MUNICIPAL;JAU;PEDERNEIRAS;PEDERNEIRAS;0;216859;ELIAZAR BRAGA EMEF;Venezuela;1
MUNICIPAL;JOSE BONIFACIO;JACI;JACI;0;213925;DININA SILVEIRA AZEVEDO MILANI ESCOLA MUNICIPAL;Japão;1
MUNICIPAL;JOSE BONIFACIO;JOSE BONIFACIO;JOSE BONIFACIO;0;98887;ELIANA BERTAZONI DOS REIS PROFESSORA ESCOLA MUNICIPAL;Bolívia;1
MUNICIPAL;JOSE BONIFACIO;MIRASSOL;MIRASSOL;0;93506;LUIS CARLOS MATIEL PIRES EFEI EM;Equador;1
MUNICIPAL;JOSE BONIFACIO;MIRASSOL;MIRASSOL;0;212441;DARCY AMANCIO PROFESSOR EMEFEI;Bolívia;1
MUNICIPAL;JOSE BONIFACIO;MIRASSOL;MIRASSOL;0;215831;CANDIDO BRASIL ESTRELA EMEFEI;Arménia;1
MUNICIPAL;JOSE BONIFACIO;MIRASSOL;MIRASSOL;0;215831;CANDIDO BRASIL ESTRELA EMEFEI;Bolívia;3
MUNICIPAL;JOSE BONIFACIO;MIRASSOL;MIRASSOL;0;215843;LAURO ROCHA PROFESSOR EMEFEI;Bolívia;5
MUNICIPAL;JOSE BONIFACIO;MIRASSOL;MIRASSOL;0;215843;LAURO ROCHA PROFESSOR EMEFEI;Venezuela;3
MUNICIPAL;JOSE BONIFACIO;MIRASSOL;MIRASSOL;0;469889;MARIA DE LOURDES NOVAES CARVALHO CRECHE;Bolívia;1
MUNICIPAL;JOSE BONIFACIO;MONTE APRAZIVEL;MONTE APRAZIVEL;0;218856;MARIA NEVES SOUBHIA PROFESSORA EMEF;Bolívia;1
MUNICIPAL;JOSE BONIFACIO;MONTE APRAZIVEL;MONTE APRAZIVEL;0;218856;MARIA NEVES SOUBHIA PROFESSORA EMEF;Japão;1
MUNICIPAL;JOSE BONIFACIO;MONTE APRAZIVEL;MONTE APRAZIVEL;0;299443;LIZETTE BUISSA CEMEI;Bolívia;1
MUNICIPAL;JOSE BONIFACIO;NEVES PAULISTA;NEVES PAULISTA;0;214673;CAPITAO NEVES EMEF;Portugal;1
MUNICIPAL;JOSE BONIFACIO;NOVA ITAPIREMA;NOVA ALIANCA;0;218765;NICOLINA MARIA DE JESUS ESCOLA MUNICIPAL;México;1
MUNICIPAL;JOSE BONIFACIO;UBARANA;UBARANA;0;246414;JOAO DIONISIO PROFESSOR ESCOLA MUNICIPAL;Bolívia;1
MUNICIPAL;JUNDIAI;CAMPO LIMPO PAULISTA;CAMPO LIMPO PAULISTA;0;209454;LAZARO GAGO EMEF;Venezuela;1
MUNICIPAL;JUNDIAI;CAMPO LIMPO PAULISTA;CAMPO LIMPO PAULISTA;0;248769;NAIR RONCHI MARCHETTI EMEF;Haiti;1
MUNICIPAL;JUNDIAI;CAMPO LIMPO PAULISTA;CAMPO LIMPO PAULISTA;0;273211;FRANCISCO MONLEVADE DR EMEF;Colômbia;1
MUNICIPAL;JUNDIAI;CAMPO LIMPO PAULISTA;CAMPO LIMPO PAULISTA;0;277125;VENANCIO GONZAGA RAMOS VEREADOR EMEF;Portugal;1
MUNICIPAL;JUNDIAI;CAMPO LIMPO PAULISTA;CAMPO LIMPO PAULISTA;0;277150;OSWALDO GRANDIZOLI EMEF;Estados Unidos da América;1
MUNICIPAL;JUNDIAI;CAMPO LIMPO PAULISTA;CAMPO LIMPO PAULISTA;0;277150;OSWALDO GRANDIZOLI EMEF;Venezuela;1
MUNICIPAL;JUNDIAI;ITATIBA;ITATIBA;0;4158;CEMEI PROFA TERESA MARIA DOS SANTOS BRAIDA;Haiti;1
MUNICIPAL;JUNDIAI;ITATIBA;ITATIBA;0;206519;MARIA GEMMA RELA REINALDO PROFA EMEB;Portugal;1
MUNICIPAL;JUNDIAI;ITATIBA;ITATIBA;0;207366;FRANCISCO RODRIGUES BARBOSA CEL EMEB;China;1
MUNICIPAL;JUNDIAI;ITATIBA;ITATIBA;0;207378;AGENOR VEDOVELLO PROF EMEB;Haiti;2
MUNICIPAL;JUNDIAI;ITATIBA;ITATIBA;0;213470;PHILOMENA SALVIA ZUPARDO EMEB;Bolívia;1
MUNICIPAL;JUNDIAI;ITATIBA;ITATIBA;0;213470;PHILOMENA SALVIA ZUPARDO EMEB;Haiti;2
MUNICIPAL;JUNDIAI;ITATIBA;ITATIBA;0;215405;NAZARETH DE SIQUEIRA RANGEL BARBOZA PROFA EMEB;Portugal;1
MUNICIPAL;JUNDIAI;ITATIBA;ITATIBA;0;223136;MARINA ARAUJO PIRES PROFA EMEB;Espanha;2
MUNICIPAL;JUNDIAI;ITATIBA;ITATIBA;0;228576;SONIA RITA PENTEADO AGUIAR SANTOS EMEB;Equador;1
MUNICIPAL;JUNDIAI;ITATIBA;ITATIBA;0;231216;BEIJA FLOR CEMEI;Peru;1
MUNICIPAL;JUNDIAI;ITATIBA;ITATIBA;0;231265;LOURDES TRINDADE COELHO PROF CEMEI;Colômbia;1
MUNICIPAL;JUNDIAI;ITATIBA;ITATIBA;0;231277;CURIO CEMEI;Colômbia;1
MUNICIPAL;JUNDIAI;ITATIBA;ITATIBA;0;231277;CURIO CEMEI;Venezuela;1
MUNICIPAL;JUNDIAI;ITATIBA;ITATIBA;0;246232;ROSA SCAVONE PROFA EMEB;Paraguai;2
MUNICIPAL;JUNDIAI;ITATIBA;ITATIBA;0;246256;ANGELA LYGIA PARODI SCAVONE PROFA EMEB;Espanha;2
MUNICIPAL;JUNDIAI;ITATIBA;ITATIBA;0;415169;LUIZ PANTANO PROFESSOR EMEB;Bolívia;1
MUNICIPAL;JUNDIAI;ITATIBA;ITATIBA;0;417245;MARIA TERESA DEGANI DE SOUZA PROFA EMEB;Portugal;2
MUNICIPAL;JUNDIAI;ITUPEVA;ITUPEVA;0;71171;LAERTE RETONDO VEREADOR EMEFEI;Venezuela;2
MUNICIPAL;JUNDIAI;ITUPEVA;ITUPEVA;0;240977;VICTORIA COMODO RAYMUNDO FERNANDES EMEFEI;Haiti;6
MUNICIPAL;JUNDIAI;ITUPEVA;ITUPEVA;0;240977;VICTORIA COMODO RAYMUNDO FERNANDES EMEFEI;Peru;1
MUNICIPAL;JUNDIAI;ITUPEVA;ITUPEVA;0;269682;JOSE LEME DO PRADO FILHO EMEFEI;Cuba;1
MUNICIPAL;JUNDIAI;ITUPEVA;ITUPEVA;0;288809;JOSE DE OLIVEIRA PREFEITO EMEFEI;Haiti;1
MUNICIPAL;JUNDIAI;ITUPEVA;ITUPEVA;0;294615;MARIA STELA SALES IZZO PROFA EMEFEI;Haiti;1
MUNICIPAL;JUNDIAI;ITUPEVA;ITUPEVA;0;576827;CRECHE MUNICIPAL RENATO FOGA;Venezuela;1
MUNICIPAL;JUNDIAI;ITUPEVA;ITUPEVA;0;644812;JACOB VICTOR LEVIS EMEFEI;Venezuela;1
MUNICIPAL;JUNDIAI;JARINU;JARINU;0;228394;MARIA HELENA MESSIAS EMEF;Haiti;1
MUNICIPAL;JUNDIAI;JUNDIAI;JUNDIAI;0;60136;RAMIRO ARAUJO FILHO DR EMEB;Palestina;1
MUNICIPAL;JUNDIAI;JUNDIAI;JUNDIAI;0;60148;MANOEL ANIBAL MARCONDES PREFEITO EMEB;Argentina;1
MUNICIPAL;JUNDIAI;JUNDIAI;JUNDIAI;0;60148;MANOEL ANIBAL MARCONDES PREFEITO EMEB;Estados Unidos da América;1
MUNICIPAL;JUNDIAI;JUNDIAI;JUNDIAI;0;60161;LUIZ BARBARO EMEB;Haiti;2
MUNICIPAL;JUNDIAI;JUNDIAI;JUNDIAI;0;60185;JOSE PEDRO RAYMUNDO VEREADOR EMEB;França;1
MUNICIPAL;JUNDIAI;JUNDIAI;JUNDIAI;0;71353;FLORISA VOLPE PROFA EMEB;Venezuela;1
MUNICIPAL;JUNDIAI;JUNDIAI;JUNDIAI;0;76661;CLEO NOGUEIRA BARBOSA PROFA EMEB;Haiti;1
MUNICIPAL;JUNDIAI;JUNDIAI;JUNDIAI;0;76685;JOAO BATISTA TOLEDO VEREADOR EMEB;Haiti;1
MUNICIPAL;JUNDIAI;JUNDIAI;JUNDIAI;0;76703;RUTH CARTURAN WIEMANN PROFA EMEB;Venezuela;1
MUNICIPAL;JUNDIAI;JUNDIAI;JUNDIAI;0;83252;ALCEU DE TOLEDO PONTES EMEB;Venezuela;1
MUNICIPAL;JUNDIAI;JUNDIAI;JUNDIAI;0;90219;HELENA MEIRELLES MAIA TORRES PROFA EMEB;Estados Unidos da América;1
MUNICIPAL;JUNDIAI;JUNDIAI;JUNDIAI;0;91479;JUDITH ARRUDA CARRETA PROFA EMEB;Haiti;1
MUNICIPAL;JUNDIAI;JUNDIAI;JUNDIAI;0;99715;ANGELA RINALDI BAGNE PROFA EMEB;Venezuela;1
MUNICIPAL;JUNDIAI;JUNDIAI;JUNDIAI;0;206593;FLAVIO DANGIERI PROF EMEB;Haiti;1
MUNICIPAL;JUNDIAI;JUNDIAI;JUNDIAI;0;207123;ANTONIO LOUREIRO EMEB;Palestina;1
MUNICIPAL;JUNDIAI;JUNDIAI;JUNDIAI;0;207135;ANTONINO MESSINA EMEB;Cuba;1
MUNICIPAL;JUNDIAI;JUNDIAI;JUNDIAI;0;207135;ANTONINO MESSINA EMEB;Países Baixos (Holanda);2
MUNICIPAL;JUNDIAI;JUNDIAI;JUNDIAI;0;207147;JOSE ROMEIRO PEREIRA DR EMEB;Bolívia;1
MUNICIPAL;JUNDIAI;JUNDIAI;JUNDIAI;0;207172;GLORIA DA SILVA ROCHA GENOVESE PROFA EMEB;Haiti;2
MUNICIPAL;JUNDIAI;JUNDIAI;JUNDIAI;0;207184;LUIZ BIELA DE SOUZA PROF EMEB;Paraguai;2
MUNICIPAL;JUNDIAI;JUNDIAI;JUNDIAI;0;207251;PEDRO DE OLIVEIRA EMEB;Colômbia;1
MUNICIPAL;JUNDIAI;JUNDIAI;JUNDIAI;0;207251;PEDRO DE OLIVEIRA EMEB;Haiti;10
MUNICIPAL;JUNDIAI;JUNDIAI;JUNDIAI;0;207251;PEDRO DE OLIVEIRA EMEB;Líbano;1
MUNICIPAL;JUNDIAI;JUNDIAI;JUNDIAI;0;207251;PEDRO DE OLIVEIRA EMEB;Portugal;1
MUNICIPAL;JUNDIAI;JUNDIAI;JUNDIAI;0;207263;MARCOS GASPARIAN EMEB;China;1
MUNICIPAL;JUNDIAI;JUNDIAI;JUNDIAI;0;207263;MARCOS GASPARIAN EMEB;Venezuela;2
MUNICIPAL;JUNDIAI;JUNDIAI;JUNDIAI;0;207275;JOAQUIM CANDELARIO DE FREITAS PROF EMEB;Haiti;1
MUNICIPAL;JUNDIAI;JUNDIAI;JUNDIAI;0;207275;JOAQUIM CANDELARIO DE FREITAS PROF EMEB;Itália;1
MUNICIPAL;JUNDIAI;JUNDIAI;JUNDIAI;0;207287;MELANIA FORTAREL BARBOSA PROFA EMEB;Bolívia;1
MUNICIPAL;JUNDIAI;JUNDIAI;JUNDIAI;0;207305;ARMANDA SANTINA POLENTI PROFA EMEB;Japão;1
MUNICIPAL;JUNDIAI;JUNDIAI;JUNDIAI;0;207317;FLORIDA MESTAG IRMA EMEB;Venezuela;3
MUNICIPAL;JUNDIAI;JUNDIAI;JUNDIAI;0;207354;ANTONIO ADELINO MARQUES DA SILVA BRANDAO PROF EMEB;Haiti;1
MUNICIPAL;JUNDIAI;JUNDIAI;JUNDIAI;0;207354;ANTONIO ADELINO MARQUES DA SILVA BRANDAO PROF EMEB;Peru;1
MUNICIPAL;JUNDIAI;JUNDIAI;JUNDIAI;0;210547;APARECIDA BERNARDI DO AMARAL PROFA EMEB;Peru;1
MUNICIPAL;JUNDIAI;JUNDIAI;JUNDIAI;0;240394;JOAO LUIZ DE CAMPOS PROF EMEB;Venezuela;1
MUNICIPAL;JUNDIAI;JUNDIAI;JUNDIAI;0;240497;ROTARY CLUB EMEB;Haiti;1
MUNICIPAL;JUNDIAI;JUNDIAI;JUNDIAI;0;246700;JUDITH ALMEIDA CURADO ARRUDA PROFA EMEB;Chile;1
MUNICIPAL;JUNDIAI;JUNDIAI;JUNDIAI;0;246700;JUDITH ALMEIDA CURADO ARRUDA PROFA EMEB;Haiti;3
MUNICIPAL;JUNDIAI;JUNDIAI;JUNDIAI;0;254034;ANDRE FRANCO MONTORO PROF DR CENTRO MUN EDUC EJA;Haiti;10
MUNICIPAL;JUNDIAI;JUNDIAI;JUNDIAI;0;270118;GERALDO PINTO DUARTE PAES EMEB;Argentina;1
MUNICIPAL;JUNDIAI;JUNDIAI;JUNDIAI;0;270118;GERALDO PINTO DUARTE PAES EMEB;Estados Unidos da América;1
MUNICIPAL;JUNDIAI;JUNDIAI;JUNDIAI;0;270118;GERALDO PINTO DUARTE PAES EMEB;Haiti;1
MUNICIPAL;JUNDIAI;JUNDIAI;JUNDIAI;0;270118;GERALDO PINTO DUARTE PAES EMEB;Japão;1
MUNICIPAL;JUNDIAI;JUNDIAI;JUNDIAI;0;270118;GERALDO PINTO DUARTE PAES EMEB;Venezuela;1
MUNICIPAL;JUNDIAI;JUNDIAI;JUNDIAI;0;270933;PAULO GONCALVES DE MELLO EMEB;Estados Unidos da América;1
MUNICIPAL;JUNDIAI;JUNDIAI;JUNDIAI;0;279201;HILDA MARIA ALVES PASCHOALOTTO PROFA EMEB;Haiti;1
MUNICIPAL;JUNDIAI;JUNDIAI;JUNDIAI;0;279213;IVO DE BONA EMEB;Haiti;2
MUNICIPAL;JUNDIAI;JUNDIAI;JUNDIAI;0;375494;DEODATO JANSKI EMEB;Haiti;1
MUNICIPAL;JUNDIAI;JUNDIAI;JUNDIAI;0;375494;DEODATO JANSKI EMEB;Venezuela;2
MUNICIPAL;JUNDIAI;JUNDIAI;JUNDIAI;0;446099;BEATRIZ BLATTNER PUPO PROFA EMEB;Peru;1
MUNICIPAL;JUNDIAI;JUNDIAI;JUNDIAI;0;449982;MARIA ANGELICA LORENCON PROFA EMEB;Venezuela;2
MUNICIPAL;JUNDIAI;JUNDIAI;JUNDIAI;0;474630;JANET FERREIRA PRADO PROFA EMEB;Haiti;2
MUNICIPAL;JUNDIAI;LOUVEIRA;LOUVEIRA;0;270222;PEQUENOS BRILHANTES CENTRO EDUC DE CONVIVENCIA INFANTIL;Venezuela;1
MUNICIPAL;JUNDIAI;LOUVEIRA;LOUVEIRA;0;403325;LOUVEIRA CENTRO EDUCACIONAL INTEGRADO DE;Venezuela;2
MUNICIPAL;JUNDIAI;LOUVEIRA;LOUVEIRA;0;447390;APARECIDA EUFRASIA GUISALBERTE YEMBO PROFA CEIL;Venezuela;2
MUNICIPAL;JUNDIAI;VARZEA PAULISTA;VARZEA PAULISTA;0;5192;CENTRO MUNICIPAL DE EDUCACAO BASICA ARNALDO NETTO;Venezuela;1
MUNICIPAL;JUNDIAI;VARZEA PAULISTA;VARZEA PAULISTA;0;133656;FLORESTAN FERNANDES PROF CENTRO MUNICIPAL EDUCACAO BASICA;Haiti;1
MUNICIPAL;JUNDIAI;VARZEA PAULISTA;VARZEA PAULISTA;0;200682;SAO MIGUEL ARCANJO CENTRO MUNICIPAL DE EDUCACAO BASICA;Haiti;10
MUNICIPAL;JUNDIAI;VARZEA PAULISTA;VARZEA PAULISTA;0;234229;ZILDA ARNS DOUTORA CENTRO MUNICIPAL DE EDUCACAO BASICA;Haiti;1
MUNICIPAL;JUNDIAI;VARZEA PAULISTA;VARZEA PAULISTA;0;243462;ERICH BECKER CENTRO MUNICIPAL DE EDUCACAO BASICA;Haiti;4
MUNICIPAL;JUNDIAI;VARZEA PAULISTA;VARZEA PAULISTA;0;277186;OSWALDO CAMARGO PIRES PROF CEMB;Venezuela;1
MUNICIPAL;JUNDIAI;VARZEA PAULISTA;VARZEA PAULISTA;0;291468;AGUIDA APARECIDA SAVIETTO JORGE CEMEB;Chile;1
MUNICIPAL;JUNDIAI;VARZEA PAULISTA;VARZEA PAULISTA;0;291468;AGUIDA APARECIDA SAVIETTO JORGE CEMEB;Haiti;1
MUNICIPAL;JUNDIAI;VARZEA PAULISTA;VARZEA PAULISTA;0;299406;JUVELITA PEREIRA DA SILVA PROFA CEMEB;Haiti;6
MUNICIPAL;JUNDIAI;VARZEA PAULISTA;VARZEA PAULISTA;0;428292;ANISIO TEIXEIRA CENTRO MUNICIPAL DE EDUCACAO BASICA;Haiti;1
MUNICIPAL;JUNDIAI;VARZEA PAULISTA;VARZEA PAULISTA;0;455970;CECILIA BENEVIDES DE CARVALHO MEIRELES CEMEB;Haiti;1
MUNICIPAL;LESTE 1;CANGAIBA;SAO PAULO;0;53296;CECILIA MEIRELES EMEF;África do Sul;1
MUNICIPAL;LESTE 1;CANGAIBA;SAO PAULO;0;53296;CECILIA MEIRELES EMEF;Angola;2
MUNICIPAL;LESTE 1;CANGAIBA;SAO PAULO;0;53296;CECILIA MEIRELES EMEF;Argentina;1
MUNICIPAL;LESTE 1;CANGAIBA;SAO PAULO;0;53296;CECILIA MEIRELES EMEF;Bolívia;12
MUNICIPAL;LESTE 1;CANGAIBA;SAO PAULO;0;53296;CECILIA MEIRELES EMEF;Haiti;1
MUNICIPAL;LESTE 1;CANGAIBA;SAO PAULO;0;53296;CECILIA MEIRELES EMEF;Peru;1
MUNICIPAL;LESTE 1;CANGAIBA;SAO PAULO;0;53296;CECILIA MEIRELES EMEF;Venezuela;1
MUNICIPAL;LESTE 1;CANGAIBA;SAO PAULO;0;53302;EDGARD CAVALHEIRO EMEF;Angola;12
MUNICIPAL;LESTE 1;CANGAIBA;SAO PAULO;0;53302;EDGARD CAVALHEIRO EMEF;Argentina;1
MUNICIPAL;LESTE 1;CANGAIBA;SAO PAULO;0;53302;EDGARD CAVALHEIRO EMEF;Bolívia;16
MUNICIPAL;LESTE 1;CANGAIBA;SAO PAULO;0;53302;EDGARD CAVALHEIRO EMEF;Congo, República Democrática do (antigo Zaire);3
MUNICIPAL;LESTE 1;CANGAIBA;SAO PAULO;0;53302;EDGARD CAVALHEIRO EMEF;Congo, República do;1
MUNICIPAL;LESTE 1;CANGAIBA;SAO PAULO;0;53302;EDGARD CAVALHEIRO EMEF;Paraguai;1
MUNICIPAL;LESTE 1;CANGAIBA;SAO PAULO;0;53302;EDGARD CAVALHEIRO EMEF;Venezuela;2
MUNICIPAL;LESTE 1;CANGAIBA;SAO PAULO;0;55128;GUILHERME DE ALMEIDA EMEF;Bolívia;3
MUNICIPAL;LESTE 1;CANGAIBA;SAO PAULO;0;55128;GUILHERME DE ALMEIDA EMEF;Peru;1
MUNICIPAL;LESTE 1;CANGAIBA;SAO PAULO;0;55128;GUILHERME DE ALMEIDA EMEF;Síria;1
MUNICIPAL;LESTE 1;CANGAIBA;SAO PAULO;0;55165;HENRIQUE PEGADO PROF EMEF;Bolívia;1
MUNICIPAL;LESTE 1;CANGAIBA;SAO PAULO;0;357030;ROSANGELA RODRIGUES VIEIRA PROFA CEU EMEF;Colômbia;1
MUNICIPAL;LESTE 1;ERMELINO MATARAZZO;SAO PAULO;0;200050;JOAO FRANZOLIN NETO PROF EMEF;Peru;1
MUNICIPAL;LESTE 1;ITAQUERA;SAO PAULO;0;55311;HAROLDO VELOSO BRIGADEIRO EMEF;Haiti;2
MUNICIPAL;LESTE 1;ITAQUERA;SAO PAULO;0;55311;HAROLDO VELOSO BRIGADEIRO EMEF;Nigéria;1
MUNICIPAL;LESTE 1;ITAQUERA;SAO PAULO;0;55384;8 DE MAIO EMEF;Bolívia;1
MUNICIPAL;LESTE 1;ITAQUERA;SAO PAULO;0;55414;ANTONIO DUARTE ALMEIDA PROF EMEF;Angola;1
MUNICIPAL;LESTE 1;ITAQUERA;SAO PAULO;0;271111;CONCEICAO APARECIDA DE JESUS PROFA CEU EMEF;Angola;6
MUNICIPAL;LESTE 1;ITAQUERA;SAO PAULO;0;271111;CONCEICAO APARECIDA DE JESUS PROFA CEU EMEF;Argentina;1
MUNICIPAL;LESTE 1;ITAQUERA;SAO PAULO;0;271111;CONCEICAO APARECIDA DE JESUS PROFA CEU EMEF;Bolívia;2
MUNICIPAL;LESTE 1;PENHA;SAO PAULO;0;271123;NENE DO AMANHA EMEI;Bolívia;2
MUNICIPAL;LESTE 1;PENHA;SAO PAULO;0;275323;PAULO FREIRE PROF CEU EMEI;Bolívia;1
MUNICIPAL;LESTE 1;PENHA;SAO PAULO;0;393277;ANTONIO CARLOS ROCHA PROF EMEF;Angola;1
MUNICIPAL;LESTE 1;PENHA;SAO PAULO;0;393277;ANTONIO CARLOS ROCHA PROF EMEF;Bolívia;6
MUNICIPAL;LESTE 1;PENHA;SAO PAULO;0;393277;ANTONIO CARLOS ROCHA PROF EMEF;Haiti;4
MUNICIPAL;LESTE 1;PENHA;SAO PAULO;0;393277;ANTONIO CARLOS ROCHA PROF EMEF;Peru;1
MUNICIPAL;LESTE 1;PENHA;SAO PAULO;0;393277;ANTONIO CARLOS ROCHA PROF EMEF;Venezuela;1
MUNICIPAL;LESTE 1;PONTE RASA;SAO PAULO;0;53636;FRANCISCO MONTALVERNE FREI EMEF;Bolívia;2
MUNICIPAL;LESTE 1;PONTE RASA;SAO PAULO;0;53636;FRANCISCO MONTALVERNE FREI EMEF;Peru;1
MUNICIPAL;LESTE 1;PONTE RASA;SAO PAULO;0;53648;LUIS WASHINGTON VITA EMEF;Bolívia;5
MUNICIPAL;LESTE 1;PONTE RASA;SAO PAULO;0;55116;AMADEU AMARAL EMEF;Venezuela;1
MUNICIPAL;LESTE 1;PONTE RASA;SAO PAULO;0;55669;JUAREZ TAVORA MARECHAL EMEF;Bolívia;1
MUNICIPAL;LESTE 1;VILA JACUI;SAO PAULO;0;55621;PEDRO ALEIXO DR EMEF;Bolívia;2
MUNICIPAL;LESTE 1;VILA JACUI;SAO PAULO;0;55621;PEDRO ALEIXO DR EMEF;Venezuela;1
MUNICIPAL;LESTE 1;VILA JACUI;SAO PAULO;0;55712;EPITACIO PESSOA PRESIDENTE EMEF;Angola;1
MUNICIPAL;LESTE 1;VILA JACUI;SAO PAULO;0;55712;EPITACIO PESSOA PRESIDENTE EMEF;Japão;1
MUNICIPAL;LESTE 1;VILA JACUI;SAO PAULO;0;55748;RAUL PILLA EMEF;Bolívia;2
MUNICIPAL;LESTE 1;VILA JACUI;SAO PAULO;0;55759;ANTONIO CARLOS DE ANDRADA E SILVA EMEF;Bolívia;1
MUNICIPAL;LESTE 1;VILA JACUI;SAO PAULO;0;57836;PARQUE SAO CARLOS CEU EMEF;Bolívia;4
MUNICIPAL;LESTE 1;VILA JACUI;SAO PAULO;0;57836;PARQUE SAO CARLOS CEU EMEF;Paraguai;1
MUNICIPAL;LESTE 1;VILA JACUI;SAO PAULO;0;74640;ANTONIO ROBERTO ALVES BRAGA DR EMEI;Bolívia;1
MUNICIPAL;LESTE 1;VILA JACUI;SAO PAULO;0;223219;LINO DE MATTOS SENADOR EMEF;Bolívia;3
MUNICIPAL;LESTE 1;VILA JACUI;SAO PAULO;0;529011;EMEF PEDRO FUKUYEI YAMAGUCHI FERREIRA;Bolívia;1
MUNICIPAL;LESTE 1;VILA JACUI;SAO PAULO;0;560455;ESCOLA MUNICIPAL DE ENSINO FUNDAMENTAL MILTON PEREIRA COSTA;Bolívia;1
MUNICIPAL;LESTE 1;VILA JACUI;SAO PAULO;0;560455;ESCOLA MUNICIPAL DE ENSINO FUNDAMENTAL MILTON PEREIRA COSTA;Qatar;1
MUNICIPAL;LESTE 2;ITAIM PAULISTA;SAO PAULO;0;55633;EZEQUIEL RAMOS JUNIOR EMEF;Argentina;1
MUNICIPAL;LESTE 2;ITAIM PAULISTA;SAO PAULO;0;55633;EZEQUIEL RAMOS JUNIOR EMEF;Paraguai;1
MUNICIPAL;LESTE 2;ITAIM PAULISTA;SAO PAULO;0;271159;WANDA OVIDIO GONCALVES PROFA EMEF;Guiné-Conacri;1
MUNICIPAL;LESTE 2;ITAIM PAULISTA;SAO PAULO;0;419436;JURANDI GOMES DE ARAUJO EMEF;Angola;2
MUNICIPAL;LESTE 2;JARDIM HELENA;SAO PAULO;0;55591;ARMANDO CRIDEY RIGHETTI EMEF;Gâmbia;2
MUNICIPAL;LESTE 2;JARDIM HELENA;SAO PAULO;0;55591;ARMANDO CRIDEY RIGHETTI EMEF;Peru;1
MUNICIPAL;LESTE 2;JARDIM HELENA;SAO PAULO;0;55591;ARMANDO CRIDEY RIGHETTI EMEF;Síria;1
MUNICIPAL;LESTE 2;JARDIM HELENA;SAO PAULO;0;55682;RAIMUNDO CORREIA EMEF;Japão;1
MUNICIPAL;LESTE 2;JARDIM HELENA;SAO PAULO;0;55736;JOSE BENTO DE ASSIS PROF EMEF;Haiti;4
MUNICIPAL;LESTE 2;JARDIM HELENA;SAO PAULO;0;98760;JOSE ERMIRIO DE MORAIS SENADOR EMEF;Japão;1
MUNICIPAL;LESTE 2;JARDIM HELENA;SAO PAULO;0;357121;TRES PONTES CEU EMEF;Angola;2
MUNICIPAL;LESTE 2;JARDIM HELENA;SAO PAULO;0;357121;TRES PONTES CEU EMEF;Nigéria;1
MUNICIPAL;LESTE 2;LAJEADO;SAO PAULO;0;55190;JOAO DE LIMA PAIVA PROF EMEF;Bolívia;1
MUNICIPAL;LESTE 2;LAJEADO;SAO PAULO;0;55232;ALEXANDRE DE GUSMAO EMEF;Haiti;3
MUNICIPAL;LESTE 2;LAJEADO;SAO PAULO;0;57551;JAMBEIRO CEU EMEF;Bolívia;1
MUNICIPAL;LESTE 2;LAJEADO;SAO PAULO;0;57551;JAMBEIRO CEU EMEF;Haiti;2
MUNICIPAL;LESTE 2;LAJEADO;SAO PAULO;0;68718;IDEMIA DE GODOI PROFA EMEF;Congo, República Democrática do (antigo Zaire);2
MUNICIPAL;LESTE 2;LAJEADO;SAO PAULO;0;243607;DIAS GOMES EMEF;Bolívia;2
MUNICIPAL;LESTE 2;LAJEADO;SAO PAULO;0;243607;DIAS GOMES EMEF;Croácia;1
MUNICIPAL;LESTE 2;LAJEADO;SAO PAULO;0;356852;LAJEADO CEU EMEF;Argentina;2
MUNICIPAL;LESTE 2;LAJEADO;SAO PAULO;0;356852;LAJEADO CEU EMEF;Bolívia;3
MUNICIPAL;LESTE 2;SAO MIGUEL;SAO PAULO;0;55578;PEDRO DE FRONTIN ALMIRANTE EMEF;Líbano;1
MUNICIPAL;LESTE 2;SAO MIGUEL;SAO PAULO;0;560443;JOSE MARIO PIRES AZANHA PROFESSOR EMEF;Japão;1
MUNICIPAL;LESTE 2;VILA CURUCA;SAO PAULO;0;55256;FERNANDO DE AZEVEDO PROF EMEF;Paraguai;1
MUNICIPAL;LESTE 2;VILA CURUCA;SAO PAULO;0;98772;JOSE HONORIO RODRIGUES EMEF;Bolívia;1
MUNICIPAL;LESTE 2;VILA CURUCA;SAO PAULO;0;200037;EUZEBIO ROCHA FILHO EMEF;Haiti;1
MUNICIPAL;LESTE 3;CIDADE TIRADENTES;SAO PAULO;0;55268;SATURNINO PEREIRA EMEF;Bolívia;1
MUNICIPAL;LESTE 3;CIDADE TIRADENTES;SAO PAULO;0;91406;MAURICIO GOULART EMEF;Espanha;1
MUNICIPAL;LESTE 3;CIDADE TIRADENTES;SAO PAULO;0;91418;VLADIMIR HERZOG EMEF;África do Sul;1
MUNICIPAL;LESTE 3;CIDADE TIRADENTES;SAO PAULO;0;91418;VLADIMIR HERZOG EMEF;Bolívia;1
MUNICIPAL;LESTE 3;CIDADE TIRADENTES;SAO PAULO;0;298177;AGUA AZUL CEU EMEF;Bolívia;2
MUNICIPAL;LESTE 3;CIDADE TIRADENTES;SAO PAULO;0;419357;CONJUNTO HABITACIONAL BARRO BRANCO II C  EMEF;Bolívia;1
MUNICIPAL;LESTE 3;CIDADE TIRADENTES;SAO PAULO;0;419357;CONJUNTO HABITACIONAL BARRO BRANCO II C  EMEF;Venezuela;1
MUNICIPAL;LESTE 3;CIDADE TIRADENTES;SAO PAULO;0;434097;CELIA REGINA ANDERY BRAGA PROFESSORA EMEF;Bolívia;1
MUNICIPAL;LESTE 3;CIDADE TIRADENTES;SAO PAULO;0;434097;CELIA REGINA ANDERY BRAGA PROFESSORA EMEF;Haiti;1
MUNICIPAL;LESTE 3;CIDADE TIRADENTES;SAO PAULO;0;467108;MARIA APARECIDA DO NASCIMENTO PROFESSORA EMEF;Haiti;1
MUNICIPAL;LESTE 3;IGUATEMI;SAO PAULO;0;55402;COELHO NETO EMEF;Peru;1
MUNICIPAL;LESTE 3;IGUATEMI;SAO PAULO;0;55448;FELICIO PAGLIUSO PROF EMEF;Angola;1
MUNICIPAL;LESTE 3;IGUATEMI;SAO PAULO;0;55448;FELICIO PAGLIUSO PROF EMEF;Haiti;1
MUNICIPAL;LESTE 3;IGUATEMI;SAO PAULO;0;70208;JOAQUIM OSORIO DUQUE ESTRADA EMEF;Bolívia;1
MUNICIPAL;LESTE 3;IGUATEMI;SAO PAULO;0;87191;PLINIO DE QUEIROZ EMEF;Bolívia;1
MUNICIPAL;LESTE 3;IGUATEMI;SAO PAULO;0;98735;BENEDITO MONTENEGRO PROF EMEF;Haiti;1
MUNICIPAL;LESTE 3;IGUATEMI;SAO PAULO;0;207861;CARLOS CORREA MASCARO PROF EMEF;Bolívia;1
MUNICIPAL;LESTE 3;IGUATEMI;SAO PAULO;0;249828;EMEF PROFESSORA MARIA LISBOA DA SILVA;Bolívia;1
MUNICIPAL;LESTE 3;IGUATEMI;SAO PAULO;0;271147;JARDIM DAS LARANJEIRAS EMEF;Bolívia;1
MUNICIPAL;LESTE 3;IGUATEMI;SAO PAULO;0;271147;JARDIM DAS LARANJEIRAS EMEF;Haiti;3
MUNICIPAL;LESTE 3;IGUATEMI;SAO PAULO;0;271147;JARDIM DAS LARANJEIRAS EMEF;Venezuela;1
MUNICIPAL;LESTE 3;IGUATEMI;SAO PAULO;0;398408;ALTO ALEGRE CEU EMEF;Bolívia;2
MUNICIPAL;LESTE 3;IGUATEMI;SAO PAULO;0;398408;ALTO ALEGRE CEU EMEF;Venezuela;1
MUNICIPAL;LESTE 3;JOSE BONIFACIO;SAO PAULO;0;55189;BENEDITO CALIXTO EMEF;Angola;1
MUNICIPAL;LESTE 3;JOSE BONIFACIO;SAO PAULO;0;55189;BENEDITO CALIXTO EMEF;Bolívia;1
MUNICIPAL;LESTE 3;JOSE BONIFACIO;SAO PAULO;0;55189;BENEDITO CALIXTO EMEF;Congo, República do;1
MUNICIPAL;LESTE 3;JOSE BONIFACIO;SAO PAULO;0;55207;ARTUR NEIVA EMEF;Angola;1
MUNICIPAL;LESTE 3;JOSE BONIFACIO;SAO PAULO;0;55207;ARTUR NEIVA EMEF;Bolívia;2
MUNICIPAL;LESTE 3;JOSE BONIFACIO;SAO PAULO;0;55207;ARTUR NEIVA EMEF;Congo, República do;2
MUNICIPAL;LESTE 3;JOSE BONIFACIO;SAO PAULO;0;55207;ARTUR NEIVA EMEF;Haiti;2
MUNICIPAL;LESTE 3;JOSE BONIFACIO;SAO PAULO;0;400051;AGUAS DE MARCO EMEF;Bolívia;1
MUNICIPAL;LESTE 3;SAO RAFAEL;SAO PAULO;0;52851;MARIO DE ANDRADE EMEI;Venezuela;1
MUNICIPAL;LESTE 3;SAO RAFAEL;SAO PAULO;0;55013;CLAUDIO MANOEL DA COSTA EMEF;Bolívia;1
MUNICIPAL;LESTE 3;SAO RAFAEL;SAO PAULO;0;72230;CANDIDA DORA PINO PRETINI PROFA EMEF;Bolívia;1
MUNICIPAL;LESTE 3;SAO RAFAEL;SAO PAULO;0;74767;JULIO DE GRAMMONT EMEF;Colômbia;1
MUNICIPAL;LESTE 3;SAO RAFAEL;SAO PAULO;0;74767;JULIO DE GRAMMONT EMEF;Dominicana, República;1
MUNICIPAL;LESTE 3;SAO RAFAEL;SAO PAULO;0;74767;JULIO DE GRAMMONT EMEF;Haiti;9
MUNICIPAL;LESTE 3;SAO RAFAEL;SAO PAULO;0;271196;MARIA APARECIDA VILASBOAS PROFA EMEF;Haiti;1
MUNICIPAL;LESTE 3;SAO RAFAEL;SAO PAULO;0;440024;JOSE CARLOS NICOLETO ZITO PROFESSOR EMEF;Haiti;1
MUNICIPAL;LESTE 3;SAO RAFAEL;SAO PAULO;0;481452;FORTE DOS REIS MAGOS EMEF;Bolívia;1
MUNICIPAL;LESTE 4;ARTUR ALVIM;SAO PAULO;0;54793;ARTHUR ALVIM EMEF;Bolívia;1
MUNICIPAL;LESTE 4;ARTUR ALVIM;SAO PAULO;0;54860;ABRAO DE MORAES PROF EMEF;Japão;1
MUNICIPAL;LESTE 4;ARTUR ALVIM;SAO PAULO;0;55136;ANTONIO VIEIRA PADRE EMEF;Bolívia;1
MUNICIPAL;LESTE 4;ARTUR ALVIM;SAO PAULO;0;55136;ANTONIO VIEIRA PADRE EMEF;Venezuela;1
MUNICIPAL;LESTE 4;ARTUR ALVIM;SAO PAULO;0;55141;JENNY GOMES DONA EMEF;Angola;2
MUNICIPAL;LESTE 4;ARTUR ALVIM;SAO PAULO;0;55141;JENNY GOMES DONA EMEF;Bolívia;2
MUNICIPAL;LESTE 4;ARTUR ALVIM;SAO PAULO;0;200025;JOSE CARLOS DE FIGUEIREDO FERRAZ PROF EMEF;Bolívia;1
MUNICIPAL;LESTE 4;ARTUR ALVIM;SAO PAULO;0;200025;JOSE CARLOS DE FIGUEIREDO FERRAZ PROF EMEF;Qatar;1
MUNICIPAL;LESTE 4;ARTUR ALVIM;SAO PAULO;0;400324;SERAFIN MARTINEZ GUTIERREZ EMEF;Angola;1
MUNICIPAL;LESTE 4;CIDADE LIDER;SAO PAULO;0;52887;PIRATININGA EMEI;Bolívia;1
MUNICIPAL;LESTE 4;CIDADE LIDER;SAO PAULO;0;52887;PIRATININGA EMEI;Paraguai;1
MUNICIPAL;LESTE 4;CIDADE LIDER;SAO PAULO;0;55300;CORREIA DE MELLO BRIGADEIRO EMEF;Bolívia;1
MUNICIPAL;LESTE 4;CIDADE LIDER;SAO PAULO;0;55359;CARLOS CHAGAS EMEF;Bolívia;2
MUNICIPAL;LESTE 4;CIDADE LIDER;SAO PAULO;0;55360;EDUARDO PRADO EMEF;Bolívia;3
MUNICIPAL;LESTE 4;CIDADE LIDER;SAO PAULO;0;56716;PAULO GOMES CARDIM PROF DR CEU EMEF;Angola;2
MUNICIPAL;LESTE 4;CIDADE LIDER;SAO PAULO;0;56716;PAULO GOMES CARDIM PROF DR CEU EMEF;Colômbia;1
MUNICIPAL;LESTE 4;CIDADE LIDER;SAO PAULO;0;56716;PAULO GOMES CARDIM PROF DR CEU EMEF;Venezuela;1
MUNICIPAL;LESTE 4;CIDADE LIDER;SAO PAULO;0;68664;FRANCISCO ALVES MENDES FO CHICO MENDES EMEF;Bolívia;1
MUNICIPAL;LESTE 4;CIDADE LIDER;SAO PAULO;0;223232;JOSE QUERINO RIBEIRO EMEF;Bolívia;4
MUNICIPAL;LESTE 4;SAO MATEUS;SAO PAULO;0;54379;ACHILLES DE OLIVEIRA RIBEIRO DESEMBARGADOR EMEF;Venezuela;1
MUNICIPAL;LESTE 4;SAO MATEUS;SAO PAULO;0;55372;JOSE MARIA WHITAKER EMEF;Bolívia;1
MUNICIPAL;LESTE 4;SAO MATEUS;SAO PAULO;0;55372;JOSE MARIA WHITAKER EMEF;Peru;1
MUNICIPAL;LESTE 4;SAO MATEUS;SAO PAULO;0;55372;JOSE MARIA WHITAKER EMEF;Venezuela;2
MUNICIPAL;LESTE 4;SAPOPEMBA;SAO PAULO;0;54926;BRASILIO MACHADO NETO EMEF;Venezuela;1
MUNICIPAL;LESTE 4;SAPOPEMBA;SAO PAULO;0;54999;FLORES DA CUNHA DEPUTADO EMEF;Bolívia;1
MUNICIPAL;LESTE 4;SAPOPEMBA;SAO PAULO;0;54999;FLORES DA CUNHA DEPUTADO EMEF;Paquistão;1
MUNICIPAL;LESTE 4;SAPOPEMBA;SAO PAULO;0;55451;HENRIQUE MELEGA PROF EMEF;Argentina;1
MUNICIPAL;LESTE 4;SAPOPEMBA;SAO PAULO;0;55451;HENRIQUE MELEGA PROF EMEF;Bolívia;1
MUNICIPAL;LESTE 4;SAPOPEMBA;SAO PAULO;0;78759;BENEDITO DE JESUS B LAURINDO PE BATISTA EMEF;Venezuela;1
MUNICIPAL;LESTE 4;SAPOPEMBA;SAO PAULO;0;91352;PAULO DUARTE EMEF;Haiti;1
MUNICIPAL;LESTE 4;SAPOPEMBA;SAO PAULO;0;233997;FAZENDA DA JUTA EMEF;Venezuela;1
MUNICIPAL;LESTE 4;SAPOPEMBA;SAO PAULO;0;280422;GIUSEPPE TAVOLARO PROF EMEF;Angola;1
MUNICIPAL;LESTE 4;SAPOPEMBA;SAO PAULO;0;357091;CEU EMEF TATIANA BELINKY;Angola;1
MUNICIPAL;LESTE 4;SAPOPEMBA;SAO PAULO;50;256473;VILA PRUDENTE SAPOPEMBA CIEJA;Angola;1
MUNICIPAL;LESTE 4;SAPOPEMBA;SAO PAULO;50;256473;VILA PRUDENTE SAPOPEMBA CIEJA;Haiti;1
MUNICIPAL;LESTE 4;SAPOPEMBA;SAO PAULO;50;256473;VILA PRUDENTE SAPOPEMBA CIEJA;Marrocos;1
MUNICIPAL;LESTE 4;VILA MATILDE;SAO PAULO;0;54800;VISCONDE DE CAIRU EMEF;Bolívia;2
MUNICIPAL;LESTE 4;VILA MATILDE;SAO PAULO;0;54811;FIRMINO TIBURCIO DA COSTA EMEF;Bolívia;2
MUNICIPAL;LESTE 4;VILA MATILDE;SAO PAULO;0;54823;19 DE NOVEMBRO EMEF;Alemanha;1
MUNICIPAL;LESTE 4;VILA MATILDE;SAO PAULO;0;54823;19 DE NOVEMBRO EMEF;Bolívia;2
MUNICIPAL;LESTE 4;VILA MATILDE;SAO PAULO;0;54823;19 DE NOVEMBRO EMEF;Espanha;1
MUNICIPAL;LESTE 4;VILA MATILDE;SAO PAULO;0;54835;HUMBERTO DE CAMPOS EMEF;Bolívia;1
MUNICIPAL;LESTE 4;VILA MATILDE;SAO PAULO;0;54847;JOSE BONIFACIO EMEF;Angola;1
MUNICIPAL;LESTE 4;VILA MATILDE;SAO PAULO;0;54847;JOSE BONIFACIO EMEF;Bolívia;6
MUNICIPAL;LESTE 4;VILA MATILDE;SAO PAULO;0;54847;JOSE BONIFACIO EMEF;Venezuela;1
MUNICIPAL;LESTE 4;VILA MATILDE;SAO PAULO;0;90724;MARIA LACERDA DE MOURA EMEI;México;1
MUNICIPAL;LESTE 4;VILA MATILDE;SAO PAULO;0;98668;ASSAD ABDALA EMEF;Bolívia;1
MUNICIPAL;LESTE 5;AGUA RASA;SAO PAULO;0;53028;EMILIANO DI CAVALCANTI EMEF;Bolívia;1
MUNICIPAL;LESTE 5;AGUA RASA;SAO PAULO;0;53028;EMILIANO DI CAVALCANTI EMEF;Haiti;3
MUNICIPAL;LESTE 5;AGUA RASA;SAO PAULO;0;55062;BARAO DE MAUA EMEF;Bolívia;3
MUNICIPAL;LESTE 5;AGUA RASA;SAO PAULO;0;55062;BARAO DE MAUA EMEF;Haiti;4
MUNICIPAL;LESTE 5;AGUA RASA;SAO PAULO;0;55062;BARAO DE MAUA EMEF;Venezuela;2
MUNICIPAL;LESTE 5;ARICANDUVA;SAO PAULO;0;53326;VICENTINA RIBEIRO DA LUZ EMEF;Paraguai;1
MUNICIPAL;LESTE 5;ARICANDUVA;SAO PAULO;0;53326;VICENTINA RIBEIRO DA LUZ EMEF;Venezuela;1
MUNICIPAL;LESTE 5;ARICANDUVA;SAO PAULO;0;54409;SERGIO MILLIET EMEF;Síria;1
MUNICIPAL;LESTE 5;ARICANDUVA;SAO PAULO;0;54574;JOAO NAOKI SUMITA DR EMEF;Bolívia;2
MUNICIPAL;LESTE 5;BELEM;SAO PAULO;0;76132;ANALIA FRANCO BASTOS EMEF;África do Sul;2
MUNICIPAL;LESTE 5;BELEM;SAO PAULO;0;76132;ANALIA FRANCO BASTOS EMEF;Angola;3
MUNICIPAL;LESTE 5;BELEM;SAO PAULO;0;76132;ANALIA FRANCO BASTOS EMEF;Argentina;4
MUNICIPAL;LESTE 5;BELEM;SAO PAULO;0;76132;ANALIA FRANCO BASTOS EMEF;Arménia;1
MUNICIPAL;LESTE 5;BELEM;SAO PAULO;0;76132;ANALIA FRANCO BASTOS EMEF;Bangladesh;1
MUNICIPAL;LESTE 5;BELEM;SAO PAULO;0;76132;ANALIA FRANCO BASTOS EMEF;Bolívia;29
MUNICIPAL;LESTE 5;BELEM;SAO PAULO;0;76132;ANALIA FRANCO BASTOS EMEF;Colômbia;2
MUNICIPAL;LESTE 5;BELEM;SAO PAULO;0;76132;ANALIA FRANCO BASTOS EMEF;Japão;1
MUNICIPAL;LESTE 5;BELEM;SAO PAULO;0;76132;ANALIA FRANCO BASTOS EMEF;Paraguai;5
MUNICIPAL;LESTE 5;BELEM;SAO PAULO;0;76132;ANALIA FRANCO BASTOS EMEF;Qatar;1
MUNICIPAL;LESTE 5;BELEM;SAO PAULO;0;76132;ANALIA FRANCO BASTOS EMEF;Venezuela;2
MUNICIPAL;LESTE 5;CARRAO;SAO PAULO;0;54367;GUIMARAES ROSA EMEF;Síria;1
MUNICIPAL;LESTE 5;CARRAO;SAO PAULO;0;54598;BARTOLOMEU LOURENCO GUSMAO EMEF;Bolívia;1
MUNICIPAL;LESTE 5;CARRAO;SAO PAULO;0;54598;BARTOLOMEU LOURENCO GUSMAO EMEF;Síria;1
MUNICIPAL;LESTE 5;CARRAO;SAO PAULO;0;400063;GILMAR TACCOLA PROF EMEF;Bolívia;1
MUNICIPAL;LESTE 5;SAO LUCAS;SAO PAULO;0;54914;ALTINO ARANTES EMEF;Venezuela;1
MUNICIPAL;LESTE 5;SAO LUCAS;SAO PAULO;0;54963;MASCARENHAS DE MORAES MARECHAL EMEF;Venezuela;1
MUNICIPAL;LESTE 5;SAO LUCAS;SAO PAULO;0;55037;ALVARES DE AZEVEDO EMEF;Haiti;1
MUNICIPAL;LESTE 5;SAO LUCAS;SAO PAULO;0;55037;ALVARES DE AZEVEDO EMEF;Venezuela;2
MUNICIPAL;LESTE 5;SAO LUCAS;SAO PAULO;0;55086;AUREA RIBEIRO XAVIER LOPES PROFA EMEF;Haiti;1
MUNICIPAL;LESTE 5;SAO LUCAS;SAO PAULO;0;55086;AUREA RIBEIRO XAVIER LOPES PROFA EMEF;Venezuela;2
MUNICIPAL;LESTE 5;SAO LUCAS;SAO PAULO;0;55098;MARLENE RONDELLI PROFA EMEF;Bolívia;1
MUNICIPAL;LESTE 5;SAO LUCAS;SAO PAULO;0;76144;FRANCISCO DA SILVEIRA BUENO PROF EMEF;Haiti;2
MUNICIPAL;LESTE 5;TATUAPE;SAO PAULO;0;52425;DUTRA PRESIDENTE EMEI;Paquistão;1
MUNICIPAL;LESTE 5;TATUAPE;SAO PAULO;0;52437;SILVIO ROMERO EMEI;Argentina;1
MUNICIPAL;LESTE 5;TATUAPE;SAO PAULO;0;54355;ARTHUR AZEVEDO EMEF;África do Sul;1
MUNICIPAL;LESTE 5;TATUAPE;SAO PAULO;0;54355;ARTHUR AZEVEDO EMEF;Angola;1
MUNICIPAL;LESTE 5;TATUAPE;SAO PAULO;0;54355;ARTHUR AZEVEDO EMEF;Bolívia;6
MUNICIPAL;LESTE 5;TATUAPE;SAO PAULO;0;54355;ARTHUR AZEVEDO EMEF;Líbano;1
MUNICIPAL;LESTE 5;TATUAPE;SAO PAULO;0;54355;ARTHUR AZEVEDO EMEF;Síria;1
MUNICIPAL;LESTE 5;TATUAPE;SAO PAULO;0;54355;ARTHUR AZEVEDO EMEF;Venezuela;2
MUNICIPAL;LESTE 5;TATUAPE;SAO PAULO;0;54380;JACKSON DE FIGUEIREDO EMEF;Angola;1
MUNICIPAL;LESTE 5;TATUAPE;SAO PAULO;0;54380;JACKSON DE FIGUEIREDO EMEF;Bolívia;1
MUNICIPAL;LESTE 5;TATUAPE;SAO PAULO;0;54380;JACKSON DE FIGUEIREDO EMEF;Portugal;1
MUNICIPAL;LESTE 5;TATUAPE;SAO PAULO;0;54392;OTHELO FRANCO GENERAL EMEF;Angola;1
MUNICIPAL;LESTE 5;TATUAPE;SAO PAULO;0;54392;OTHELO FRANCO GENERAL EMEF;Bolívia;1
MUNICIPAL;LESTE 5;VILA FORMOSA;SAO PAULO;0;54586;KENNEDY PRESIDENTE EMEF;Bolívia;1
MUNICIPAL;LESTE 5;VILA FORMOSA;SAO PAULO;0;54586;KENNEDY PRESIDENTE EMEF;Burkina Faso;1
MUNICIPAL;LESTE 5;VILA MARIA;SAO PAULO;0;52620;LOURENCO FILHO PROF EMEI;Bolívia;4
MUNICIPAL;LESTE 5;VILA MARIA;SAO PAULO;0;54719;ALMIRANTE TAMANDARE EMEF;Bolívia;20
MUNICIPAL;LESTE 5;VILA MARIA;SAO PAULO;0;54719;ALMIRANTE TAMANDARE EMEF;Colômbia;2
MUNICIPAL;LESTE 5;VILA MARIA;SAO PAULO;0;54720;ARY GOMES CORONEL EMEF;Bolívia;2
MUNICIPAL;LESTE 5;VILA MARIA;SAO PAULO;0;54732;ROMAO GOMES CORONEL EMEF;África do Sul;1
MUNICIPAL;LESTE 5;VILA MARIA;SAO PAULO;0;54732;ROMAO GOMES CORONEL EMEF;Argentina;1
MUNICIPAL;LESTE 5;VILA MARIA;SAO PAULO;0;54732;ROMAO GOMES CORONEL EMEF;Bolívia;4
MUNICIPAL;LESTE 5;VILA MARIA;SAO PAULO;0;54732;ROMAO GOMES CORONEL EMEF;Haiti;5
MUNICIPAL;LESTE 5;VILA MARIA;SAO PAULO;0;54732;ROMAO GOMES CORONEL EMEF;Paraguai;2
MUNICIPAL;LESTE 5;VILA MARIA;SAO PAULO;0;54744;DOM PEDRO I EMEF;Bolívia;14
MUNICIPAL;LESTE 5;VILA MARIA;SAO PAULO;0;54744;DOM PEDRO I EMEF;Paraguai;4
MUNICIPAL;LESTE 5;VILA MARIA;SAO PAULO;0;54744;DOM PEDRO I EMEF;Venezuela;2
MUNICIPAL;LESTE 5;VILA MARIA;SAO PAULO;0;54756;JOAO DOMINGUES SAMPAIO EMEF;Arménia;1
MUNICIPAL;LESTE 5;VILA MARIA;SAO PAULO;0;54756;JOAO DOMINGUES SAMPAIO EMEF;Bolívia;7
MUNICIPAL;LESTE 5;VILA MARIA;SAO PAULO;0;54756;JOAO DOMINGUES SAMPAIO EMEF;Paraguai;2
MUNICIPAL;LESTE 5;VILA MARIA;SAO PAULO;0;223165;CELIA REGINA LEKEVICIUS CONSOLIN PROFA EMEF;Colômbia;1
MUNICIPAL;LESTE 5;VILA MARIA;SAO PAULO;0;245185;PAULO CARNEIRO THOMAZ ALVES GENERAL EMEF;África do Sul;1
MUNICIPAL;LESTE 5;VILA MARIA;SAO PAULO;0;245185;PAULO CARNEIRO THOMAZ ALVES GENERAL EMEF;Bolívia;4
MUNICIPAL;LESTE 5;VILA MARIA;SAO PAULO;0;245185;PAULO CARNEIRO THOMAZ ALVES GENERAL EMEF;Haiti;1
MUNICIPAL;LIMEIRA;AJAPI;RIO CLARO;0;98966;RUBENS FOOT GUIMARAES ESCOLA MUNICIPAL;Haiti;2
MUNICIPAL;LIMEIRA;ARTUR NOGUEIRA;ARTUR NOGUEIRA;0;213248;MARIA PIVA TAGLIARI EMEI;Bolívia;1
MUNICIPAL;LIMEIRA;ARTUR NOGUEIRA;ARTUR NOGUEIRA;0;213251;SAO FRANCISCO DE ASSIS EMEI;Venezuela;1
MUNICIPAL;LIMEIRA;ARTUR NOGUEIRA;ARTUR NOGUEIRA;0;215090;ALCIDIA TEIXEIRA WITAKER MATTEIS PROFA EMEF;Paraguai;1
MUNICIPAL;LIMEIRA;ARTUR NOGUEIRA;ARTUR NOGUEIRA;0;215090;ALCIDIA TEIXEIRA WITAKER MATTEIS PROFA EMEF;Venezuela;2
MUNICIPAL;LIMEIRA;ARTUR NOGUEIRA;ARTUR NOGUEIRA;0;215107;APARECIDA DIAS DOS SANTOS PROFA EMEIEF;Angola;1
MUNICIPAL;LIMEIRA;ARTUR NOGUEIRA;ARTUR NOGUEIRA;0;215107;APARECIDA DIAS DOS SANTOS PROFA EMEIEF;Venezuela;2
MUNICIPAL;LIMEIRA;ARTUR NOGUEIRA;ARTUR NOGUEIRA;0;215132;FRANCISCO CARDONA EMEF;Japão;1
MUNICIPAL;LIMEIRA;CORDEIROPOLIS;CORDEIROPOLIS;0;94195;AMALIA MALHEIRO MOREIRA PROFA EMEF;Venezuela;6
MUNICIPAL;LIMEIRA;CORDEIROPOLIS;CORDEIROPOLIS;0;282170;MARIA APARECIDA PAGOTO MORAES PROFA EMEF;Venezuela;8
MUNICIPAL;LIMEIRA;CORDEIROPOLIS;CORDEIROPOLIS;0;628803;LILIA INEZ THIRION VITTE CEI;Venezuela;1
MUNICIPAL;LIMEIRA;COSMOPOLIS;COSMOPOLIS;0;99797;ISABEL DE OLIVEIRA PROFA EMEB;Cuba;1
MUNICIPAL;LIMEIRA;COSMOPOLIS;COSMOPOLIS;0;191700;PAULO FREIRE EDUCADOR EMEB;Japão;2
MUNICIPAL;LIMEIRA;COSMOPOLIS;COSMOPOLIS;0;191700;PAULO FREIRE EDUCADOR EMEB;Peru;1
MUNICIPAL;LIMEIRA;COSMOPOLIS;COSMOPOLIS;0;208693;XIMENA COELHO PEREIRA ESTUDANTE EMEB;Japão;1
MUNICIPAL;LIMEIRA;COSMOPOLIS;COSMOPOLIS;0;208693;XIMENA COELHO PEREIRA ESTUDANTE EMEB;México;1
MUNICIPAL;LIMEIRA;COSMOPOLIS;COSMOPOLIS;0;208693;XIMENA COELHO PEREIRA ESTUDANTE EMEB;Venezuela;2
MUNICIPAL;LIMEIRA;COSMOPOLIS;COSMOPOLIS;0;216653;FLORESTAN FERNANDES PROF EMEB;Venezuela;1
MUNICIPAL;LIMEIRA;COSMOPOLIS;COSMOPOLIS;0;245975;FELICIO MARMO PROF EMEB;Portugal;1
MUNICIPAL;LIMEIRA;COSMOPOLIS;COSMOPOLIS;0;393721;CECILIA MEIRELES EMEB;Cuba;1
MUNICIPAL;LIMEIRA;ENGENHEIRO COELHO;ENGENHEIRO COELHO;0;4770;EMEIEF MARIZA FRANCO DE OLIVEIRA PAES;Angola;1
MUNICIPAL;LIMEIRA;ENGENHEIRO COELHO;ENGENHEIRO COELHO;0;4802;CEI PR JOSE MIRANDA ROCHA;Angola;4
MUNICIPAL;LIMEIRA;ENGENHEIRO COELHO;ENGENHEIRO COELHO;0;4802;CEI PR JOSE MIRANDA ROCHA;Argentina;1
MUNICIPAL;LIMEIRA;IRACEMAPOLIS;IRACEMAPOLIS;0;218650;ANTONIO CANDIDO DE CAMARGO DR ESCOLA MUNICIPAL;Colômbia;1
MUNICIPAL;LIMEIRA;IRACEMAPOLIS;IRACEMAPOLIS;0;218662;BENEDICTO CARLOS FREIRE PROF EM;Venezuela;1
MUNICIPAL;LIMEIRA;IRACEMAPOLIS;IRACEMAPOLIS;0;246025;DULCIDIA COSTA RIVABEN PROFA ESCOLA MUNICIPAL;Bolívia;1
MUNICIPAL;LIMEIRA;LIMEIRA;LIMEIRA;0;60525;CELIO SAMPAIO SILVA PROF EMEI;Rússia;2
MUNICIPAL;LIMEIRA;LIMEIRA;LIMEIRA;0;82569;ALDO JOSE KUHL PROF EMEIEF;Colômbia;2
MUNICIPAL;LIMEIRA;LIMEIRA;LIMEIRA;0;82569;ALDO JOSE KUHL PROF EMEIEF;Estados Unidos da América;1
MUNICIPAL;LIMEIRA;LIMEIRA;LIMEIRA;0;82569;ALDO JOSE KUHL PROF EMEIEF;Venezuela;1
MUNICIPAL;LIMEIRA;LIMEIRA;LIMEIRA;0;83690;MAURO SERGIO VIEIRA VEREADOR EMEIEF;Haiti;3
MUNICIPAL;LIMEIRA;LIMEIRA;LIMEIRA;0;84840;JOSE E VOIGT SAMPAIO CENTRO INFANTIL;Venezuela;1
MUNICIPAL;LIMEIRA;LIMEIRA;LIMEIRA;0;84888;FABIO FRANCO DE OLIVEIRA CENTRO INFANTIL;Colômbia;1
MUNICIPAL;LIMEIRA;LIMEIRA;LIMEIRA;0;92411;MARIA JOSE JESUS SILVA IRMA CENTRO INFANTIL;Chile;1
MUNICIPAL;LIMEIRA;LIMEIRA;LIMEIRA;0;128016;EVANGELINA MAURO PROFA EMEIEF;Haiti;1
MUNICIPAL;LIMEIRA;LIMEIRA;LIMEIRA;0;128016;EVANGELINA MAURO PROFA EMEIEF;Venezuela;1
MUNICIPAL;LIMEIRA;LIMEIRA;LIMEIRA;0;204936;CAROLINA GUILHERMINA SCHNOOR BOHIANZA CI;Cuba;1
MUNICIPAL;LIMEIRA;LIMEIRA;LIMEIRA;0;208395;CRESO ASSUMPCAO COIMBRA EMEIEF;Argentina;1
MUNICIPAL;LIMEIRA;LIMEIRA;LIMEIRA;0;208413;CASSIANA MARIA SOARES LENCI PROFA EMEIEF;Haiti;5
MUNICIPAL;LIMEIRA;LIMEIRA;LIMEIRA;0;208437;ISMAEL PEREIRA DO LAGO PASTOR EMEIEF;Moçambique;1
MUNICIPAL;LIMEIRA;LIMEIRA;LIMEIRA;0;217852;ARACY NOGUEIRA GUIMARAES PROFA EMEIEF;Colômbia;2
MUNICIPAL;LIMEIRA;LIMEIRA;LIMEIRA;0;217876;CLARA MONZONI LANG PROFA EMEIEF;Espanha;1
MUNICIPAL;LIMEIRA;LIMEIRA;LIMEIRA;0;217876;CLARA MONZONI LANG PROFA EMEIEF;Venezuela;2
MUNICIPAL;LIMEIRA;LIMEIRA;LIMEIRA;0;217888;DEOVALDO TEIXEIRA DE CARVALHO PROF CEIEF;Haiti;2
MUNICIPAL;LIMEIRA;LIMEIRA;LIMEIRA;0;217897;LAERCIO CORTE DEPUTADO EMEIEF;Angola;1
MUNICIPAL;LIMEIRA;LIMEIRA;LIMEIRA;0;217897;LAERCIO CORTE DEPUTADO EMEIEF;Uruguai;1
MUNICIPAL;LIMEIRA;LIMEIRA;LIMEIRA;0;217897;LAERCIO CORTE DEPUTADO EMEIEF;Venezuela;2
MUNICIPAL;LIMEIRA;LIMEIRA;LIMEIRA;0;217906;MARIA THEREZA SILVEIRA DE BARROS CAMARGO EMEIEF;Haiti;1
MUNICIPAL;LIMEIRA;LIMEIRA;LIMEIRA;0;217906;MARIA THEREZA SILVEIRA DE BARROS CAMARGO EMEIEF;Japão;2
MUNICIPAL;LIMEIRA;LIMEIRA;LIMEIRA;0;217906;MARIA THEREZA SILVEIRA DE BARROS CAMARGO EMEIEF;Venezuela;10
MUNICIPAL;LIMEIRA;LIMEIRA;LIMEIRA;0;217924;JOSE LEVY SOBRINHO MAJOR EMEIEF;Equador;1
MUNICIPAL;LIMEIRA;LIMEIRA;LIMEIRA;0;217924;JOSE LEVY SOBRINHO MAJOR EMEIEF;Haiti;1
MUNICIPAL;LIMEIRA;LIMEIRA;LIMEIRA;0;217992;MARTIM LUTERO EMEIEF R;Portugal;1
MUNICIPAL;LIMEIRA;LIMEIRA;LIMEIRA;0;222094;MARIA APARECIDA DE LUCA MOORE PROFA EMEIEF;Haiti;4
MUNICIPAL;LIMEIRA;LIMEIRA;LIMEIRA;0;222112;LIMEIRA EMEIEF;Haiti;1
MUNICIPAL;LIMEIRA;LIMEIRA;LIMEIRA;0;241878;EGLE MARIA CIARROCHI PROFA EMEIEF;Japão;1
MUNICIPAL;LIMEIRA;LIMEIRA;LIMEIRA;0;243620;WALDEMAR LUCATO DR EMEIEF;Colômbia;1
MUNICIPAL;LIMEIRA;LIMEIRA;LIMEIRA;0;243620;WALDEMAR LUCATO DR EMEIEF;Haiti;1
MUNICIPAL;LIMEIRA;LIMEIRA;LIMEIRA;0;246086;MARIA MADALENA VASCONCELOS DA SILVA PROFA EMEIEF;Colômbia;1
MUNICIPAL;LIMEIRA;LIMEIRA;LIMEIRA;0;248514;PRADA EMEIEF;Bolívia;1
MUNICIPAL;LIMEIRA;LIMEIRA;LIMEIRA;0;248514;PRADA EMEIEF;Espanha;1
MUNICIPAL;LIMEIRA;LIMEIRA;LIMEIRA;0;248514;PRADA EMEIEF;Estados Unidos da América;2
MUNICIPAL;LIMEIRA;LIMEIRA;LIMEIRA;0;249841;JOSE JUSTINO CASTILHO PROF EMEIEF;Angola;1
MUNICIPAL;LIMEIRA;LIMEIRA;LIMEIRA;0;249841;JOSE JUSTINO CASTILHO PROF EMEIEF;Haiti;1
MUNICIPAL;LIMEIRA;LIMEIRA;LIMEIRA;0;415613;NESTOR MARTINS LINO PROF EMEIF;Haiti;3
MUNICIPAL;LIMEIRA;LIMEIRA;LIMEIRA;0;415613;NESTOR MARTINS LINO PROF EMEIF;Venezuela;3
MUNICIPAL;LIMEIRA;LIMEIRA;LIMEIRA;0;449350;MARIANA SELEGHIN PEREIRA PROFA CENTRO INFANTIL;Venezuela;1
MUNICIPAL;LIMEIRA;LIMEIRA;LIMEIRA;0;470600;RAFAEL AFFONSO LEITE CEIEF;Venezuela;1
MUNICIPAL;LIMEIRA;LIMEIRA;LIMEIRA;0;660097;MERCEDES STUCHI DUARTE DE MATTOS PROFA EMEI;Colômbia;2
MUNICIPAL;LIMEIRA;LIMEIRA;LIMEIRA;0;660097;MERCEDES STUCHI DUARTE DE MATTOS PROFA EMEI;Venezuela;1
MUNICIPAL;LIMEIRA;LIMEIRA;LIMEIRA;0;660103;MARIA PAULINA RODRIGUES PROVINCIATTO PROFA CEIEF;Haiti;1
MUNICIPAL;LIMEIRA;RIO CLARO;RIO CLARO;0;7339;ESCOLA MUNICIPAL  PROFESSORA LUCIA HELENA FERREIRA DE CAMARGO;Colômbia;1
MUNICIPAL;LIMEIRA;RIO CLARO;RIO CLARO;0;61396;PEDRO DOM I ESCOLA MUNICIPAL;Haiti;1
MUNICIPAL;LIMEIRA;RIO CLARO;RIO CLARO;0;61414;VICTORINO MACHADO PROF ESCOLA MUNICIPAL;Haiti;7
MUNICIPAL;LIMEIRA;RIO CLARO;RIO CLARO;0;61426;PAULO KOELLE DR ESCOLA MUNICIPAL;Colômbia;1
MUNICIPAL;LIMEIRA;RIO CLARO;RIO CLARO;0;74871;JARDIM DAS PALMEIRAS ESCOLA MUNICIPAL CAIC;Colômbia;1
MUNICIPAL;LIMEIRA;RIO CLARO;RIO CLARO;0;74871;JARDIM DAS PALMEIRAS ESCOLA MUNICIPAL CAIC;Venezuela;1
MUNICIPAL;LIMEIRA;RIO CLARO;RIO CLARO;0;86356;ELPIDIO MINA PROF ESCOLA MUNICIPAL;Haiti;6
MUNICIPAL;LIMEIRA;RIO CLARO;RIO CLARO;0;86356;ELPIDIO MINA PROF ESCOLA MUNICIPAL;Venezuela;4
MUNICIPAL;LIMEIRA;RIO CLARO;RIO CLARO;0;93531;DANTE EGREGGIO ESCOLA MUNICIPAL;Colômbia;1
MUNICIPAL;LIMEIRA;RIO CLARO;RIO CLARO;0;204985;ISOLINA HUPPERT CASSAVIA ESCOLA MUNICIPAL;Colômbia;1
MUNICIPAL;LIMEIRA;RIO CLARO;RIO CLARO;0;204997;MITIKO MATSUSHITA NEVOEIRO ESCOLA MUNICIPAL;Haiti;1
MUNICIPAL;LIMEIRA;RIO CLARO;RIO CLARO;0;246049;ARMANDO GRISI PROF ESCOLA MUNICIPAL;Haiti;2
MUNICIPAL;LIMEIRA;RIO CLARO;RIO CLARO;0;267284;ANTONIO SEBASTIAO DA SILVA PROF ESCOLA MUNICIPAL;Haiti;2
MUNICIPAL;LIMEIRA;RIO CLARO;RIO CLARO;0;267314;HAMILTON PRADO DEPUTADO FEDERAL ESCOLA MUNICIPAL;Haiti;1
MUNICIPAL;LIMEIRA;RIO CLARO;RIO CLARO;0;267326;MARCELLO SCHMIDT ESCOLA MUNICIPAL;Venezuela;2
MUNICIPAL;LIMEIRA;RIO CLARO;RIO CLARO;0;267338;MONSENHOR MARTINS ESCOLA MUNICIPAL;Cuba;2
MUNICIPAL;LIMEIRA;RIO CLARO;RIO CLARO;0;267348;SYLVIO DE ARAUJO PROF ESCOLA MUNICIPAL;Haiti;1
MUNICIPAL;LIMEIRA;RIO CLARO;RIO CLARO;0;285973;SUELI APARECIDA MARIN PROFESSORA ESCOLA MUNICIPAL;Espanha;1
MUNICIPAL;LIMEIRA;RIO CLARO;RIO CLARO;0;462913;DARCI REGINATTO EM;Argentina;1
MUNICIPAL;LIMEIRA;RIO CLARO;RIO CLARO;0;462913;DARCI REGINATTO EM;Portugal;1
MUNICIPAL;LIMEIRA;SANTA GERTRUDES;SANTA GERTRUDES;0;274902;TEREZA PASCON VITTE CRECHE MUNICIPAL;Reino Unido da Grã-Bretanha e Irlanda do Norte;1
MUNICIPAL;LINS;LINS;LINS;0;77744;EGILDA SCIAMARELLI PRADO EMEI E PRE ESCOLA;Angola;1
MUNICIPAL;LINS;LINS;LINS;0;77744;EGILDA SCIAMARELLI PRADO EMEI E PRE ESCOLA;Venezuela;2
MUNICIPAL;LINS;LINS;LINS;0;77756;ALDA THEREZINHA P QUEIROZ PROFA EMEI;Uruguai;1
MUNICIPAL;LINS;LINS;LINS;0;77768;LAVOSIER MONNEY JUNIOR ENGENHEIRO EMEI;Espanha;1
MUNICIPAL;LINS;LINS;LINS;0;77768;LAVOSIER MONNEY JUNIOR ENGENHEIRO EMEI;Venezuela;1
MUNICIPAL;LINS;LINS;LINS;0;222707;JOAO ALVES DA COSTA EMEF;Peru;1
MUNICIPAL;LINS;LINS;LINS;0;229428;NOSSA SENHORA DE FATIMA CRECHE E PRE ESCOLA;Colômbia;1
MUNICIPAL;LINS;LINS;LINS;0;229441;MENINO JESUS EMEI CRECHE E PRE ESCOLA;Colômbia;1
MUNICIPAL;LINS;LINS;LINS;0;566652;MAE COMERCIARIA EMEI DA;Venezuela;1
MUNICIPAL;MARILIA;GARCA;GARCA;0;91248;VICTOR HUGO GUANAES DE FREITAS EMEI;Argentina;1
MUNICIPAL;MARILIA;MARILIA;MARILIA;0;4956;EMEI FLAUTA MAGICA;Colômbia;1
MUNICIPAL;MARILIA;MARILIA;MARILIA;0;4956;EMEI FLAUTA MAGICA;Venezuela;2
MUNICIPAL;MARILIA;MARILIA;MARILIA;0;65651;FERNANDO MAURO DR EMEI;Angola;1
MUNICIPAL;MARILIA;MARILIA;MARILIA;0;65675;MONTEIRO LOBATO EMEI;Canadá;1
MUNICIPAL;MARILIA;MARILIA;MARILIA;0;65687;WALT DISNEY EMEI;Venezuela;2
MUNICIPAL;MARILIA;MARILIA;MARILIA;0;65699;CHAPEUZINHO VERMELHO EMEI;Austrália;1
MUNICIPAL;MARILIA;MARILIA;MARILIA;0;83586;UM DOIS FEIJAO COM ARROZ EMEI;Peru;1
MUNICIPAL;MARILIA;MARILIA;MARILIA;0;88420;EMEI PROFA SIMONE DORETO CAMPANARI  SITIO DO PICA PAU AMARELO;Colômbia;1
MUNICIPAL;MARILIA;MARILIA;MARILIA;0;90785;PINGO DE GENTE EMEI;Estados Unidos da América;1
MUNICIPAL;MARILIA;MARILIA;MARILIA;0;98930;BEIJA FLOR EMEI;China;1
MUNICIPAL;MARILIA;MARILIA;MARILIA;0;105594;NIVANDO MARIANO DOS SANTOS EMEF;Portugal;1
MUNICIPAL;MARILIA;MARILIA;MARILIA;0;191413;CHICO XAVIER EMEFEI;Colômbia;1
MUNICIPAL;MARILIA;MARILIA;MARILIA;0;191413;CHICO XAVIER EMEFEI;Portugal;1
MUNICIPAL;MARILIA;MARILIA;MARILIA;0;191413;CHICO XAVIER EMEFEI;Venezuela;7
MUNICIPAL;MARILIA;MARILIA;MARILIA;0;193987;BEM TE VI EMEI;Haiti;2
MUNICIPAL;MARILIA;MARILIA;MARILIA;0;222574;CELIO CORRADI PROF EMEF;Itália;1
MUNICIPAL;MARILIA;MARILIA;MARILIA;0;222586;MYRTHES PUPO DE NEGREIROS PROFA EMEF;Portugal;1
MUNICIPAL;MARILIA;MARILIA;MARILIA;0;222604;CECILIA ALVES GUELPA PROFA EMEF;Japão;1
MUNICIPAL;MARILIA;MARILIA;MARILIA;0;226798;PAULO REGLUS NEVES FREIRE EMEF;Portugal;1
MUNICIPAL;MARILIA;MARILIA;MARILIA;0;226804;ANTONIO RIBEIRO PROF EMEF;Portugal;1
MUNICIPAL;MARILIA;MARILIA;MARILIA;0;226816;NELSON GABALDI PROF EMEF;Angola;2
MUNICIPAL;MARILIA;MARILIA;MARILIA;0;226816;NELSON GABALDI PROF EMEF;Japão;1
MUNICIPAL;MARILIA;MARILIA;MARILIA;0;226816;NELSON GABALDI PROF EMEF;Moçambique;1
MUNICIPAL;MARILIA;MARILIA;MARILIA;0;241805;GERALDA CESAR VILARDI PROFA EMEF;Portugal;1
MUNICIPAL;MARILIA;MARILIA;MARILIA;0;241817;AMERICO CAPELOZZA PROF EMEF;Japão;2
MUNICIPAL;MARILIA;MARILIA;MARILIA;0;241817;AMERICO CAPELOZZA PROF EMEF;Portugal;2
MUNICIPAL;MARILIA;MARILIA;MARILIA;0;241830;NICACIA GARCIA GIL PROFA EMEF;Haiti;2
MUNICIPAL;MARILIA;MARILIA;MARILIA;0;241842;ISALTINO DE CAMPOS PROF EMEF;Guiné-Bissau;1
MUNICIPAL;MARILIA;MARILIA;MARILIA;0;275554;MARIO COVAS GOVERNADOR EMEF;Espanha;1
MUNICIPAL;MARILIA;MARILIA;MARILIA;0;275554;MARIO COVAS GOVERNADOR EMEF;Portugal;3
MUNICIPAL;MARILIA;MARILIA;MARILIA;0;279785;EMEF ROBERTO CAETANO CIMINO;Venezuela;1
MUNICIPAL;MARILIA;MARILIA;MARILIA;0;298943;EDMEA BRAZ ROJO SOLA PROFA EMEF;Japão;1
MUNICIPAL;MARILIA;MARILIA;MARILIA;0;298943;EDMEA BRAZ ROJO SOLA PROFA EMEF;Portugal;1
MUNICIPAL;MARILIA;POMPEIA;POMPEIA;0;94481;POMPEIA EMEF DE;Portugal;1
MUNICIPAL;MAUA;MAUA;MAUA;0;4579;EM VEREADOR ALBERTO BETAO PEREIRA JUSTINO;Haiti;2
MUNICIPAL;MAUA;MAUA;MAUA;0;4580;ESCOLA MUNICIPAL MARTIN LUTHER KING JR;Venezuela;1
MUNICIPAL;MAUA;MAUA;MAUA;0;61311;NEUMA MARIA DA SILVA EM;Venezuela;1
MUNICIPAL;MAUA;MAUA;MAUA;0;224443;CHICO MENDES EM;Cuba;1
MUNICIPAL;MAUA;MAUA;MAUA;0;224479;FLORESTAN FERNANDES EM;Haiti;2
MUNICIPAL;MAUA;MAUA;MAUA;0;224480;DARCY RIBEIRO EM;Venezuela;1
MUNICIPAL;MAUA;MAUA;MAUA;0;224509;PAULO REGLUS NEVES FREIRE EM;Haiti;1
MUNICIPAL;MAUA;MAUA;MAUA;0;224510;AMERICO PERRELLA EM;Haiti;1
MUNICIPAL;MAUA;MAUA;MAUA;0;224522;GALDINO JESUS DOS SANTOS EM;Venezuela;1
MUNICIPAL;MAUA;MAUA;MAUA;0;225241;MARIA WANNY SOARES CRUZ PROFA EM;Angola;1
MUNICIPAL;MAUA;MAUA;MAUA;0;225265;LYSIANE PEREIRA GALVAO DRA EM;Haiti;1
MUNICIPAL;MAUA;MAUA;MAUA;0;225307;THEREZINHA DAMO DE LIMA EM;Chile;1
MUNICIPAL;MAUA;MAUA;MAUA;0;236627;GEOVANE OLIVEIRA LACERDA COSTA EM;Chile;1
MUNICIPAL;MAUA;MAUA;MAUA;0;249154;HELDER PESSOA CAMARA DOM ESCOLA MUNICIPAL;Venezuela;1
MUNICIPAL;MAUA;MAUA;MAUA;0;253650;ESCOLA MUN DE EDUC DE JOVENS E ADULTOS CLARICE LISPECTOR;Haiti;1
MUNICIPAL;MAUA;RIBEIRAO PIRES;RIBEIRAO PIRES;0;91030;CARLOS ROHM ENGENHEIRO ESCOLA MUNICIPAL UNID I;Canadá;1
MUNICIPAL;MAUA;RIBEIRAO PIRES;RIBEIRAO PIRES;0;91030;CARLOS ROHM ENGENHEIRO ESCOLA MUNICIPAL UNID I;Estados Unidos da América;1
MUNICIPAL;MAUA;RIBEIRAO PIRES;RIBEIRAO PIRES;0;91030;CARLOS ROHM ENGENHEIRO ESCOLA MUNICIPAL UNID I;Venezuela;1
MUNICIPAL;MAUA;RIBEIRAO PIRES;RIBEIRAO PIRES;0;95783;JOAO MIDOLLA ESCOLA MUNICIPAL;Uruguai;1
MUNICIPAL;MAUA;RIBEIRAO PIRES;RIBEIRAO PIRES;0;148386;LAVINIA DE FIGUEIREDO ARNONI PROFESSORA ESCOLA MUNICIPAL;Japão;1
MUNICIPAL;MAUA;RIBEIRAO PIRES;RIBEIRAO PIRES;0;201716;JULIA DEL CORTO RONCON ESCOLA MUNICIPAL;Venezuela;1
MUNICIPAL;MAUA;RIBEIRAO PIRES;RIBEIRAO PIRES;0;288202;CARLOS ROHM ENGENHEIRO ESCOLA MUNICIPAL UNID II;Japão;1
MUNICIPAL;MAUA;RIBEIRAO PIRES;RIBEIRAO PIRES;0;288202;CARLOS ROHM ENGENHEIRO ESCOLA MUNICIPAL UNID II;Venezuela;2
MUNICIPAL;MAUA;RIO GRANDE DA SERRA;RIO GRANDE DA SERRA;0;5471;EMEB 1? DAMA ZULMIRA JARDIM TEIXEIRA;Venezuela;1
MUNICIPAL;MAUA;RIO GRANDE DA SERRA;RIO GRANDE DA SERRA;0;213883;DAVID BARBOSA SILVA EMEB;Venezuela;1
MUNICIPAL;MIRACATU;IGUAPE;IGUAPE;0;441697;CELIA JOSE DE CAMARGO CASTRO PROFA CRECHE MUNICIPAL;Japão;1
MUNICIPAL;MIRACATU;ILHA COMPRIDA;ILHA COMPRIDA;0;240527;MONTE CARLO EMEF;Chile;1
MUNICIPAL;MIRACATU;ILHA COMPRIDA;ILHA COMPRIDA;0;246311;MEU RECANTO EMEIEF;África do Sul;1
MUNICIPAL;MIRACATU;PEDRO DE TOLEDO;PEDRO DE TOLEDO;0;148477;DIRCEU ROVARI PROFESSOR EMEF;México;1
MUNICIPAL;MIRACATU;PEDRO DE TOLEDO;PEDRO DE TOLEDO;0;241672;AGNELLO LEANDRO PEREIRA PROFESSOR EMEF;Espanha;1
MUNICIPAL;MIRANTE DO PARANAPANEMA;NARANDIBA;NARANDIBA;0;219940;EDSON DE OLIVEIRA GARCIA VEREADOR EMEF;Paraguai;1
MUNICIPAL;MIRANTE DO PARANAPANEMA;NARANDIBA;NARANDIBA;0;219940;EDSON DE OLIVEIRA GARCIA VEREADOR EMEF;Venezuela;2
MUNICIPAL;MIRANTE DO PARANAPANEMA;NARANDIBA;NARANDIBA;0;567848;INEURA RODRIGUES DE LIMA PROFESSOA EMEF;Paraguai;1
MUNICIPAL;MIRANTE DO PARANAPANEMA;TARABAI;TARABAI;0;61785;LUZA DA SILVA PROFA EMEI;Venezuela;1
MUNICIPAL;MOGI DAS CRUZES;BRAS CUBAS;MOGI DAS CRUZES;0;50271;WALDIR PAIVA DE O FREITAS DR EM;Japão;1
MUNICIPAL;MOGI DAS CRUZES;BRAS CUBAS;MOGI DAS CRUZES;0;82776;CLAUDIO ABRAHAO ENG EM;Malvinas, Ilhas (Falkland);1
MUNICIPAL;MOGI DAS CRUZES;BRAS CUBAS;MOGI DAS CRUZES;0;82776;CLAUDIO ABRAHAO ENG EM;Venezuela;1
MUNICIPAL;MOGI DAS CRUZES;BRAS CUBAS;MOGI DAS CRUZES;0;87828;JOSE CURY ANDERE EM;Venezuela;1
MUNICIPAL;MOGI DAS CRUZES;BRAS CUBAS;MOGI DAS CRUZES;0;463735;MARIA LUIZA MENEZES FONSECA PROFA EMEF;Venezuela;1
MUNICIPAL;MOGI DAS CRUZES;BRAS CUBAS;MOGI DAS CRUZES;0;575768;BENEDITO FERREIRA LOPES ESCOLA MUNICIPAL;Japão;1
MUNICIPAL;MOGI DAS CRUZES;MOGI DAS CRUZES;MOGI DAS CRUZES;0;79054;JOVITA FRANCO AROUCHE PROFA EMESP;Bolívia;1
MUNICIPAL;MOGI DAS CRUZES;MOGI DAS CRUZES;MOGI DAS CRUZES;0;203634;TERESA MARTINS PINHAL PROFA EM;Malvinas, Ilhas (Falkland);1
MUNICIPAL;MOGI DAS CRUZES;MOGI DAS CRUZES;MOGI DAS CRUZES;0;216987;CLEONICE FELICIANO PROFA EM;Bolívia;1
MUNICIPAL;MOGI DAS CRUZES;MOGI DAS CRUZES;MOGI DAS CRUZES;0;216987;CLEONICE FELICIANO PROFA EM;Paraguai;2
MUNICIPAL;MOGI DAS CRUZES;MOGI DAS CRUZES;MOGI DAS CRUZES;0;229660;MARLENE MUNIZ SCHIMIDT PROFA EM;Portugal;2
MUNICIPAL;MOGI DAS CRUZES;MOGI DAS CRUZES;MOGI DAS CRUZES;0;280367;SERGIO HUGO PINHEIRO PROF EM;Venezuela;1
MUNICIPAL;MOGI DAS CRUZES;MOGI DAS CRUZES;MOGI DAS CRUZES;0;454989;LOURDES GUERRA DE CAMPOS PROFA CEIM;Líbia;1
MUNICIPAL;MOGI DAS CRUZES;MOGI DAS CRUZES;MOGI DAS CRUZES;0;653810;NOSSA SENHORA CONCEICAO EMR;Japão;1
MUNICIPAL;MOGI MIRIM;AGUAS DE LINDOIA;AGUAS DE LINDOIA;0;230662;LUIZ BARBOSA EM;Portugal;1
MUNICIPAL;MOGI MIRIM;AMPARO;AMPARO;0;70713;PETER PAN CIME;Bolívia;1
MUNICIPAL;MOGI MIRIM;HOLAMBRA;HOLAMBRA;0;5949;CRECHE ESCOLA IRMA ANNETTE;Portugal;2
MUNICIPAL;MOGI MIRIM;HOLAMBRA;HOLAMBRA;0;5949;CRECHE ESCOLA IRMA ANNETTE;Venezuela;1
MUNICIPAL;MOGI MIRIM;HOLAMBRA;HOLAMBRA;0;495542;ABELHA RAINHA CRECHE;Bolívia;1
MUNICIPAL;MOGI MIRIM;ITAPIRA;ITAPIRA;0;227407;WILMA DE TOLEDO BARROS MUNHOZ PROFA EMEB;Espanha;1
MUNICIPAL;MOGI MIRIM;MOGI GUACU;MOGI GUACU;0;64497;MARINA APARECIDA ROGERIO PASCHOALOTTI PROFA EMEF;Angola;3
MUNICIPAL;MOGI MIRIM;MOGI GUACU;MOGI GUACU;0;96921;JAYME PANSANI VER EMEI;Haiti;1
MUNICIPAL;MOGI MIRIM;MOGI GUACU;MOGI GUACU;0;97743;MARINA FALSETTI EMEI;Venezuela;1
MUNICIPAL;MOGI MIRIM;MOGI GUACU;MOGI GUACU;0;221582;CID CHIARELLI PROF DA FUNDACAO EDUCACAO GUACUANA;Colômbia;1
MUNICIPAL;MOGI MIRIM;MOGI GUACU;MOGI GUACU;0;228151;ANIRA FRANCO DE CAMPOS PROFA EMEF;Venezuela;1
MUNICIPAL;MOGI MIRIM;MOGI GUACU;MOGI GUACU;0;228175;MARIA DIVA FRANCO DE OLIVEIRA PROFA EMEF;Colômbia;1
MUNICIPAL;MOGI MIRIM;MOGI GUACU;MOGI GUACU;0;247397;WALDOMIRO CALMAZINI PREFEITO EMEF;Japão;1
MUNICIPAL;MOGI MIRIM;MOGI GUACU;MOGI GUACU;0;247406;ALICE DE CAMPOS SILVA PROFA EMEF;Bolívia;1
MUNICIPAL;MOGI MIRIM;MOGI GUACU;MOGI GUACU;0;247406;ALICE DE CAMPOS SILVA PROFA EMEF;Cuba;1
MUNICIPAL;MOGI MIRIM;MOGI GUACU;MOGI GUACU;0;247424;JOAO BUENO JUNIOR EMEF;Haiti;1
MUNICIPAL;MOGI MIRIM;MOGI GUACU;MOGI GUACU;0;247424;JOAO BUENO JUNIOR EMEF;Turquia;2
MUNICIPAL;MOGI MIRIM;MOGI GUACU;MOGI GUACU;0;247424;JOAO BUENO JUNIOR EMEF;Venezuela;3
MUNICIPAL;MOGI MIRIM;MOGI GUACU;MOGI GUACU;0;279146;ESTEVO FERNANDO LAURINDO PE EMEF;Colômbia;1
MUNICIPAL;MOGI MIRIM;MOGI GUACU;MOGI GUACU;0;298517;MARIA JULIA BUENO PROFA EMEF;Portugal;1
MUNICIPAL;MOGI MIRIM;MOGI GUACU;MOGI GUACU;0;298517;MARIA JULIA BUENO PROFA EMEF;Venezuela;1
MUNICIPAL;MOGI MIRIM;MOGI GUACU;MOGI GUACU;0;301425;MILTON FRANCO DE FARIA PROF EMEF;Venezuela;2
MUNICIPAL;MOGI MIRIM;MOGI GUACU;MOGI GUACU;0;393265;INA APARECIDA DE OLIVEIRA MARCONI PROFA EMEF;Haiti;1
MUNICIPAL;MOGI MIRIM;MOGI MIRIM;MOGI MIRIM;0;80913;HUMBERTO BRASI PROF ESCOLA MUNICIPAL DE EDUCACAO BASICA;Venezuela;3
MUNICIPAL;MOGI MIRIM;MOGI MIRIM;MOGI MIRIM;0;277307;BRAULIO JOSE VALENTIM PROF EMEB;Haiti;1
MUNICIPAL;MOGI MIRIM;MOGI MIRIM;MOGI MIRIM;0;298542;CLEUSA MARILENE V DE MELLO PROFA EMEB;Bélgica;2
MUNICIPAL;MOGI MIRIM;MOGI MIRIM;MOGI MIRIM;0;298542;CLEUSA MARILENE V DE MELLO PROFA EMEB;Colômbia;1
MUNICIPAL;MOGI MIRIM;MOGI MIRIM;MOGI MIRIM;0;446348;EDNA FAVERO CHOQUETA PROFA EMEB;Paraguai;1
MUNICIPAL;MOGI MIRIM;MOGI MIRIM;MOGI MIRIM;0;446348;EDNA FAVERO CHOQUETA PROFA EMEB;Venezuela;1
MUNICIPAL;MOGI MIRIM;PEDREIRA;PEDREIRA;0;70816;SAO BENEDITO EMEI;Bolívia;1
MUNICIPAL;MOGI MIRIM;PEDREIRA;PEDREIRA;0;70816;SAO BENEDITO EMEI;Venezuela;1
MUNICIPAL;MOGI MIRIM;PEDREIRA;PEDREIRA;0;83136;MARIA HELENA FERRARESSO ARMIGLIATO PROFA EMEIEF;Venezuela;1
MUNICIPAL;MOGI MIRIM;PEDREIRA;PEDREIRA;0;280239;HUMBERTO PIVA EMEF;Venezuela;1
MUNICIPAL;MOGI MIRIM;PEDREIRA;PEDREIRA;0;368301;ANTILIA NIERO VICENTINI CIMEI;Espanha;1
MUNICIPAL;MOGI MIRIM;PEDREIRA;PEDREIRA;0;481488;GENNY PANTALEAO LUCIO CENTRO INTEG MUN DE ED INFANTIL;Peru;1
MUNICIPAL;MOGI MIRIM;SANTO ANTONIO DE POSSE;SANTO ANTONIO DE POSSE;0;198833;MARIO BIANCHI EMEF;Haiti;2
MUNICIPAL;MOGI MIRIM;SANTO ANTONIO DE POSSE;SANTO ANTONIO DE POSSE;0;477989;MARIA CAROLINA VICENZOTTI BENEDITO EMEI;Venezuela;2
MUNICIPAL;NORTE 1;ANHANGUERA;SAO PAULO;0;54653;PAULO PRADO EMEF;Haiti;1
MUNICIPAL;NORTE 1;ANHANGUERA;SAO PAULO;0;271020;JARDIM MONTE BELO EMEF;Haiti;1
MUNICIPAL;NORTE 1;ANHANGUERA;SAO PAULO;0;271020;JARDIM MONTE BELO EMEF;Tunísia;1
MUNICIPAL;NORTE 1;ANHANGUERA;SAO PAULO;0;275013;EDGARD CARONE EMEF;Haiti;1
MUNICIPAL;NORTE 1;ANHANGUERA;SAO PAULO;0;355185;MARILI DIAS PROFESSORA EMEF;França;1
MUNICIPAL;NORTE 1;ANHANGUERA;SAO PAULO;0;355185;MARILI DIAS PROFESSORA EMEF;Haiti;1
MUNICIPAL;NORTE 1;ANHANGUERA;SAO PAULO;0;397271;PARQUE ANHANGUERA CEU EMEF;Haiti;2
MUNICIPAL;NORTE 1;BRASILANDIA;SAO PAULO;0;53053;CASTRO ALVES EMEF;Bolívia;1
MUNICIPAL;NORTE 1;BRASILANDIA;SAO PAULO;0;53065;SEBASTIAO NOGUEIRA DE LIMA DESEMBARGADOR EMEF;Bolívia;2
MUNICIPAL;NORTE 1;BRASILANDIA;SAO PAULO;0;53119;THEO DUTRA EMEF;Bolívia;1
MUNICIPAL;NORTE 1;BRASILANDIA;SAO PAULO;0;53119;THEO DUTRA EMEF;Peru;1
MUNICIPAL;NORTE 1;BRASILANDIA;SAO PAULO;0;53594;JOAO AMOS COMENIUS EMEF;Bolívia;4
MUNICIPAL;NORTE 1;BRASILANDIA;SAO PAULO;0;249749;PRIMO PASCOLI MELARE PROFESSOR EMEF;Bolívia;1
MUNICIPAL;NORTE 1;BRASILANDIA;SAO PAULO;0;354685;JARDIM DAMASCENO I EMEF;Haiti;1
MUNICIPAL;NORTE 1;BRASILANDIA;SAO PAULO;0;354715;JOSE HERMINIO RODRIGUES CORONEL PM EMEF;Bolívia;1
MUNICIPAL;NORTE 1;FREGUESIA DO O;SAO PAULO;0;53090;JOANINHA GRASSI FAGUNDES PROFESSORA EMEF;Bolívia;3
MUNICIPAL;NORTE 1;FREGUESIA DO O;SAO PAULO;0;53582;PEDRO AMERICO EMEF;Bolívia;2
MUNICIPAL;NORTE 1;FREGUESIA DO O;SAO PAULO;0;399930;CAIRA ALAYDE ALVARENGA MEDEA PROFESSORA EMEF;Argentina;1
MUNICIPAL;NORTE 1;JAGUARA;SAO PAULO;0;54677;JOSE FERRAZ DE CAMPOS PROFESSOR EMEF;Haiti;1
MUNICIPAL;NORTE 1;JARAGUA;SAO PAULO;0;55542;LEONEL FRANCA PADRE EMEF;Bolívia;1
MUNICIPAL;NORTE 1;JARAGUA;SAO PAULO;0;58002;PERA MARMELO CEU EMEF;Bolívia;1
MUNICIPAL;NORTE 1;JARAGUA;SAO PAULO;0;62807;ERNESTO DE MORAES LEME PROFESSOR EMEF;Bolívia;2
MUNICIPAL;NORTE 1;JARAGUA;SAO PAULO;0;62807;ERNESTO DE MORAES LEME PROFESSOR EMEF;Cuba;1
MUNICIPAL;NORTE 1;JARAGUA;SAO PAULO;0;62807;ERNESTO DE MORAES LEME PROFESSOR EMEF;Paquistão;1
MUNICIPAL;NORTE 1;JARAGUA;SAO PAULO;0;248393;ANTONIO RODRIGUES DE CAMPOS PROFESSOR EMEF;Bolívia;2
MUNICIPAL;NORTE 1;JARAGUA;SAO PAULO;0;248393;ANTONIO RODRIGUES DE CAMPOS PROFESSOR EMEF;Colômbia;1
MUNICIPAL;NORTE 1;JARAGUA;SAO PAULO;0;248393;ANTONIO RODRIGUES DE CAMPOS PROFESSOR EMEF;Japão;1
MUNICIPAL;NORTE 1;JARAGUA;SAO PAULO;0;249993;JOSE KAUFFMANN DOUTOR EMEF;Bolívia;1
MUNICIPAL;NORTE 1;JARAGUA;SAO PAULO;0;424134;ELIANE BENUTE LESSA AYRES GONCALVES NANY BENUTE EMEF;Bolívia;2
MUNICIPAL;NORTE 1;JARAGUA;SAO PAULO;0;424134;ELIANE BENUTE LESSA AYRES GONCALVES NANY BENUTE EMEF;Japão;1
MUNICIPAL;NORTE 1;JARAGUA;SAO PAULO;0;445502;ESTACAO JARAGUA EMEF;Haiti;1
MUNICIPAL;NORTE 1;JARAGUA;SAO PAULO;0;445502;ESTACAO JARAGUA EMEF;Portugal;1
MUNICIPAL;NORTE 1;JARAGUA;SAO PAULO;0;567048;CHACARA TURISTICA EMEF;Espanha;1
MUNICIPAL;NORTE 1;PERUS;SAO PAULO;0;55530;CANDIDO PORTINARI EMEF;Bolívia;2
MUNICIPAL;NORTE 1;PERUS;SAO PAULO;0;58075;PERUS CEU EMEF;Haiti;1
MUNICIPAL;NORTE 1;PERUS;SAO PAULO;0;223141;JAIRO DE ALMEIDA PROFESSOR EMEF;Bolívia;1
MUNICIPAL;NORTE 1;PERUS;SAO PAULO;0;223141;JAIRO DE ALMEIDA PROFESSOR EMEF;Haiti;7
MUNICIPAL;NORTE 1;PERUS;SAO PAULO;0;271081;RECANTO DOS HUMILDES EMEF;Equador;1
MUNICIPAL;NORTE 1;PERUS;SAO PAULO;0;271081;RECANTO DOS HUMILDES EMEF;Haiti;10
MUNICIPAL;NORTE 1;PERUS;SAO PAULO;0;271081;RECANTO DOS HUMILDES EMEF;Venezuela;2
MUNICIPAL;NORTE 1;PERUS;SAO PAULO;0;346445;JARDIM DA CONQUISTA EMEF;Haiti;4
MUNICIPAL;NORTE 1;PERUS;SAO PAULO;0;419461;BADRA ESCOLA MUNICIPAL DE ENSINO FUNDAMENTAL;Haiti;3
MUNICIPAL;NORTE 1;PERUS;SAO PAULO;50;581537;CENTRO INTEGRADO DE ED DE JOVENS E ADULTOS  PERUS I;Haiti;14
MUNICIPAL;NORTE 1;PIRITUBA;SAO PAULO;0;53661;SILVIO PORTUGAL DESEMBARGADOR EMEF;Portugal;1
MUNICIPAL;NORTE 1;PIRITUBA;SAO PAULO;0;53685;LEOPOLDINA IMPERATRIZ EMEF;Equador;1
MUNICIPAL;NORTE 1;PIRITUBA;SAO PAULO;0;53703;MARIO KOSEL FILHO EMEF;Venezuela;1
MUNICIPAL;NORTE 1;PIRITUBA;SAO PAULO;0;53715;MONTEIRO LOBATO EMEF;Bolívia;1
MUNICIPAL;NORTE 1;PIRITUBA;SAO PAULO;0;53715;MONTEIRO LOBATO EMEF;Síria;1
MUNICIPAL;NORTE 1;PIRITUBA;SAO PAULO;0;53727;GABRIEL PRESTES PROFESSOR EMEF;Bolívia;1
MUNICIPAL;NORTE 1;PIRITUBA;SAO PAULO;0;53727;GABRIEL PRESTES PROFESSOR EMEF;Haiti;1
MUNICIPAL;NORTE 1;SAO DOMINGOS;SAO PAULO;0;54665;AMADEU MENDES PROFESSOR EMEF;Japão;1
MUNICIPAL;NORTE 1;SAO DOMINGOS;SAO PAULO;0;55505;HENRIQUE GEISEL GENERAL EMEF;Venezuela;1
MUNICIPAL;NORTE 2;CACHOEIRINHA;SAO PAULO;0;54896;OSVALDO QUIRINO SIMOES EMEIEF;Bolívia;4
MUNICIPAL;NORTE 2;CACHOEIRINHA;SAO PAULO;0;54896;OSVALDO QUIRINO SIMOES EMEIEF;Colômbia;1
MUNICIPAL;NORTE 2;CACHOEIRINHA;SAO PAULO;0;54896;OSVALDO QUIRINO SIMOES EMEIEF;Haiti;1
MUNICIPAL;NORTE 2;CACHOEIRINHA;SAO PAULO;0;242299;ZILKA SALABERRY DE CARVALHO EMEF;Bolívia;3
MUNICIPAL;NORTE 2;CACHOEIRINHA;SAO PAULO;0;389389;EMEF PROFESSOR NEIR AUGUSTO LOPES;Bolívia;4
MUNICIPAL;NORTE 2;CACHOEIRINHA;SAO PAULO;0;389389;EMEF PROFESSOR NEIR AUGUSTO LOPES;Guiné-Conacri;1
MUNICIPAL;NORTE 2;CACHOEIRINHA;SAO PAULO;0;419977;GILBERTO DUPAS PROFESSOR EMEF;Argentina;1
MUNICIPAL;NORTE 2;JACANA;SAO PAULO;0;54446;ANTONIO SANTANA GALVAO FREI EMEF;Bolívia;1
MUNICIPAL;NORTE 2;JACANA;SAO PAULO;0;54458;JULIO MARCONDES SALGADO GENERAL EMEF;Argentina;2
MUNICIPAL;NORTE 2;JACANA;SAO PAULO;0;54458;JULIO MARCONDES SALGADO GENERAL EMEF;Barbados;1
MUNICIPAL;NORTE 2;JACANA;SAO PAULO;0;54458;JULIO MARCONDES SALGADO GENERAL EMEF;Bolívia;6
MUNICIPAL;NORTE 2;JACANA;SAO PAULO;0;54471;LOURENCO FILHO EMEF;Bolívia;4
MUNICIPAL;NORTE 2;JACANA;SAO PAULO;0;54471;LOURENCO FILHO EMEF;Chile;1
MUNICIPAL;NORTE 2;MANDAQUI;SAO PAULO;0;249750;NILCE CRUZ FIGUEIREDO PROFA EMEF;Bolívia;1
MUNICIPAL;NORTE 2;TREMEMBE;SAO PAULO;0;95606;HIPOLITO JOSE DA COSTA EMEF;Bolívia;2
MUNICIPAL;NORTE 2;TREMEMBE;SAO PAULO;0;400087;JARDIM FONTALIS EMEF;Bolívia;6
MUNICIPAL;NORTE 2;TREMEMBE;SAO PAULO;0;400087;JARDIM FONTALIS EMEF;Haiti;1
MUNICIPAL;NORTE 2;TUCURUVI;SAO PAULO;0;54422;EDSON RODRIGUES EMEF;Bolívia;1
MUNICIPAL;NORTE 2;TUCURUVI;SAO PAULO;0;54422;EDSON RODRIGUES EMEF;Letónia;1
MUNICIPAL;NORTE 2;TUCURUVI;SAO PAULO;0;54550;RODRIGUES ALVES EMEF;Bolívia;3
MUNICIPAL;NORTE 2;VILA MEDEIROS;SAO PAULO;0;54410;ALBERTO SANTOS DUMONT EMEF;Bolívia;7
MUNICIPAL;NORTE 2;VILA MEDEIROS;SAO PAULO;0;54410;ALBERTO SANTOS DUMONT EMEF;Paraguai;2
MUNICIPAL;NORTE 2;VILA MEDEIROS;SAO PAULO;0;54434;ENEAS CARVALHO AGUIAR EMEF;Bolívia;7
MUNICIPAL;NORTE 2;VILA MEDEIROS;SAO PAULO;0;54513;FRANKLIN AUGUSTO DE MOURA CAMPOS PROF EMEF;Bolívia;6
MUNICIPAL;NORTE 2;VILA MEDEIROS;SAO PAULO;0;54513;FRANKLIN AUGUSTO DE MOURA CAMPOS PROF EMEF;Bósnia-Herzegovina;1
MUNICIPAL;NORTE 2;VILA MEDEIROS;SAO PAULO;0;54513;FRANKLIN AUGUSTO DE MOURA CAMPOS PROF EMEF;Japão;1
MUNICIPAL;NORTE 2;VILA MEDEIROS;SAO PAULO;0;54537;MARIA HELENA FARIA LIMA PROFA EMEF;Argentina;1
MUNICIPAL;NORTE 2;VILA MEDEIROS;SAO PAULO;0;54537;MARIA HELENA FARIA LIMA PROFA EMEF;Bolívia;6
MUNICIPAL;NORTE 2;VILA MEDEIROS;SAO PAULO;0;54768;SHIRLEY GUIO PROFA EMEF;Bolívia;14
MUNICIPAL;NORTE 2;VILA MEDEIROS;SAO PAULO;0;85509;CIDADE FERNAO DIAS EMEI;Paraguai;1
MUNICIPAL;OSASCO;OSASCO;OSASCO;0;51433;CENTRO MUNICIPAL DE EDUCACAO INFANTIL PROFA MARIA APARECIDA DE CAMARGO DAMY RODRIGUES;Bolívia;3
MUNICIPAL;OSASCO;OSASCO;OSASCO;0;51445;THEREZA BIANCHI COLLINO CEMEI;Síria;1
MUNICIPAL;OSASCO;OSASCO;OSASCO;0;51536;OSWALDO GONCALVES CARVALHO CEMEI;Venezuela;1
MUNICIPAL;OSASCO;OSASCO;OSASCO;0;70129;VALTER DE OLIVEIRA FERREIRA PROF EMEIEF;Bolívia;4
MUNICIPAL;OSASCO;OSASCO;OSASCO;0;70142;ESCOLA MUNICIPAL DE EDUCACAO INFANTIL E ENSINO FUNDAMENTAL ELIO APARECIDO DA SILVA;Venezuela;5
MUNICIPAL;OSASCO;OSASCO;OSASCO;0;70154;YOLANDA BOTARO VICENTE CEMEI;Venezuela;1
MUNICIPAL;OSASCO;OSASCO;OSASCO;0;72989;CENTRO MUNICIPAL DE EDUCACAO INFANTIL PROFA MARIA ALVES DORIA;Bolívia;5
MUNICIPAL;OSASCO;OSASCO;OSASCO;0;76867;GERTRUDES ROSSI CEMEI;Bolívia;2
MUNICIPAL;OSASCO;OSASCO;OSASCO;0;78839;JOSE ERMIRIO DE MORAES SENADOR CEMEI;Venezuela;1
MUNICIPAL;OSASCO;OSASCO;OSASCO;0;78840;ESTEVAO BRETT EMEI;Bolívia;1
MUNICIPAL;OSASCO;OSASCO;OSASCO;0;81462;IGNES COLLINO EMEI;Venezuela;1
MUNICIPAL;OSASCO;OSASCO;OSASCO;0;82119;FORTUNATA PEREIRA DE JESUS SANTOS CEMEI;Japão;1
MUNICIPAL;OSASCO;OSASCO;OSASCO;0;82485;VICTOR BRECHERET ESCULTOR EMEF;Bolívia;9
MUNICIPAL;OSASCO;OSASCO;OSASCO;0;82570;ALIPIO DA SILVA LAVOURA PROF CEMEIEF;Venezuela;3
MUNICIPAL;OSASCO;OSASCO;OSASCO;0;82600;JOAO EUCLYDES PEREIRA PROF EMEIEF;Haiti;2
MUNICIPAL;OSASCO;OSASCO;OSASCO;0;82685;EMEF PROFA OLINDA MOREIRA LEMES DA CUNHA;Bolívia;1
MUNICIPAL;OSASCO;OSASCO;OSASCO;0;82867;ONEIDE BORTOLOTE PROFA EMEIEF;Haiti;2
MUNICIPAL;OSASCO;OSASCO;OSASCO;0;83094;OSWALDO QUIRINO SIMOES EMEIEF;Venezuela;1
MUNICIPAL;OSASCO;OSASCO;OSASCO;0;83161;TECLA MERLO IRMA EMEIEF;Haiti;1
MUNICIPAL;OSASCO;OSASCO;OSASCO;0;83161;TECLA MERLO IRMA EMEIEF;Peru;1
MUNICIPAL;OSASCO;OSASCO;OSASCO;0;83239;NAIR BELACOSA WARZECA PROFA CEMEI;Bolívia;2
MUNICIPAL;OSASCO;OSASCO;OSASCO;0;83239;NAIR BELACOSA WARZECA PROFA CEMEI;Colômbia;1
MUNICIPAL;OSASCO;OSASCO;OSASCO;0;87981;MARIO SEBASTIAO ALVES LIMA CEMEI;Venezuela;1
MUNICIPAL;OSASCO;OSASCO;OSASCO;0;87993;JOAO DE FARIAS CEMEI;Venezuela;1
MUNICIPAL;OSASCO;OSASCO;OSASCO;0;97317;CEMEI PEDRO MARTINO;Afeganistão;1
MUNICIPAL;OSASCO;OSASCO;OSASCO;0;97317;CEMEI PEDRO MARTINO;Colômbia;1
MUNICIPAL;OSASCO;OSASCO;OSASCO;0;97317;CEMEI PEDRO MARTINO;Haiti;1
MUNICIPAL;OSASCO;OSASCO;OSASCO;0;97317;CEMEI PEDRO MARTINO;Japão;1
MUNICIPAL;OSASCO;OSASCO;OSASCO;0;97317;CEMEI PEDRO MARTINO;Síria;1
MUNICIPAL;OSASCO;OSASCO;OSASCO;0;139816;MARIA TARCILLA FORNASARO MELLI CEMEIEF;Colômbia;2
MUNICIPAL;OSASCO;OSASCO;OSASCO;0;139816;MARIA TARCILLA FORNASARO MELLI CEMEIEF;Haiti;1
MUNICIPAL;OSASCO;OSASCO;OSASCO;0;211357;LUZIA MOMI SASSO CEMEI;Venezuela;1
MUNICIPAL;OSASCO;OSASCO;OSASCO;0;211370;MARIA BERTONI FIORITA PROFA EMEI;Síria;1
MUNICIPAL;OSASCO;OSASCO;OSASCO;0;211370;MARIA BERTONI FIORITA PROFA EMEI;Venezuela;3
MUNICIPAL;OSASCO;OSASCO;OSASCO;0;217104;BITTENCOURT MARECHAL EMEF;Colômbia;2
MUNICIPAL;OSASCO;OSASCO;OSASCO;0;217104;BITTENCOURT MARECHAL EMEF;Haiti;3
MUNICIPAL;OSASCO;OSASCO;OSASCO;0;217116;CECILIA CORREA CASTELANI PROFA EMEF;Chile;1
MUNICIPAL;OSASCO;OSASCO;OSASCO;0;217128;FRANCISCO MANUEL LUMBRALES CARNEIRO DR EMEF;Bolívia;5
MUNICIPAL;OSASCO;OSASCO;OSASCO;0;217128;FRANCISCO MANUEL LUMBRALES CARNEIRO DR EMEF;Haiti;1
MUNICIPAL;OSASCO;OSASCO;OSASCO;0;217136;GASPAR DA MADRE DE DEUS FREI EMEIEF;Bolívia;1
MUNICIPAL;OSASCO;OSASCO;OSASCO;0;217136;GASPAR DA MADRE DE DEUS FREI EMEIEF;Colômbia;1
MUNICIPAL;OSASCO;OSASCO;OSASCO;0;217136;GASPAR DA MADRE DE DEUS FREI EMEIEF;Cuba;1
MUNICIPAL;OSASCO;OSASCO;OSASCO;0;217136;GASPAR DA MADRE DE DEUS FREI EMEIEF;Haiti;1
MUNICIPAL;OSASCO;OSASCO;OSASCO;0;217136;GASPAR DA MADRE DE DEUS FREI EMEIEF;Síria;1
MUNICIPAL;OSASCO;OSASCO;OSASCO;0;217141;HUGO RIBEIRO DE ALMEIDA DR EMEF;Haiti;2
MUNICIPAL;OSASCO;OSASCO;OSASCO;0;217141;HUGO RIBEIRO DE ALMEIDA DR EMEF;Venezuela;1
MUNICIPAL;OSASCO;OSASCO;OSASCO;0;217153;CEMEIEF MARINA SADDI HAIDAR;Haiti;1
MUNICIPAL;OSASCO;OSASCO;OSASCO;0;217153;CEMEIEF MARINA SADDI HAIDAR;Venezuela;1
MUNICIPAL;OSASCO;OSASCO;OSASCO;0;217165;MAX ZENDRON PROF EMEF;Venezuela;1
MUNICIPAL;OSASCO;OSASCO;OSASCO;0;217189;ESCOLA MUNICIPAL DE EDUCACAO INFANTIL E ENSINO FUNDAMENTAL FRANCISCO CAVALCANTI PONTES DE MIRANDA;Argentina;1
MUNICIPAL;OSASCO;OSASCO;OSASCO;0;217189;ESCOLA MUNICIPAL DE EDUCACAO INFANTIL E ENSINO FUNDAMENTAL FRANCISCO CAVALCANTI PONTES DE MIRANDA;Haiti;1
MUNICIPAL;OSASCO;OSASCO;OSASCO;0;217190;JOSE MARTINIANO DE ALENCAR EMEF;Venezuela;2
MUNICIPAL;OSASCO;OSASCO;OSASCO;0;232786;ANEZIO CABRAL PROF EMEF;Cuba;1
MUNICIPAL;OSASCO;OSASCO;OSASCO;0;232786;ANEZIO CABRAL PROF EMEF;Irlanda;1
MUNICIPAL;OSASCO;OSASCO;OSASCO;0;232786;ANEZIO CABRAL PROF EMEF;Venezuela;1
MUNICIPAL;OSASCO;OSASCO;OSASCO;0;232798;BENEDITO ALVES TURIBIO EMEIEF;Colômbia;2
MUNICIPAL;OSASCO;OSASCO;OSASCO;0;232804;DOMINGOS BLASCO MAESTRO EMEIEF;Bolívia;1
MUNICIPAL;OSASCO;OSASCO;OSASCO;0;232804;DOMINGOS BLASCO MAESTRO EMEIEF;Venezuela;1
MUNICIPAL;OSASCO;OSASCO;OSASCO;0;232836;LAERTE JOSE DOS SANTOS PROF EMEF;Estados Unidos da América;1
MUNICIPAL;OSASCO;OSASCO;OSASCO;0;232836;LAERTE JOSE DOS SANTOS PROF EMEF;Senegal;1
MUNICIPAL;OSASCO;OSASCO;OSASCO;0;232853;RENATO FIUZA TELES PROF EMEF;Haiti;2
MUNICIPAL;OSASCO;OSASCO;OSASCO;0;232853;RENATO FIUZA TELES PROF EMEF;Venezuela;2
MUNICIPAL;OSASCO;OSASCO;OSASCO;0;232865;JOAO CAMPESTRINI PROF EMEIEF;Bolívia;1
MUNICIPAL;OSASCO;OSASCO;OSASCO;0;232865;JOAO CAMPESTRINI PROF EMEIEF;Portugal;1
MUNICIPAL;OSASCO;OSASCO;OSASCO;0;232877;JOSIAS BAPTISTA PASTOR EMEF;Argentina;1
MUNICIPAL;OSASCO;OSASCO;OSASCO;0;232877;JOSIAS BAPTISTA PASTOR EMEF;Bolívia;8
MUNICIPAL;OSASCO;OSASCO;OSASCO;0;232877;JOSIAS BAPTISTA PASTOR EMEF;Colômbia;2
MUNICIPAL;OSASCO;OSASCO;OSASCO;0;232877;JOSIAS BAPTISTA PASTOR EMEF;Nigéria;1
MUNICIPAL;OSASCO;OSASCO;OSASCO;0;232889;MANOEL BARBOSA DE SOUZA PROF EMEF;Bolívia;6
MUNICIPAL;OSASCO;OSASCO;OSASCO;0;232889;MANOEL BARBOSA DE SOUZA PROF EMEF;Peru;1
MUNICIPAL;OSASCO;OSASCO;OSASCO;0;232890;TEREZINHA MARTINS PEREIRA PROFA EMEF;Japão;1
MUNICIPAL;OSASCO;OSASCO;OSASCO;0;232890;TEREZINHA MARTINS PEREIRA PROFA EMEF;Marrocos;1
MUNICIPAL;OSASCO;OSASCO;OSASCO;0;232907;TOBIAS BARRETO DE MENEZES EMEF;Venezuela;1
MUNICIPAL;OSASCO;OSASCO;OSASCO;0;269104;ZULEIKA GONCALVES MENDES PROFA EMEF;Colômbia;1
MUNICIPAL;OSASCO;OSASCO;OSASCO;0;279092;LUIZ BORTOLOSSO EMEIEF;Bolívia;1
MUNICIPAL;OSASCO;OSASCO;OSASCO;0;279092;LUIZ BORTOLOSSO EMEIEF;Haiti;1
MUNICIPAL;OSASCO;OSASCO;OSASCO;0;279092;LUIZ BORTOLOSSO EMEIEF;Venezuela;2
MUNICIPAL;OSASCO;OSASCO;OSASCO;0;279109;ELIDIO MANTOVANI MONSENHOR EMEIEF;Nigéria;1
MUNICIPAL;OSASCO;OSASCO;OSASCO;0;279109;ELIDIO MANTOVANI MONSENHOR EMEIEF;Venezuela;1
MUNICIPAL;OSASCO;OSASCO;OSASCO;0;281748;MESSIAS GONCALVES DA SILVA EMEIEF;Haiti;4
MUNICIPAL;OSASCO;OSASCO;OSASCO;0;281748;MESSIAS GONCALVES DA SILVA EMEIEF;Venezuela;3
MUNICIPAL;OSASCO;OSASCO;OSASCO;0;283939;OLGA CAMOLESI PAVAO CRECHE;Bolívia;1
MUNICIPAL;OSASCO;OSASCO;OSASCO;0;283940;SADAMITU OMOSAKO CRECHE;Bolívia;1
MUNICIPAL;OSASCO;OSASCO;OSASCO;0;283952;PEDRO PENOV CRECHE;Venezuela;1
MUNICIPAL;OSASCO;OSASCO;OSASCO;0;283988;LEONIL CRE BORTOLOSSO CEMEI;Venezuela;1
MUNICIPAL;OSASCO;OSASCO;OSASCO;0;284099;ALZIRA SILVA MEDEIROS CRECHE;Venezuela;1
MUNICIPAL;OSASCO;OSASCO;OSASCO;0;284117;HILDA ALVES DOS SANTOS MARIM CRECHE;Síria;1
MUNICIPAL;OSASCO;OSASCO;OSASCO;0;284142;GIUSEPPA BERSANI MICHELIN CRECHE;Venezuela;1
MUNICIPAL;OSASCO;OSASCO;OSASCO;0;284185;VILMA CATAN CRECHE;Haiti;1
MUNICIPAL;OSASCO;OSASCO;OSASCO;0;284191;MERCEDES CORREA RUIZ BATISTA CRECHE;China;1
MUNICIPAL;OSASCO;OSASCO;OSASCO;0;284191;MERCEDES CORREA RUIZ BATISTA CRECHE;Egipto;1
MUNICIPAL;OSASCO;OSASCO;OSASCO;0;284208;ELZA BATTISTON CRECHE;Bolívia;1
MUNICIPAL;OSASCO;OSASCO;OSASCO;0;284208;ELZA BATTISTON CRECHE;Espanha;1
MUNICIPAL;OSASCO;OSASCO;OSASCO;0;284294;OLIMPIA MARIA DE JESUS CARVALHO CRECHE;Venezuela;1
MUNICIPAL;OSASCO;OSASCO;OSASCO;0;395808;ESCOLA MUNICIPAL DE EDUCACAO INFANTIL E ENSINO FUNDAMENTAL  PADRE JOSE GROSSI DIAS;Bolívia;1
MUNICIPAL;OSASCO;OSASCO;OSASCO;0;439617;ZILDA ARNS NEUMANN DRA CENTRO DE EDUC UNIFICADA;África do Sul;1
MUNICIPAL;OSASCO;OSASCO;OSASCO;0;439617;ZILDA ARNS NEUMANN DRA CENTRO DE EDUC UNIFICADA;Bolívia;4
MUNICIPAL;OSASCO;OSASCO;OSASCO;0;439617;ZILDA ARNS NEUMANN DRA CENTRO DE EDUC UNIFICADA;França;1
MUNICIPAL;OSASCO;OSASCO;OSASCO;0;444066;JEANETE BEAUCHAMP PROFESSORA EMEIEF;Bolívia;2
MUNICIPAL;OSASCO;OSASCO;OSASCO;0;457838;JOSE SARAMAGO CENTRO DE EDUCACAO UNIFICADA;Venezuela;1
MUNICIPAL;OURINHOS;CANITAR;CANITAR;0;206568;ALCINIO LEITE EMEF;Vietname;1
MUNICIPAL;OURINHOS;OURINHOS;OURINHOS;0;65729;ERICO VERISSIMO EMEI;Colômbia;1
MUNICIPAL;OURINHOS;OURINHOS;OURINHOS;0;86769;VIRIATO CORREIA EMEI;Colômbia;1
MUNICIPAL;OURINHOS;OURINHOS;OURINHOS;0;98802;CURUPIRA NEI;Colômbia;1
MUNICIPAL;OURINHOS;OURINHOS;OURINHOS;0;99077;CURUMIM NUCLEO DE EDUCACAO INFANTIL;Argentina;1
MUNICIPAL;OURINHOS;OURINHOS;OURINHOS;0;216768;GEORGINA AMARAL SANTOS LOPES EMEF;Venezuela;1
MUNICIPAL;OURINHOS;OURINHOS;OURINHOS;0;230479;ADELAIDE PEDROSO RACANELLO PROFA EMEF;Colômbia;2
MUNICIPAL;OURINHOS;OURINHOS;OURINHOS;0;230479;ADELAIDE PEDROSO RACANELLO PROFA EMEF;Japão;2
MUNICIPAL;OURINHOS;OURINHOS;OURINHOS;0;230479;ADELAIDE PEDROSO RACANELLO PROFA EMEF;Portugal;1
MUNICIPAL;OURINHOS;OURINHOS;OURINHOS;0;230479;ADELAIDE PEDROSO RACANELLO PROFA EMEF;Venezuela;1
MUNICIPAL;OURINHOS;OURINHOS;OURINHOS;0;241556;MIGUEL FARAH JORNALISTA EMEF;Cuba;1
MUNICIPAL;OURINHOS;OURINHOS;OURINHOS;0;241556;MIGUEL FARAH JORNALISTA EMEF;Venezuela;1
MUNICIPAL;OURINHOS;OURINHOS;OURINHOS;0;245495;PAULO FREIRE PEDAGOGO EMEF;Venezuela;2
MUNICIPAL;OURINHOS;OURINHOS;OURINHOS;0;560285;JOSE ALVES MARTINS PROFESSOR EMEF;Colômbia;1
MUNICIPAL;PENAPOLIS;BRAUNA;BRAUNA;0;207615;ADOLFO HECHT EMEF;Venezuela;1
MUNICIPAL;PENAPOLIS;PENAPOLIS;PENAPOLIS;0;72436;ORENTINO MARTINS EMEI;Síria;1
MUNICIPAL;PENAPOLIS;PENAPOLIS;PENAPOLIS;0;72436;ORENTINO MARTINS EMEI;Venezuela;2
MUNICIPAL;PENAPOLIS;PENAPOLIS;PENAPOLIS;0;89898;CASA ANJO DA GUARDA EMEI;Japão;1
MUNICIPAL;PENAPOLIS;PENAPOLIS;PENAPOLIS;0;244478;MARCOS TRENCH EMEF;Espanha;1
MUNICIPAL;PENAPOLIS;PENAPOLIS;PENAPOLIS;0;244478;MARCOS TRENCH EMEF;Síria;1
MUNICIPAL;PINDAMONHANGABA;CAMPOS DO JORDAO;CAMPOS DO JORDAO;0;217463;IRENE LOPES SODRE ESCOLA MUNICIPAL;Espanha;1
MUNICIPAL;PINDAMONHANGABA;PINDAMONHANGABA;PINDAMONHANGABA;0;206866;ESCOLA MUNICIPAL PROFESSORA RUTH AZEVEDO ROMEIRO;Venezuela;1
MUNICIPAL;PINDAMONHANGABA;PINDAMONHANGABA;PINDAMONHANGABA;0;206885;ESCOLA MUNICIPAL PROFA MARIA HELENA RIBEIRO VILELA;Venezuela;1
MUNICIPAL;PINDAMONHANGABA;PINDAMONHANGABA;PINDAMONHANGABA;0;278725;ESCOLA MUNICIPAL DULCE PEDROSA ROMEIRO GUIMARAES;China;1
MUNICIPAL;PINDAMONHANGABA;SANTO ANTONIO DO PINHAL;SANTO ANTONIO DO PINHAL;0;282583;NOE ALVES FERREIRA PREFEITO ESCOLA MUNICIPAL;Argentina;1
MUNICIPAL;PINDAMONHANGABA;TREMEMBE;TREMEMBE;0;273247;EMILIA DE MOURA MARCONDES PROFA EMEF;Japão;1
MUNICIPAL;PINDAMONHANGABA;TREMEMBE;TREMEMBE;0;273296;MARIA DULCE DAVI DE PAIVA PROFA EMEF;Japão;1
MUNICIPAL;PIRACICABA;AGUAS DE SAO PEDRO;AGUAS DE SAO PEDRO;0;215348;MARIA LUIZA FORNASIER FRANZIN EMEF;Paraguai;1
MUNICIPAL;PIRACICABA;AGUAS DE SAO PEDRO;AGUAS DE SAO PEDRO;0;215348;MARIA LUIZA FORNASIER FRANZIN EMEF;Portugal;1
MUNICIPAL;PIRACICABA;ARTEMIS;PIRACICABA;0;68354;DEOLINDA ELIAS CENEDESE ESCOLA MUNICIPAL;Venezuela;1
MUNICIPAL;PIRACICABA;PIRACICABA;PIRACICABA;0;4393;ESCOLA MUNICIPAL DE EDUCACAO INFANTIL DO BAIRRO SANTA ROSA;Haiti;1
MUNICIPAL;PIRACICABA;PIRACICABA;PIRACICABA;0;66102;MARIZA ELVIRA ELL FAGANELLO PROFESSORA ESCOLA MUNICIPAL;Colômbia;2
MUNICIPAL;PIRACICABA;PIRACICABA;PIRACICABA;0;70907;ELIZABETH CONSOLMAGNO CRUZ PROFA ESCOLA MUNICIPAL;Venezuela;4
MUNICIPAL;PIRACICABA;PIRACICABA;PIRACICABA;0;81929;WALTER RADAMES ACCORSI PROF ESCOLA MUNICIPAL;Colômbia;1
MUNICIPAL;PIRACICABA;PIRACICABA;PIRACICABA;0;90840;HEITOR POMPERMAYER PROF ESCOLA MUNICIPAL;Colômbia;1
MUNICIPAL;PIRACICABA;PIRACICABA;PIRACICABA;0;90852;JOAQUIM CARLOS ALEXANDRINO DE SOUZA ESCOLA MUNICIPAL;Colômbia;6
MUNICIPAL;PIRACICABA;PIRACICABA;PIRACICABA;0;90864;MILTON RONTANI PROF ESCOLA MUNICIPAL;Colômbia;1
MUNICIPAL;PIRACICABA;PIRACICABA;PIRACICABA;0;90897;JOAO DO NASCIMENTO ESCOLA MUNICIPAL;Portugal;1
MUNICIPAL;PIRACICABA;PIRACICABA;PIRACICABA;0;90906;FRANCISCO CORREA ESCOLA MUNICIPAL;Haiti;2
MUNICIPAL;PIRACICABA;PIRACICABA;PIRACICABA;0;94213;MARIA GUILHERMINA LOPES FAGUNDES DONA ESCOLA MUNICIPAL;Haiti;1
MUNICIPAL;PIRACICABA;PIRACICABA;PIRACICABA;0;156917;ESCOLA DE ENSINO MEDIO EDUCACAO PROFISSIONAL DA FUMEP COTIP;Estados Unidos da América;1
MUNICIPAL;PIRACICABA;PIRACICABA;PIRACICABA;0;222434;IRENE PERON DE OLIVEIRA DORTA PROFA ESCOLA MUNICIPAL;Venezuela;1
MUNICIPAL;PIRACICABA;PIRACICABA;PIRACICABA;0;228965;MANOEL RODRIGUES LOURENCO PROF ESCOLA MUNICIPAL;Venezuela;1
MUNICIPAL;PIRACICABA;PIRACICABA;PIRACICABA;0;246281;WILSON GUIDOTTI ESCOLA MUNICIPAL;Haiti;3
MUNICIPAL;PIRACICABA;PIRACICABA;PIRACICABA;0;291006;FABIO DE SOUZA MARIA PROFESSOR ESCOLA MUNICIPAL;Alemanha;1
MUNICIPAL;PIRACICABA;PIRACICABA;PIRACICABA;0;291006;FABIO DE SOUZA MARIA PROFESSOR ESCOLA MUNICIPAL;Colômbia;1
MUNICIPAL;PIRACICABA;PIRACICABA;PIRACICABA;0;295590;JOAO ORIANI ESCOLA MUNICIPAL;Portugal;1
MUNICIPAL;PIRACICABA;PIRACICABA;PIRACICABA;0;404639;SAO VICENTE DE PAULO ESCOLA MUNICIPAL;Colômbia;2
MUNICIPAL;PIRACICABA;PIRACICABA;PIRACICABA;0;439859;IRINEU UMBERTO PACKER PROFESSOR ESCOLA MUNICIPAL;Peru;2
MUNICIPAL;PIRACICABA;PIRACICABA;PIRACICABA;0;439859;IRINEU UMBERTO PACKER PROFESSOR ESCOLA MUNICIPAL;Venezuela;1
MUNICIPAL;PIRACICABA;PIRACICABA;PIRACICABA;0;449258;MARIA DE LOURDES SILVA VICCINO PROFA ESCOLA MUNICIPAL;Haiti;1
MUNICIPAL;PIRACICABA;PIRACICABA;PIRACICABA;0;449261;ORACY DA SILVA ESCOLA MUNICIPAL;Haiti;1
MUNICIPAL;PIRACICABA;PIRACICABA;PIRACICABA;0;467224;ROBERTO DAMAS DA SILVA PROFESSOR EM;Venezuela;1
MUNICIPAL;PIRACICABA;PIRACICABA;PIRACICABA;0;467236;AGLAE DE LOURDES PIFFER LEME PROFESSORAEM;Venezuela;2
MUNICIPAL;PIRACICABA;PIRACICABA;PIRACICABA;0;467285;MARIO BOSCOLO PROFESSOR EM;Colômbia;1
MUNICIPAL;PIRACICABA;PIRACICABA;PIRACICABA;0;467285;MARIO BOSCOLO PROFESSOR EM;Peru;1
MUNICIPAL;PIRACICABA;PIRACICABA;PIRACICABA;0;467297;PEDRO BARON PADRE EM;Estados Unidos da América;1
MUNICIPAL;PIRACICABA;PIRACICABA;PIRACICABA;0;467297;PEDRO BARON PADRE EM;Haiti;1
MUNICIPAL;PIRACICABA;PIRACICABA;PIRACICABA;0;467297;PEDRO BARON PADRE EM;Portugal;1
MUNICIPAL;PIRACICABA;PIRACICABA;PIRACICABA;0;467352;TOMAZ CAETANO CANNAVAM RIPOLI PROF EM;Chile;1
MUNICIPAL;PIRACICABA;PIRACICABA;PIRACICABA;0;480861;JANAINA ELAINE DE CASTRO ESCOLA MUNICIPAL PROFA;Colômbia;1
MUNICIPAL;PIRACICABA;PIRACICABA;PIRACICABA;0;497010;TERCILIA BERNADETE SANCHES COSTA PROFESSORA EM;Venezuela;1
MUNICIPAL;PIRACICABA;PIRACICABA;PIRACICABA;0;498713;CARLOS SODERO ESCOLA MUNICIPAL;Portugal;1
MUNICIPAL;PIRACICABA;PIRACICABA;PIRACICABA;0;564643;FRANCISCO BENEDICTO LIBARDI PROFESSOR;Haiti;4
MUNICIPAL;PIRACICABA;PIRACICABA;PIRACICABA;0;564643;FRANCISCO BENEDICTO LIBARDI PROFESSOR;Venezuela;2
MUNICIPAL;PIRACICABA;SAO PEDRO;SAO PEDRO;0;226439;GUSTAVO TEIXEIRA EMEB;Japão;1
MUNICIPAL;PIRAJU;PIRAJU;PIRAJU;0;224054;MARIA CONCEICAO TRUMBACT EMEI;Argentina;1
MUNICIPAL;PIRAJU;PIRAJU;PIRAJU;0;274914;VERA LUCIA PEREIRA PROFESSORA EMEI;Bolívia;1
MUNICIPAL;PIRASSUNUNGA;ARARAS;ARARAS;0;86319;LIONS CLUBE EMEF;Colômbia;1
MUNICIPAL;PIRASSUNUNGA;ARARAS;ARARAS;0;91873;PAULO GOMES BARBOSA PROF EMEI;Colômbia;1
MUNICIPAL;PIRASSUNUNGA;ARARAS;ARARAS;0;91873;PAULO GOMES BARBOSA PROF EMEI;Venezuela;1
MUNICIPAL;PIRASSUNUNGA;ARARAS;ARARAS;0;217475;FRANCISCO SALLES NOGUEIRA PROF EMEF;Bolívia;1
MUNICIPAL;PIRASSUNUNGA;ARARAS;ARARAS;0;232348;JOSE PAULINO DE OLIVEIRA PREFEITO EMEI;Venezuela;2
MUNICIPAL;PIRASSUNUNGA;ARARAS;ARARAS;0;281244;HERCILIO BERTOLINI PADRE EMEF;Venezuela;1
MUNICIPAL;PIRASSUNUNGA;LEME;LEME;0;89096;DINEI I HAITER ROCHA PROFA EMEB;Israel;1
MUNICIPAL;PIRASSUNUNGA;LEME;LEME;0;89096;DINEI I HAITER ROCHA PROFA EMEB;Suíça;1
MUNICIPAL;PIRASSUNUNGA;LEME;LEME;0;215041;APARECIDA TAUFIC NASSIF MANSUR NAIF PROFA EMEB;Venezuela;1
MUNICIPAL;PIRASSUNUNGA;LEME;LEME;0;270702;JULIA RODRIGUES LEME DONA EMEB;Japão;1
MUNICIPAL;PIRASSUNUNGA;PIRASSUNUNGA;PIRASSUNUNGA;0;81255;SECRETARIA MUNICIPAL DE EDUCACAO;Venezuela;1
MUNICIPAL;PIRASSUNUNGA;PIRASSUNUNGA;PIRASSUNUNGA;0;209824;ROTARY CLUBE EMEI;Dominicana, República;1
MUNICIPAL;PIRASSUNUNGA;PIRASSUNUNGA;PIRASSUNUNGA;0;209824;ROTARY CLUBE EMEI;Venezuela;1
MUNICIPAL;PIRASSUNUNGA;PIRASSUNUNGA;PIRASSUNUNGA;0;335617;ARCIDIO GIACOMELLI STEL PROF EMEIEF;Venezuela;1
MUNICIPAL;PRESIDENTE PRUDENTE;ALVARES MACHADO;ALVARES MACHADO;0;218698;ALVARES MACHADO EMEIF;Portugal;1
MUNICIPAL;PRESIDENTE PRUDENTE;CAIABU;CAIABU;0;212969;FRANCISCO BATISTA PEDREIRA EMEIF;Venezuela;2
MUNICIPAL;PRESIDENTE PRUDENTE;PRESIDENTE PRUDENTE;PRESIDENTE PRUDENTE;0;4399;JULIO BRAGA FILHO VEREADOR ESCOLA MUNICIPAL;Haiti;1
MUNICIPAL;PRESIDENTE PRUDENTE;PRESIDENTE PRUDENTE;PRESIDENTE PRUDENTE;0;6830;ESCOLA MUNICIPAL VEREADOR IVAN JUNIOR LIMA BARBOZA;Paraguai;1
MUNICIPAL;PRESIDENTE PRUDENTE;PRESIDENTE PRUDENTE;PRESIDENTE PRUDENTE;0;61827;VILMA GIANNOTTI MARTINEZ PROFESSORA ESCOLA MUNICIPAL;Egipto;1
MUNICIPAL;PRESIDENTE PRUDENTE;PRESIDENTE PRUDENTE;PRESIDENTE PRUDENTE;0;81978;ANTONIO ZACHARIAS ROTARIANO ESCOLA MUNICIPAL;Egipto;2
MUNICIPAL;PRESIDENTE PRUDENTE;PRESIDENTE PRUDENTE;PRESIDENTE PRUDENTE;0;81978;ANTONIO ZACHARIAS ROTARIANO ESCOLA MUNICIPAL;Síria;2
MUNICIPAL;PRESIDENTE PRUDENTE;PRESIDENTE PRUDENTE;PRESIDENTE PRUDENTE;0;205862;MARIA HADDAD HAIDAMUS ESCOLA MUNICIPAL;Venezuela;3
MUNICIPAL;PRESIDENTE PRUDENTE;PRESIDENTE PRUDENTE;PRESIDENTE PRUDENTE;0;209326;NAIR MUSEGANTE LEBRAO PROFESSORA ESCOLA MUNICIPAL;Venezuela;1
MUNICIPAL;PRESIDENTE PRUDENTE;PRESIDENTE PRUDENTE;PRESIDENTE PRUDENTE;0;209348;AZIZ FELIPPE DOUTOR ESCOLA MUNICIPAL;Venezuela;1
MUNICIPAL;PRESIDENTE PRUDENTE;PRESIDENTE PRUDENTE;PRESIDENTE PRUDENTE;0;222148;GISELE DALEFI ESCOLA MUNICIPAL;Colômbia;2
MUNICIPAL;PRESIDENTE PRUDENTE;PRESIDENTE PRUDENTE;PRESIDENTE PRUDENTE;0;229052;CARLOS CASTILHO CABRAL DEPUTADO ESCOLA MUNICIPAL;Haiti;2
MUNICIPAL;PRESIDENTE PRUDENTE;PRESIDENTE PRUDENTE;PRESIDENTE PRUDENTE;0;229088;EMILIO BECKER PADRE ESCOLA MUNICIPAL;Haiti;1
MUNICIPAL;PRESIDENTE PRUDENTE;PRESIDENTE PRUDENTE;PRESIDENTE PRUDENTE;0;229088;EMILIO BECKER PADRE ESCOLA MUNICIPAL;Venezuela;6
MUNICIPAL;PRESIDENTE PRUDENTE;PRESIDENTE PRUDENTE;PRESIDENTE PRUDENTE;0;229097;JOAO FRANCO DE GODOY DOUTOR ESCOLA MUNICIPAL;Colômbia;2
MUNICIPAL;PRESIDENTE PRUDENTE;PRESIDENTE PRUDENTE;PRESIDENTE PRUDENTE;0;229097;JOAO FRANCO DE GODOY DOUTOR ESCOLA MUNICIPAL;Venezuela;2
MUNICIPAL;PRESIDENTE PRUDENTE;PRESIDENTE PRUDENTE;PRESIDENTE PRUDENTE;0;229106;MARIA DO SOCORRO BRITO DE ALMEIDA PROFA ESCOLA MUNICIPAL;Venezuela;2
MUNICIPAL;PRESIDENTE PRUDENTE;PRESIDENTE PRUDENTE;PRESIDENTE PRUDENTE;0;229118;OCYR AZEVEDO PROFESSOR ESCOLA MUNICIPAL;Colômbia;1
MUNICIPAL;PRESIDENTE PRUDENTE;PRESIDENTE PRUDENTE;PRESIDENTE PRUDENTE;0;229118;OCYR AZEVEDO PROFESSOR ESCOLA MUNICIPAL;Espanha;1
MUNICIPAL;PRESIDENTE PRUDENTE;PRESIDENTE PRUDENTE;PRESIDENTE PRUDENTE;0;229143;RUI CARLOS VIEIRA BERBET ESCOLA MUNICIPAL;Paraguai;1
MUNICIPAL;PRESIDENTE PRUDENTE;PRESIDENTE PRUDENTE;PRESIDENTE PRUDENTE;0;297471;VILMA ALVAREZ GONCALVES PROFESSORA ESCOLA MUNICIPAL;Portugal;1
MUNICIPAL;PRESIDENTE PRUDENTE;PRESIDENTE PRUDENTE;PRESIDENTE PRUDENTE;0;362384;JOAO SEBASTIAO LISBOA ESCOLA MUNICIPAL;Reino Unido da Grã-Bretanha e Irlanda do Norte;1
MUNICIPAL;PRESIDENTE PRUDENTE;PRESIDENTE PRUDENTE;PRESIDENTE PRUDENTE;0;362384;JOAO SEBASTIAO LISBOA ESCOLA MUNICIPAL;Venezuela;2
MUNICIPAL;PRESIDENTE PRUDENTE;PRESIDENTE PRUDENTE;PRESIDENTE PRUDENTE;0;362657;JOSE CARLOS JOAO PROFESSOR ESCOLA MUNICIPAL;Haiti;1
MUNICIPAL;PRESIDENTE PRUDENTE;PRESIDENTE PRUDENTE;PRESIDENTE PRUDENTE;0;362657;JOSE CARLOS JOAO PROFESSOR ESCOLA MUNICIPAL;Venezuela;2
MUNICIPAL;PRESIDENTE PRUDENTE;PRESIDENTE PRUDENTE;PRESIDENTE PRUDENTE;0;362669;JOSE SOARES MARCONDES CORONEL ESCOLA MUNICIPAL;Espanha;1
MUNICIPAL;PRESIDENTE PRUDENTE;PRESIDENTE PRUDENTE;PRESIDENTE PRUDENTE;0;362669;JOSE SOARES MARCONDES CORONEL ESCOLA MUNICIPAL;Haiti;2
MUNICIPAL;PRESIDENTE PRUDENTE;PRESIDENTE PRUDENTE;PRESIDENTE PRUDENTE;0;362669;JOSE SOARES MARCONDES CORONEL ESCOLA MUNICIPAL;México;1
MUNICIPAL;PRESIDENTE PRUDENTE;PRESIDENTE PRUDENTE;PRESIDENTE PRUDENTE;0;411863;KRISAN MARTIN PROFESSOR ESCOLA MUNICIPAL;Bolívia;1
MUNICIPAL;PRESIDENTE PRUDENTE;PRESIDENTE PRUDENTE;PRESIDENTE PRUDENTE;0;431734;MARIA ISABEL BARBOSA NEGRAO ESCOLA MUNICIPAL;Venezuela;1
MUNICIPAL;PRESIDENTE PRUDENTE;PRESIDENTE PRUDENTE;PRESIDENTE PRUDENTE;0;447560;CATARINA MARTINS ARTERO PROFESSORA ESCOLA MUNICIPAL;Venezuela;2
MUNICIPAL;PRESIDENTE PRUDENTE;PRESIDENTE PRUDENTE;PRESIDENTE PRUDENTE;0;474712;LUDOVICA LIGABO RODRIGUES ESC MUNICIPAL PIONEIRA;Japão;1
MUNICIPAL;PRESIDENTE PRUDENTE;SANTO EXPEDITO;SANTO EXPEDITO;0;340066;JOSE GILMAR MAZINI EM;Paraguai;2
MUNICIPAL;PRESIDENTE PRUDENTE;TACIBA;TACIBA;0;214899;ARMINDA CUSTODIO DE PADUA MARCELINO EMEIF;Angola;1
MUNICIPAL;REGISTRO;CAJATI;CAJATI;0;215922;MARIA DA CONCEICAO RODRIGUES DE ALCANTARA PROFA EM;Itália;1
MUNICIPAL;REGISTRO;JACUPIRANGA;JACUPIRANGA;0;499109;LEILA MARIA DE SOUZA VIGNERON CENTRO DE EDUCACAO INFANTIL;Estados Unidos da América;1
MUNICIPAL;REGISTRO;PARIQUERA-ACU;PARIQUERA-ACU;0;416460;VARGAS PRESIDENTE EMEF;Chile;1
MUNICIPAL;REGISTRO;PARIQUERA-ACU;PARIQUERA-ACU;0;416460;VARGAS PRESIDENTE EMEF;Venezuela;1
MUNICIPAL;REGISTRO;REGISTRO;REGISTRO;0;278117;ANNA PINTO BANKS PROFA EMEB;Cuba;1
MUNICIPAL;REGISTRO;REGISTRO;REGISTRO;0;278117;ANNA PINTO BANKS PROFA EMEB;Japão;1
MUNICIPAL;REGISTRO;REGISTRO;REGISTRO;0;443273;JOSE MENDES PROFESSOR PREFEITO EMEB;Japão;1
MUNICIPAL;REGISTRO;REGISTRO;REGISTRO;0;443273;JOSE MENDES PROFESSOR PREFEITO EMEB;Venezuela;1
MUNICIPAL;REGISTRO;SETE BARRAS;SETE BARRAS;0;147072;TEMPO FELIZ EMEI;Venezuela;1
MUNICIPAL;REGISTRO;SETE BARRAS;SETE BARRAS;0;339805;CORDEIRO DE FARIAS MARECHAL EMEF;Haiti;3
MUNICIPAL;RIBEIRAO PRETO;ALTINOPOLIS;ALTINOPOLIS;0;239781;JOAQUIM DA CUNHA CORONEL EMEF;Angola;1
MUNICIPAL;RIBEIRAO PRETO;BATATAIS;BATATAIS;0;239872;EMEB PROFESSORA ALZIRA ACRA DE ALMEIDA;Venezuela;2
MUNICIPAL;RIBEIRAO PRETO;CAJURU;CAJURU;0;108534;JANUARIO BENVENUTO ESCOLA MUN DE EDUCACAO BASICA;Venezuela;2
MUNICIPAL;RIBEIRAO PRETO;CAJURU;CAJURU;44;442756;SITIO SAO SEBASTIAO DO CAMPO FORMOSO CENTRO APOIO PEDAGOGICO;Venezuela;2
MUNICIPAL;RIBEIRAO PRETO;CRAVINHOS;CRAVINHOS;0;89734;VICTOR RAMOS MAJOR EMEB;Cuba;2
MUNICIPAL;RIBEIRAO PRETO;CRAVINHOS;CRAVINHOS;0;274410;MOACYR MARTINS DOS SANTOS EMEB;Japão;2
MUNICIPAL;RIBEIRAO PRETO;CRAVINHOS;CRAVINHOS;0;283836;JOAO NOGUEIRA EMEB;Cuba;3
MUNICIPAL;RIBEIRAO PRETO;CRAVINHOS;CRAVINHOS;0;289103;MARIA VIRGINIA MATARAZZO IPPOLITO EMEB;Espanha;1
MUNICIPAL;RIBEIRAO PRETO;LUIS ANTONIO;LUIS ANTONIO;0;74913;ARACY CARNEIRO DE MESQUITA EMEI;Chile;1
MUNICIPAL;RIBEIRAO PRETO;LUIS ANTONIO;LUIS ANTONIO;0;77549;LUIZ ANTONIO EMEF E TECNICA DE QUIMICA DE;Chile;2
MUNICIPAL;RIBEIRAO PRETO;LUIS ANTONIO;LUIS ANTONIO;0;77549;LUIZ ANTONIO EMEF E TECNICA DE QUIMICA DE;Japão;1
MUNICIPAL;RIBEIRAO PRETO;LUIS ANTONIO;LUIS ANTONIO;0;200712;ROBERTO BRAYN EMEF;Chile;1
MUNICIPAL;RIBEIRAO PRETO;LUIS ANTONIO;LUIS ANTONIO;0;367965;HELENA MARIA LUIZ DE MELLO PROFA EMEF;Japão;1
MUNICIPAL;RIBEIRAO PRETO;LUIS ANTONIO;LUIS ANTONIO;0;567620;IRINEU SILVA CEMEI;Chile;1
MUNICIPAL;RIBEIRAO PRETO;RIBEIRAO PRETO;RIBEIRAO PRETO;0;62893;ALFEU LUIZ GASPARINI PROFESSOR EMEFEM;Cuba;1
MUNICIPAL;RIBEIRAO PRETO;RIBEIRAO PRETO;RIBEIRAO PRETO;0;62900;LUIS AMARAL MOUSINHO DOM EMEFEM;Colômbia;1
MUNICIPAL;RIBEIRAO PRETO;RIBEIRAO PRETO;RIBEIRAO PRETO;0;62900;LUIS AMARAL MOUSINHO DOM EMEFEM;Espanha;1
MUNICIPAL;RIBEIRAO PRETO;RIBEIRAO PRETO;RIBEIRAO PRETO;0;62900;LUIS AMARAL MOUSINHO DOM EMEFEM;Venezuela;2
MUNICIPAL;RIBEIRAO PRETO;RIBEIRAO PRETO;RIBEIRAO PRETO;0;62935;NEUZA MICHELUTTI MARZOLA PROFA EMEF;Venezuela;2
MUNICIPAL;RIBEIRAO PRETO;RIBEIRAO PRETO;RIBEIRAO PRETO;0;62972;ANITA PROCOPIO JUNQUEIRA EMEI;Venezuela;1
MUNICIPAL;RIBEIRAO PRETO;RIBEIRAO PRETO;RIBEIRAO PRETO;0;62996;EMILIO JARBINET PADRE EMEI;Venezuela;1
MUNICIPAL;RIBEIRAO PRETO;RIBEIRAO PRETO;RIBEIRAO PRETO;0;63010;ANA DOS SANTOS GABARRA EMEI;Venezuela;1
MUNICIPAL;RIBEIRAO PRETO;RIBEIRAO PRETO;RIBEIRAO PRETO;0;63022;AMELIA JUNQUEIRA EMEI;Colômbia;2
MUNICIPAL;RIBEIRAO PRETO;RIBEIRAO PRETO;RIBEIRAO PRETO;0;63034;AUREA APARECIDA BRAGHETO MACHADO PROFA EMEI;Nigéria;1
MUNICIPAL;RIBEIRAO PRETO;RIBEIRAO PRETO;RIBEIRAO PRETO;0;63061;ANISIO TEIXEIRA PROF EMEF;Bolívia;1
MUNICIPAL;RIBEIRAO PRETO;RIBEIRAO PRETO;RIBEIRAO PRETO;0;63061;ANISIO TEIXEIRA PROF EMEF;Japão;1
MUNICIPAL;RIBEIRAO PRETO;RIBEIRAO PRETO;RIBEIRAO PRETO;0;63061;ANISIO TEIXEIRA PROF EMEF;Venezuela;3
MUNICIPAL;RIBEIRAO PRETO;RIBEIRAO PRETO;RIBEIRAO PRETO;0;73829;VIRGILIO SALATA CEMEI;Peru;2
MUNICIPAL;RIBEIRAO PRETO;RIBEIRAO PRETO;RIBEIRAO PRETO;0;73829;VIRGILIO SALATA CEMEI;Venezuela;1
MUNICIPAL;RIBEIRAO PRETO;RIBEIRAO PRETO;RIBEIRAO PRETO;0;74032;AMELIA SOFIA RODRIGUES DA COSTA EMEI;Japão;1
MUNICIPAL;RIBEIRAO PRETO;RIBEIRAO PRETO;RIBEIRAO PRETO;0;84931;JOSE BONIFACIO COUTINHO NOGUEIRA EMEI;Bolívia;1
MUNICIPAL;RIBEIRAO PRETO;RIBEIRAO PRETO;RIBEIRAO PRETO;0;85005;RAUL MACHADO PROF EMEF;Panamá;1
MUNICIPAL;RIBEIRAO PRETO;RIBEIRAO PRETO;RIBEIRAO PRETO;0;88924;SEBASTIAO DE AGUIAR AZEVEDO EMEF;Colômbia;1
MUNICIPAL;RIBEIRAO PRETO;RIBEIRAO PRETO;RIBEIRAO PRETO;0;193756;MARIA HELENA BRAGA MONTES SERRAT DOUTORA EMEI;Estados Unidos da América;1
MUNICIPAL;RIBEIRAO PRETO;RIBEIRAO PRETO;RIBEIRAO PRETO;0;195091;JOSE ROBERTO FELICIO DOUTOR EMEI;Venezuela;1
MUNICIPAL;RIBEIRAO PRETO;RIBEIRAO PRETO;RIBEIRAO PRETO;0;201455;JOSE DELIBO VEREADOR EMEF;Bulgária;1
MUNICIPAL;RIBEIRAO PRETO;RIBEIRAO PRETO;RIBEIRAO PRETO;0;201455;JOSE DELIBO VEREADOR EMEF;Itália;1
MUNICIPAL;RIBEIRAO PRETO;RIBEIRAO PRETO;RIBEIRAO PRETO;0;202307;JARBAS MASSULLO PROF EMEF;Venezuela;2
MUNICIPAL;RIBEIRAO PRETO;RIBEIRAO PRETO;RIBEIRAO PRETO;0;202319;JOSE RODINI LUIZ PROF EMEF;Colômbia;2
MUNICIPAL;RIBEIRAO PRETO;RIBEIRAO PRETO;RIBEIRAO PRETO;0;202356;EDUARDO ROMUALDO DE SOUZA PROF CEMEI;Portugal;1
MUNICIPAL;RIBEIRAO PRETO;RIBEIRAO PRETO;RIBEIRAO PRETO;0;205552;MARIA PONTIN EMEI;Venezuela;1
MUNICIPAL;RIBEIRAO PRETO;RIBEIRAO PRETO;RIBEIRAO PRETO;0;206436;HONORATO DE LUCCA PROF EMEF;Portugal;1
MUNICIPAL;RIBEIRAO PRETO;RIBEIRAO PRETO;RIBEIRAO PRETO;0;220462;DOMINGOS ANGERAMI PROF DR EMEF;Suriname;1
MUNICIPAL;RIBEIRAO PRETO;RIBEIRAO PRETO;RIBEIRAO PRETO;0;233328;DERCY CELIA SEIXAS FERRARI PROFA EMEF;Venezuela;2
MUNICIPAL;RIBEIRAO PRETO;RIBEIRAO PRETO;RIBEIRAO PRETO;0;233353;ANNA AUGUSTA FRANCA CRECHE MUNICIPAL;Venezuela;1
MUNICIPAL;RIBEIRAO PRETO;RIBEIRAO PRETO;RIBEIRAO PRETO;0;270040;GERALDA DE SOUZA ESPIN EMEF;Venezuela;1
MUNICIPAL;RIBEIRAO PRETO;RIBEIRAO PRETO;RIBEIRAO PRETO;0;288391;CAETANA SPINELLI MARTINS EMEI;Venezuela;4
MUNICIPAL;RIBEIRAO PRETO;RIBEIRAO PRETO;RIBEIRAO PRETO;0;435648;WANDA PRINCIVALLI MARCAL EMEI;Colômbia;1
MUNICIPAL;RIBEIRAO PRETO;RIBEIRAO PRETO;RIBEIRAO PRETO;0;446282;FAUSTINO JARRUCHE DR EMEF;Haiti;4
MUNICIPAL;RIBEIRAO PRETO;RIBEIRAO PRETO;RIBEIRAO PRETO;0;467911;SEBASTIAO DE AGUIAR AZEVEDO UNIDADE II;Paraguai;1
MUNICIPAL;RIBEIRAO PRETO;RIBEIRAO PRETO;RIBEIRAO PRETO;0;477624;JULIO CESAR VOLTARELLI DR EMEF;Colômbia;2
MUNICIPAL;RIBEIRAO PRETO;RIBEIRAO PRETO;RIBEIRAO PRETO;0;477624;JULIO CESAR VOLTARELLI DR EMEF;Paraguai;1
MUNICIPAL;RIBEIRAO PRETO;RIBEIRAO PRETO;RIBEIRAO PRETO;0;477624;JULIO CESAR VOLTARELLI DR EMEF;Venezuela;5
MUNICIPAL;SANTO ANASTACIO;EMILIANOPOLIS;EMILIANOPOLIS;0;240254;HILDA FIORESE DORNELAS PROFA EMEF;Japão;1
MUNICIPAL;SANTO ANASTACIO;PRESIDENTE BERNARDES;PRESIDENTE BERNARDES;0;215375;SYLAS GEDEAO COUTINHO EMEF;Portugal;1
MUNICIPAL;SANTO ANASTACIO;PRESIDENTE EPITACIO;PRESIDENTE EPITACIO;0;277502;WALDYR ROMEO DA SILVEIRA PROF EMEF;Japão;2
MUNICIPAL;SANTO ANASTACIO;PRESIDENTE EPITACIO;PRESIDENTE EPITACIO;54;94006;GERSON CONSTANTE DE OLIVEIRA PROF EMEJA;Paraguai;2
MUNICIPAL;SANTO ANASTACIO;PRESIDENTE VENCESLAU;PRESIDENTE VENCESLAU;0;300366;VILA ALVORADA EMEI DA;Colômbia;1
MUNICIPAL;SANTO ANASTACIO;PRESIDENTE VENCESLAU;PRESIDENTE VENCESLAU;0;436628;ALVARO COELHO DR EMEF;Japão;1
MUNICIPAL;SANTO ANASTACIO;SANTO ANASTACIO;SANTO ANASTACIO;0;429740;TERTULIANO DE AREA LEAO DR EMEF;Portugal;1
MUNICIPAL;SANTO ANDRE;SANTO ANDRE;SANTO ANDRE;0;6614;CRECHE CATA PRETA;Cabo Verde;1
MUNICIPAL;SANTO ANDRE;SANTO ANDRE;SANTO ANDRE;0;50611;HOMERO THON EMEIEF;Colômbia;2
MUNICIPAL;SANTO ANDRE;SANTO ANDRE;SANTO ANDRE;0;50611;HOMERO THON EMEIEF;Japão;1
MUNICIPAL;SANTO ANDRE;SANTO ANDRE;SANTO ANDRE;0;50635;FERNANDO GODAT PADRE EMEIEF;Cuba;3
MUNICIPAL;SANTO ANDRE;SANTO ANDRE;SANTO ANDRE;0;50659;CARLOS DRUMMOND DE ANDRADE EMEIEF;Japão;1
MUNICIPAL;SANTO ANDRE;SANTO ANDRE;SANTO ANDRE;0;50660;TARSILA DO AMARAL EMEIEF;Colômbia;1
MUNICIPAL;SANTO ANDRE;SANTO ANDRE;SANTO ANDRE;0;50660;TARSILA DO AMARAL EMEIEF;Síria;1
MUNICIPAL;SANTO ANDRE;SANTO ANDRE;SANTO ANDRE;0;61876;ESTEVAO DE FARIA RIBEIRO ARQUITETO EMEIEF;Espanha;1
MUNICIPAL;SANTO ANDRE;SANTO ANDRE;SANTO ANDRE;0;68081;JOSE MARIA SESTILHO MATTEI EMEIEF;Argentina;2
MUNICIPAL;SANTO ANDRE;SANTO ANDRE;SANTO ANDRE;0;68081;JOSE MARIA SESTILHO MATTEI EMEIEF;Venezuela;2
MUNICIPAL;SANTO ANDRE;SANTO ANDRE;SANTO ANDRE;0;70048;CAROLINA MARIA DE JESUS EMEIEF;Haiti;2
MUNICIPAL;SANTO ANDRE;SANTO ANDRE;SANTO ANDRE;0;70048;CAROLINA MARIA DE JESUS EMEIEF;Serra Leoa;1
MUNICIPAL;SANTO ANDRE;SANTO ANDRE;SANTO ANDRE;0;70075;ANTONIO VIRGILIO ZANIBONI PROF EMEIEF;Venezuela;1
MUNICIPAL;SANTO ANDRE;SANTO ANDRE;SANTO ANDRE;0;70087;JANUSZ KORCZAK DR EMEIEF;Colômbia;1
MUNICIPAL;SANTO ANDRE;SANTO ANDRE;SANTO ANDRE;0;70087;JANUSZ KORCZAK DR EMEIEF;Egipto;3
MUNICIPAL;SANTO ANDRE;SANTO ANDRE;SANTO ANDRE;0;70087;JANUSZ KORCZAK DR EMEIEF;Estados Unidos da América;1
MUNICIPAL;SANTO ANDRE;SANTO ANDRE;SANTO ANDRE;0;70099;CRECHE MUNICIPAL PROFESSORA EVANGELINA JORDAO LUPPI;Estados Unidos da América;1
MUNICIPAL;SANTO ANDRE;SANTO ANDRE;SANTO ANDRE;0;70099;CRECHE MUNICIPAL PROFESSORA EVANGELINA JORDAO LUPPI;Venezuela;2
MUNICIPAL;SANTO ANDRE;SANTO ANDRE;SANTO ANDRE;0;74019;CHICO MENDES EMEIEF;Bolívia;1
MUNICIPAL;SANTO ANDRE;SANTO ANDRE;SANTO ANDRE;0;74019;CHICO MENDES EMEIEF;Portugal;2
MUNICIPAL;SANTO ANDRE;SANTO ANDRE;SANTO ANDRE;0;80068;ELAINE CENA CHAVES MAIA PROFA EMEIEF;Venezuela;1
MUNICIPAL;SANTO ANDRE;SANTO ANDRE;SANTO ANDRE;0;82797;DARCY RIBEIRO EMEIEF;Bolívia;3
MUNICIPAL;SANTO ANDRE;SANTO ANDRE;SANTO ANDRE;0;82797;DARCY RIBEIRO EMEIEF;Japão;1
MUNICIPAL;SANTO ANDRE;SANTO ANDRE;SANTO ANDRE;0;82806;LUIZ GONZAGA EMEIEF;Espanha;2
MUNICIPAL;SANTO ANDRE;SANTO ANDRE;SANTO ANDRE;0;82806;LUIZ GONZAGA EMEIEF;Estados Unidos da América;1
MUNICIPAL;SANTO ANDRE;SANTO ANDRE;SANTO ANDRE;0;85716;JOSE LAZZARINI JUNIOR PROFESSOR EMEIEF;Síria;1
MUNICIPAL;SANTO ANDRE;SANTO ANDRE;SANTO ANDRE;0;85716;JOSE LAZZARINI JUNIOR PROFESSOR EMEIEF;Venezuela;1
MUNICIPAL;SANTO ANDRE;SANTO ANDRE;SANTO ANDRE;0;85736;PIERO POLLONE COMENDADOR EMEIEF;Colômbia;1
MUNICIPAL;SANTO ANDRE;SANTO ANDRE;SANTO ANDRE;0;85741;MACHADO DE ASSIS EMEIEF;Japão;1
MUNICIPAL;SANTO ANDRE;SANTO ANDRE;SANTO ANDRE;0;85753;VINICIUS DE MORAES EMEIEF;Japão;1
MUNICIPAL;SANTO ANDRE;SANTO ANDRE;SANTO ANDRE;0;87919;LUIZ SACILOTTO EMEIEF;Reino Unido da Grã-Bretanha e Irlanda do Norte;1
MUNICIPAL;SANTO ANDRE;SANTO ANDRE;SANTO ANDRE;0;91005;MANOEL DE OLIVEIRA VEREADOR EMEIEF;Venezuela;2
MUNICIPAL;SANTO ANDRE;SANTO ANDRE;SANTO ANDRE;0;95394;TERESA DE CALCUTA MADRE EMEIEF;Haiti;2
MUNICIPAL;SANTO ANDRE;SANTO ANDRE;SANTO ANDRE;0;198869;CENTRO PUBLICO DE FORMACAO PROFISSIONAL ARMANDO MAZZO;Chile;1
MUNICIPAL;SANTO ANDRE;SANTO ANDRE;SANTO ANDRE;0;205394;JOAO DO REGO CAVALCANTI MONS EMEIEF;Arábia Saudita;1
MUNICIPAL;SANTO ANDRE;SANTO ANDRE;SANTO ANDRE;0;232099;HERBERT DE SOUZA CRECHE;Colômbia;1
MUNICIPAL;SANTO ANDRE;SANTO ANDRE;SANTO ANDRE;0;232142;LAURA DIAS DE CAMARGO PROFA CRECHE;Arábia Saudita;1
MUNICIPAL;SANTO ANDRE;SANTO ANDRE;SANTO ANDRE;0;232178;ROSINA DA SILVA IRMA CRECHE;Colômbia;1
MUNICIPAL;SANTO ANDRE;SANTO ANDRE;SANTO ANDRE;0;232185;BETH LOBO CRECHE;Guiana Francesa;1
MUNICIPAL;SANTO ANDRE;SANTO ANDRE;SANTO ANDRE;0;232185;BETH LOBO CRECHE;Haiti;2
MUNICIPAL;SANTO ANDRE;SANTO ANDRE;SANTO ANDRE;0;232221;PROFESSOR MAXIMO MANSUR CRECHE;Venezuela;1
MUNICIPAL;SANTO ANDRE;SANTO ANDRE;SANTO ANDRE;0;248861;CORA CORALINA EMEIEF;Haiti;2
MUNICIPAL;SANTO ANDRE;SANTO ANDRE;SANTO ANDRE;0;248861;CORA CORALINA EMEIEF;Reino Unido da Grã-Bretanha e Irlanda do Norte;1
MUNICIPAL;SANTO ANDRE;SANTO ANDRE;SANTO ANDRE;0;258349;MIGUEL ARRAES GOVERNADOR CPFP;Haiti;10
MUNICIPAL;SANTO ANDRE;SANTO ANDRE;SANTO ANDRE;0;258957;VALDEMAR MATTEI CPF PROF TEC INFORMACAO SOFTWARE LIVRE;Bolívia;2
MUNICIPAL;SANTO ANDRE;SANTO ANDRE;SANTO ANDRE;0;274124;SILVIA ORTHOF EMEIEF;Colômbia;2
MUNICIPAL;SANTO ANDRE;SANTO ANDRE;SANTO ANDRE;0;436574;JOAO DE BARROS PINTO PROF EMEIEF;Colômbia;1
MUNICIPAL;SANTO ANDRE;SANTO ANDRE;SANTO ANDRE;0;436574;JOAO DE BARROS PINTO PROF EMEIEF;Haiti;47
MUNICIPAL;SANTO ANDRE;SANTO ANDRE;SANTO ANDRE;0;436574;JOAO DE BARROS PINTO PROF EMEIEF;Venezuela;2
MUNICIPAL;SANTO ANDRE;SANTO ANDRE;SANTO ANDRE;0;436604;JULIO NUNES NOGUEIRA PROF EMEIEF;Venezuela;1
MUNICIPAL;SANTO ANDRE;SANTO ANDRE;SANTO ANDRE;0;462068;PARQUE ANDREENSE EMEIEF DO;Venezuela;2
MUNICIPAL;SANTO ANDRE;SANTO ANDRE;SANTO ANDRE;0;464053;MARIA DELPHINA DE CARVALHO NEVES CRECHE MUNICIPAL;Bélgica;1
MUNICIPAL;SANTO ANDRE;SANTO ANDRE;SANTO ANDRE;0;584484;CRECHE SUELI LEAL BARROS;Venezuela;2
MUNICIPAL;SANTO ANDRE;UTINGA;SANTO ANDRE;0;82818;MARIA CECILIA DEZAN ROCHA PROFA EMEIEF;Guiné-Bissau;1
MUNICIPAL;SANTO ANDRE;UTINGA;SANTO ANDRE;0;82818;MARIA CECILIA DEZAN ROCHA PROFA EMEIEF;Haiti;1
MUNICIPAL;SANTOS;BERTIOGA;BERTIOGA;0;56285;ESCOLA MUNICIPAL PROFESSOR DELPHINO STOCKLER DE LIMA;Bangladesh;1
MUNICIPAL;SANTOS;BERTIOGA;BERTIOGA;0;207044;ESCOLA MUNICIPAL HILDA STRENGER RIBEIRO;Japão;1
MUNICIPAL;SANTOS;BERTIOGA;BERTIOGA;0;207056;BORACEIA EMEIF;Venezuela;1
MUNICIPAL;SANTOS;BERTIOGA;BERTIOGA;0;268768;BORACEIA NUCLEO DE EDUCACAO INFANTIL MUNICIPAL;Venezuela;1
MUNICIPAL;SANTOS;CUBATAO;CUBATAO;0;55815;ESTADO DO AMAZONAS UNIDADE MUNICIPAL DE ENSINO;Colômbia;1
MUNICIPAL;SANTOS;CUBATAO;CUBATAO;0;55852;BERNARDO JOSE MARIA LORENA UNIDADE MUNICIPAL DE ENSINO;Venezuela;3
MUNICIPAL;SANTOS;CUBATAO;CUBATAO;0;55888;JOSE DE ANCHIETA PADRE UNIDADE MUNICIPAL DE ENSINO;China;1
MUNICIPAL;SANTOS;CUBATAO;CUBATAO;0;92162;ESTADO DE MINAS GERAIS UNIDADE MUNICIPAL DE ENSINO;Venezuela;1
MUNICIPAL;SANTOS;CUBATAO;CUBATAO;0;257000;IVANILDO REBOUCAS DA SILVA ESCOLA TECNICA DE MUSICA E DANCA;Argentina;1
MUNICIPAL;SANTOS;GUARUJA;GUARUJA;0;55906;GLADSTON JAFET DOUTOR EMPGES;Portugal;1
MUNICIPAL;SANTOS;GUARUJA;GUARUJA;0;55931;ANTONIO FERREIRA DE ALMEIDA JUNIOR PROF ESCOLA MUNICIPAL;Venezuela;1
MUNICIPAL;SANTOS;GUARUJA;GUARUJA;0;82399;PAULO FREIRE ESCOLA MUNICIPAL;Equador;1
MUNICIPAL;SANTOS;GUARUJA;GUARUJA;0;282467;DIRCE VALERIO GRACIA PROFESSORA ESCOLA MUNICIPAL;Colômbia;1
MUNICIPAL;SANTOS;GUARUJA;GUARUJA;0;282467;DIRCE VALERIO GRACIA PROFESSORA ESCOLA MUNICIPAL;Japão;1
MUNICIPAL;SANTOS;GUARUJA;GUARUJA;0;307048;SERGIO PEREIRA RODRIGUES ESCOLA MUNICIPAL;Haiti;1
MUNICIPAL;SANTOS;GUARUJA;GUARUJA;0;307075;BENEDICTA BLAC GONZALEZ ESCOLA MUNICIPAL;Paraguai;1
MUNICIPAL;SANTOS;GUARUJA;GUARUJA;0;376723;CELSO RAIMUNDO JERONIMO NEIM;Venezuela;1
MUNICIPAL;SANTOS;SANTOS;SANTOS;0;56078;BARAO DO RIO BRANCO UNIDADE MUNICIPAL DE EDUCACAO;Rússia;1
MUNICIPAL;SANTOS;SANTOS;SANTOS;0;56108;JOSE GENESIO IRMAO UNIDADE MUNICIPAL DE EDUCACAO;Portugal;1
MUNICIPAL;SANTOS;SANTOS;SANTOS;0;56112;LOURDES ORTIZ UNIDADE MUNICIPAL DE EDUCACAO;Chile;1
MUNICIPAL;SANTOS;SANTOS;SANTOS;0;56133;OLAVO BILAC UNIDADE MUNICIPAL DE EDUCACAO;Venezuela;1
MUNICIPAL;SANTOS;SANTOS;SANTOS;0;56145;LEONARDO NUNES PADRE UNIDADE MUNICIPAL DE EDUCACAO;Paraguai;2
MUNICIPAL;SANTOS;SANTOS;SANTOS;0;56157;PEDRO II UNIDIDADE MUNICIPAL DE EDUCACAO;Espanha;1
MUNICIPAL;SANTOS;SANTOS;SANTOS;0;56170;MARIO DE ALMEIDA ALCANTARA PROF UNIDADE MUN DE EDUCACAO;Haiti;2
MUNICIPAL;SANTOS;SANTOS;SANTOS;0;56273;CELY DE MOURA NEGRINI PROFA UNIDADE MUNICIPAL DE EDUCACAO;Venezuela;1
MUNICIPAL;SANTOS;SANTOS;SANTOS;0;56297;EUNICE CALDAS UNIDADE MUNICIPAL DE EDUCACAO;Venezuela;1
MUNICIPAL;SANTOS;SANTOS;SANTOS;0;69619;EDMEA LADEVIG UNIDADE MUNICIPAL DE EDUCACAO;Portugal;1
MUNICIPAL;SANTOS;SANTOS;SANTOS;0;75668;AYRTON SENNA DA SILVA UNIDADE MUNICIPAL DE EDUCACAO;Estados Unidos da América;1
MUNICIPAL;SANTOS;SANTOS;SANTOS;0;75668;AYRTON SENNA DA SILVA UNIDADE MUNICIPAL DE EDUCACAO;Japão;1
MUNICIPAL;SANTOS;SANTOS;SANTOS;0;75668;AYRTON SENNA DA SILVA UNIDADE MUNICIPAL DE EDUCACAO;Portugal;1
MUNICIPAL;SANTOS;SANTOS;SANTOS;0;75668;AYRTON SENNA DA SILVA UNIDADE MUNICIPAL DE EDUCACAO;Reino Unido da Grã-Bretanha e Irlanda do Norte;1
MUNICIPAL;SANTOS;SANTOS;SANTOS;0;75668;AYRTON SENNA DA SILVA UNIDADE MUNICIPAL DE EDUCACAO;Venezuela;1
MUNICIPAL;SANTOS;SANTOS;SANTOS;0;75673;MARIA LUIZA ALONSO SILVA UNIDADE MUNICIPAL DE EDUCACAO;Itália;1
MUNICIPAL;SANTOS;SANTOS;SANTOS;0;75673;MARIA LUIZA ALONSO SILVA UNIDADE MUNICIPAL DE EDUCACAO;Rússia;2
MUNICIPAL;SANTOS;SANTOS;SANTOS;0;76843;GOTA DE LEITE UNIDIDADE MUNICIPAL DE EDUCACAO;Bolívia;1
MUNICIPAL;SANTOS;SANTOS;SANTOS;0;78906;MAGALI ALONSO PROFESSORA UNIDADE MUNICIPAL DE EDUCACAO;Venezuela;2
MUNICIPAL;SANTOS;SANTOS;SANTOS;0;78924;FLORESTAN FERNANDES PROFESSOR UNIDADE MUNICIPAL DE EDUCACAO;Peru;3
MUNICIPAL;SANTOS;SANTOS;SANTOS;0;78924;FLORESTAN FERNANDES PROFESSOR UNIDADE MUNICIPAL DE EDUCACAO;Portugal;1
MUNICIPAL;SANTOS;SANTOS;SANTOS;0;78924;FLORESTAN FERNANDES PROFESSOR UNIDADE MUNICIPAL DE EDUCACAO;Venezuela;1
MUNICIPAL;SANTOS;SANTOS;SANTOS;0;78931;NELSON DE TOLEDO PIZA DOUTOR UNIDADE MUNICIPAL DE EDUCACAO;Paraguai;1
MUNICIPAL;SANTOS;SANTOS;SANTOS;0;194864;OSWALDO JUSTO UNIDADE MUNICIPAL DE EDUCACAO;Japão;1
MUNICIPAL;SANTOS;SANTOS;SANTOS;0;203828;EMILIA MARIA REIS PROFA UNIDADE MUNICIPAL DE EDUCACAO;Venezuela;2
MUNICIPAL;SANTOS;SANTOS;SANTOS;0;203836;ANTONIO DEMOSTENES DE S BRITO PROF UNIDADE MUN DE EDUCACAO;Portugal;1
MUNICIPAL;SANTOS;SANTOS;SANTOS;0;207068;AVELINO DA PAZ VIEIRA PROF UME;Haiti;4
MUNICIPAL;SANTOS;SANTOS;SANTOS;0;207081;JOSE DA COSTA SILVA SOBRINHO DR UNIDADE MUN DE EDUCACAO;Haiti;2
MUNICIPAL;SANTOS;SANTOS;SANTOS;0;234849;GEMMA REBELLO UNIDADE MUNICIPAL DE EDUCACAO;Venezuela;2
MUNICIPAL;SANTOS;SANTOS;SANTOS;0;234862;JOSE DE SA PORTO PROFESSOR UNIDADE MUNICIPAL DE EDUCACAO;Venezuela;1
MUNICIPAL;SANTOS;SANTOS;SANTOS;0;234874;LYDIA FEDERICI UNIDADE MUNICIPAL DE EDUCACAO;Estados Unidos da América;1
MUNICIPAL;SANTOS;SANTOS;SANTOS;0;234874;LYDIA FEDERICI UNIDADE MUNICIPAL DE EDUCACAO;Venezuela;2
MUNICIPAL;SANTOS;SANTOS;SANTOS;0;245999;THEREZINHA DE JESUS SIQUEIRA PIMENTEL UNIDA MUN DE EDUCACAO;Venezuela;1
MUNICIPAL;SANTOS;SANTOS;SANTOS;0;355948;JOSE BONIFACIO UNIDADE MUNICIPAL DE EDUCACAO;Haiti;5
MUNICIPAL;SANTOS;SANTOS;SANTOS;0;363169;JOAO PAPA SOBRINHO PROFESSOR UNIDADE MUNICIPAL DE EDUCACAO;Paraguai;2
MUNICIPAL;SANTOS;SANTOS;SANTOS;0;429983;RUBENS LARA DEPUTADO UNIDADE MUNICIPAL DE EDUCACAO;Venezuela;1
MUNICIPAL;SANTOS;SANTOS;SANTOS;0;430614;DOS ANDRADAS II UNIDADE MUNICIPAL DE EDUCACAO;Colômbia;6
MUNICIPAL;SANTOS;SANTOS;SANTOS;0;430614;DOS ANDRADAS II UNIDADE MUNICIPAL DE EDUCACAO;Itália;2
MUNICIPAL;SANTOS;SANTOS;SANTOS;0;565726;COLEGIO SANTISTA UNIDADE MUNICIPAL DE EDUCACAO;Haiti;2
MUNICIPAL;SANTOS;SANTOS;SANTOS;44;440197;NUCLEO 2;Haiti;2
MUNICIPAL;SANTOS;SANTOS;SANTOS;44;481725;NUCLEO 10;Itália;1
MUNICIPAL;SANTOS;VICENTE DE CARVALHO;GUARUJA;0;69590;GIUSFREDO SANTINI ESCOLA MUNICIPAL;Cuba;1
MUNICIPAL;SANTOS;VICENTE DE CARVALHO;GUARUJA;0;77227;LUCIA FLORA DOS SANTOS PROFESSORA ESCOLA MUNICIPAL;Peru;1
MUNICIPAL;SANTOS;VICENTE DE CARVALHO;GUARUJA;0;85844;OSWALDO CRUZ DOUTOR ESCOLA MUNICIPAL UNIDADE II;Espanha;1
MUNICIPAL;SANTOS;VICENTE DE CARVALHO;GUARUJA;0;117298;JOAO DE OLIVEIRA PROFESSOR ESCOLA MUNICIPAL;Cuba;1
MUNICIPAL;SAO BERNARDO DO CAMPO;RIACHO GRANDE;SAO BERNARDO DO CAMPO;0;242073;SUZETE APARECIDA DE CAMPOS PROFA EMEB;Haiti;6
MUNICIPAL;SAO BERNARDO DO CAMPO;SAO BERNARDO DO CAMPO;SAO BERNARDO DO CAMPO;0;50738;CARLOS GOMES EMEB;Venezuela;2
MUNICIPAL;SAO BERNARDO DO CAMPO;SAO BERNARDO DO CAMPO;SAO BERNARDO DO CAMPO;0;50751;THALES DE ANDRADE EMEB;Haiti;1
MUNICIPAL;SAO BERNARDO DO CAMPO;SAO BERNARDO DO CAMPO;SAO BERNARDO DO CAMPO;0;50805;GRACILIANO RAMOS EMEB;Venezuela;2
MUNICIPAL;SAO BERNARDO DO CAMPO;SAO BERNARDO DO CAMPO;SAO BERNARDO DO CAMPO;0;50842;CAETANO DE CAMPOS EMEB;Venezuela;1
MUNICIPAL;SAO BERNARDO DO CAMPO;SAO BERNARDO DO CAMPO;SAO BERNARDO DO CAMPO;0;50945;MARIO DE ANDRADE EMEB;Arábia Saudita;1
MUNICIPAL;SAO BERNARDO DO CAMPO;SAO BERNARDO DO CAMPO;SAO BERNARDO DO CAMPO;0;50945;MARIO DE ANDRADE EMEB;Argentina;1
MUNICIPAL;SAO BERNARDO DO CAMPO;SAO BERNARDO DO CAMPO;SAO BERNARDO DO CAMPO;0;50945;MARIO DE ANDRADE EMEB;Egipto;2
MUNICIPAL;SAO BERNARDO DO CAMPO;SAO BERNARDO DO CAMPO;SAO BERNARDO DO CAMPO;0;50945;MARIO DE ANDRADE EMEB;Haiti;1
MUNICIPAL;SAO BERNARDO DO CAMPO;SAO BERNARDO DO CAMPO;SAO BERNARDO DO CAMPO;0;50945;MARIO DE ANDRADE EMEB;Líbano;1
MUNICIPAL;SAO BERNARDO DO CAMPO;SAO BERNARDO DO CAMPO;SAO BERNARDO DO CAMPO;0;50945;MARIO DE ANDRADE EMEB;Líbia;2
MUNICIPAL;SAO BERNARDO DO CAMPO;SAO BERNARDO DO CAMPO;SAO BERNARDO DO CAMPO;0;50945;MARIO DE ANDRADE EMEB;Reino Unido da Grã-Bretanha e Irlanda do Norte;2
MUNICIPAL;SAO BERNARDO DO CAMPO;SAO BERNARDO DO CAMPO;SAO BERNARDO DO CAMPO;0;50945;MARIO DE ANDRADE EMEB;Síria;1
MUNICIPAL;SAO BERNARDO DO CAMPO;SAO BERNARDO DO CAMPO;SAO BERNARDO DO CAMPO;0;50945;MARIO DE ANDRADE EMEB;Venezuela;3
MUNICIPAL;SAO BERNARDO DO CAMPO;SAO BERNARDO DO CAMPO;SAO BERNARDO DO CAMPO;0;50957;VINICIUS DE MORAES EMEB;Emiratos Árabes Unidos;1
MUNICIPAL;SAO BERNARDO DO CAMPO;SAO BERNARDO DO CAMPO;SAO BERNARDO DO CAMPO;0;50982;CASTRO ALVES EMEB;Líbia;1
MUNICIPAL;SAO BERNARDO DO CAMPO;SAO BERNARDO DO CAMPO;SAO BERNARDO DO CAMPO;0;50982;CASTRO ALVES EMEB;Síria;2
MUNICIPAL;SAO BERNARDO DO CAMPO;SAO BERNARDO DO CAMPO;SAO BERNARDO DO CAMPO;0;51007;LEONARDO NUNES PADRE EMEB;Síria;2
MUNICIPAL;SAO BERNARDO DO CAMPO;SAO BERNARDO DO CAMPO;SAO BERNARDO DO CAMPO;0;51007;LEONARDO NUNES PADRE EMEB;Venezuela;2
MUNICIPAL;SAO BERNARDO DO CAMPO;SAO BERNARDO DO CAMPO;SAO BERNARDO DO CAMPO;0;51019;KIYOSHI TANAKA VEREADOR EMEB;Reino Unido da Grã-Bretanha e Irlanda do Norte;1
MUNICIPAL;SAO BERNARDO DO CAMPO;SAO BERNARDO DO CAMPO;SAO BERNARDO DO CAMPO;0;51056;ALDINO PINOTTI EMEB;Líbia;1
MUNICIPAL;SAO BERNARDO DO CAMPO;SAO BERNARDO DO CAMPO;SAO BERNARDO DO CAMPO;0;51056;ALDINO PINOTTI EMEB;Suécia;1
MUNICIPAL;SAO BERNARDO DO CAMPO;SAO BERNARDO DO CAMPO;SAO BERNARDO DO CAMPO;0;51056;ALDINO PINOTTI EMEB;Ucrânia;2
MUNICIPAL;SAO BERNARDO DO CAMPO;SAO BERNARDO DO CAMPO;SAO BERNARDO DO CAMPO;0;51056;ALDINO PINOTTI EMEB;Venezuela;1
MUNICIPAL;SAO BERNARDO DO CAMPO;SAO BERNARDO DO CAMPO;SAO BERNARDO DO CAMPO;0;79085;MARLY BUISSA CHIEDDE EMEB;Portugal;1
MUNICIPAL;SAO BERNARDO DO CAMPO;SAO BERNARDO DO CAMPO;SAO BERNARDO DO CAMPO;0;79091;NEUSA BASSETTO EMEBB;Angola;1
MUNICIPAL;SAO BERNARDO DO CAMPO;SAO BERNARDO DO CAMPO;SAO BERNARDO DO CAMPO;0;82338;CLAUDEMIR GOMES DO VALE PROF EMEB;Venezuela;4
MUNICIPAL;SAO BERNARDO DO CAMPO;SAO BERNARDO DO CAMPO;SAO BERNARDO DO CAMPO;0;91017;ANTONIO DE LIMA EMEB;Estados Unidos da América;1
MUNICIPAL;SAO BERNARDO DO CAMPO;SAO BERNARDO DO CAMPO;SAO BERNARDO DO CAMPO;0;93919;HELENA ZANFELICI DA SILVA EMEB;África do Sul;2
MUNICIPAL;SAO BERNARDO DO CAMPO;SAO BERNARDO DO CAMPO;SAO BERNARDO DO CAMPO;0;99326;FERNANDO PESSOA EMEB;Venezuela;2
MUNICIPAL;SAO BERNARDO DO CAMPO;SAO BERNARDO DO CAMPO;SAO BERNARDO DO CAMPO;0;200189;BRUNO MASSONE EMEB;Venezuela;1
MUNICIPAL;SAO BERNARDO DO CAMPO;SAO BERNARDO DO CAMPO;SAO BERNARDO DO CAMPO;0;217505;FIORENTE ELENA PADRE EMEB;Venezuela;2
MUNICIPAL;SAO BERNARDO DO CAMPO;SAO BERNARDO DO CAMPO;SAO BERNARDO DO CAMPO;0;217517;FLORESTAN FERNANDES PROFESSOR EMEB;Venezuela;1
MUNICIPAL;SAO BERNARDO DO CAMPO;SAO BERNARDO DO CAMPO;SAO BERNARDO DO CAMPO;0;217529;JANDIRA MARIA CASONATO PROFESSORA EMEB;Argentina;2
MUNICIPAL;SAO BERNARDO DO CAMPO;SAO BERNARDO DO CAMPO;SAO BERNARDO DO CAMPO;0;217530;JOSE GETULIO ESCOBAR BUENO PROF EMEB;Japão;1
MUNICIPAL;SAO BERNARDO DO CAMPO;SAO BERNARDO DO CAMPO;SAO BERNARDO DO CAMPO;0;217530;JOSE GETULIO ESCOBAR BUENO PROF EMEB;Venezuela;2
MUNICIPAL;SAO BERNARDO DO CAMPO;SAO BERNARDO DO CAMPO;SAO BERNARDO DO CAMPO;0;217566;JULIO ATLAS ESCRITOR EMEB;Venezuela;2
MUNICIPAL;SAO BERNARDO DO CAMPO;SAO BERNARDO DO CAMPO;SAO BERNARDO DO CAMPO;0;217578;MARIA JUSTINA DE CAMARGO PROFA EMEB;Haiti;19
MUNICIPAL;SAO BERNARDO DO CAMPO;SAO BERNARDO DO CAMPO;SAO BERNARDO DO CAMPO;0;217612;PEDRO AUGUSTO GOMES CARDIM PROF EMEB;Estados Unidos da América;1
MUNICIPAL;SAO BERNARDO DO CAMPO;SAO BERNARDO DO CAMPO;SAO BERNARDO DO CAMPO;0;217633;VICENTE ZAMMITE MAMMANA DR EMEB;Haiti;3
MUNICIPAL;SAO BERNARDO DO CAMPO;SAO BERNARDO DO CAMPO;SAO BERNARDO DO CAMPO;0;217645;ALDINO PINOTTI PREFEITO EMEB;Argentina;1
MUNICIPAL;SAO BERNARDO DO CAMPO;SAO BERNARDO DO CAMPO;SAO BERNARDO DO CAMPO;0;217645;ALDINO PINOTTI PREFEITO EMEB;Portugal;1
MUNICIPAL;SAO BERNARDO DO CAMPO;SAO BERNARDO DO CAMPO;SAO BERNARDO DO CAMPO;0;217657;ANNITA MAGRINI GUEDES PROFA EMEB;Argentina;2
MUNICIPAL;SAO BERNARDO DO CAMPO;SAO BERNARDO DO CAMPO;SAO BERNARDO DO CAMPO;0;217657;ANNITA MAGRINI GUEDES PROFA EMEB;Egipto;2
MUNICIPAL;SAO BERNARDO DO CAMPO;SAO BERNARDO DO CAMPO;SAO BERNARDO DO CAMPO;0;217670;GERALDO HYPOLITO PROFESSOR EMEB;Arábia Saudita;1
MUNICIPAL;SAO BERNARDO DO CAMPO;SAO BERNARDO DO CAMPO;SAO BERNARDO DO CAMPO;0;217670;GERALDO HYPOLITO PROFESSOR EMEB;Egipto;1
MUNICIPAL;SAO BERNARDO DO CAMPO;SAO BERNARDO DO CAMPO;SAO BERNARDO DO CAMPO;0;217670;GERALDO HYPOLITO PROFESSOR EMEB;Estados Unidos da América;1
MUNICIPAL;SAO BERNARDO DO CAMPO;SAO BERNARDO DO CAMPO;SAO BERNARDO DO CAMPO;0;217670;GERALDO HYPOLITO PROFESSOR EMEB;Síria;6
MUNICIPAL;SAO BERNARDO DO CAMPO;SAO BERNARDO DO CAMPO;SAO BERNARDO DO CAMPO;0;217682;GOFREDO TEIXEIRA DA SILVA EMEB;Venezuela;1
MUNICIPAL;SAO BERNARDO DO CAMPO;SAO BERNARDO DO CAMPO;SAO BERNARDO DO CAMPO;0;217700;MARIA ADELAIDE EMEB;Líbano;2
MUNICIPAL;SAO BERNARDO DO CAMPO;SAO BERNARDO DO CAMPO;SAO BERNARDO DO CAMPO;0;217700;MARIA ADELAIDE EMEB;Síria;4
MUNICIPAL;SAO BERNARDO DO CAMPO;SAO BERNARDO DO CAMPO;SAO BERNARDO DO CAMPO;0;217700;MARIA ADELAIDE EMEB;Venezuela;2
MUNICIPAL;SAO BERNARDO DO CAMPO;SAO BERNARDO DO CAMPO;SAO BERNARDO DO CAMPO;0;217724;MARIO MARTINS DE ALMEIDA EMEB;Chile;1
MUNICIPAL;SAO BERNARDO DO CAMPO;SAO BERNARDO DO CAMPO;SAO BERNARDO DO CAMPO;0;217724;MARIO MARTINS DE ALMEIDA EMEB;Palestina;1
MUNICIPAL;SAO BERNARDO DO CAMPO;SAO BERNARDO DO CAMPO;SAO BERNARDO DO CAMPO;0;217724;MARIO MARTINS DE ALMEIDA EMEB;Síria;2
MUNICIPAL;SAO BERNARDO DO CAMPO;SAO BERNARDO DO CAMPO;SAO BERNARDO DO CAMPO;0;217748;VIRIATO CORREIA EMEB;Haiti;10
MUNICIPAL;SAO BERNARDO DO CAMPO;SAO BERNARDO DO CAMPO;SAO BERNARDO DO CAMPO;0;217748;VIRIATO CORREIA EMEB;Japão;2
MUNICIPAL;SAO BERNARDO DO CAMPO;SAO BERNARDO DO CAMPO;SAO BERNARDO DO CAMPO;0;227924;MARCOS ROGERIO DA ROSA EMEB;Venezuela;1
MUNICIPAL;SAO BERNARDO DO CAMPO;SAO BERNARDO DO CAMPO;SAO BERNARDO DO CAMPO;0;227936;NEUSA MACELLARO CALLADO MORAES PROFA EMEB;Bolívia;1
MUNICIPAL;SAO BERNARDO DO CAMPO;SAO BERNARDO DO CAMPO;SAO BERNARDO DO CAMPO;0;227997;ERMINIA PAGGI PROFESSORA EMEB;China;2
MUNICIPAL;SAO BERNARDO DO CAMPO;SAO BERNARDO DO CAMPO;SAO BERNARDO DO CAMPO;0;229891;ROSA DE PACCE DOS SANTOS PROFA EMEB;Venezuela;1
MUNICIPAL;SAO BERNARDO DO CAMPO;SAO BERNARDO DO CAMPO;SAO BERNARDO DO CAMPO;0;242020;ARLINDO MIGUEL TEIXEIRA EMEB;Bolívia;1
MUNICIPAL;SAO BERNARDO DO CAMPO;SAO BERNARDO DO CAMPO;SAO BERNARDO DO CAMPO;0;242056;EDSON DANILLO DOTTO EMEB;Bolívia;1
MUNICIPAL;SAO BERNARDO DO CAMPO;SAO BERNARDO DO CAMPO;SAO BERNARDO DO CAMPO;0;242056;EDSON DANILLO DOTTO EMEB;Haiti;1
MUNICIPAL;SAO BERNARDO DO CAMPO;SAO BERNARDO DO CAMPO;SAO BERNARDO DO CAMPO;0;246448;ANGELO CERONI PADRE EMEB;Venezuela;1
MUNICIPAL;SAO BERNARDO DO CAMPO;SAO BERNARDO DO CAMPO;SAO BERNARDO DO CAMPO;0;246451;PAULO FREIRE PROFESSOR EMEB;Portugal;1
MUNICIPAL;SAO BERNARDO DO CAMPO;SAO BERNARDO DO CAMPO;SAO BERNARDO DO CAMPO;0;278518;FLAMINIO ARAUJO DE CASTRO RANGEL ESTUDANTE EMEB;Congo, República Democrática do (antigo Zaire);1
MUNICIPAL;SAO BERNARDO DO CAMPO;SAO BERNARDO DO CAMPO;SAO BERNARDO DO CAMPO;0;278531;LOPES TROVAO EMEB;Haiti;1
MUNICIPAL;SAO BERNARDO DO CAMPO;SAO BERNARDO DO CAMPO;SAO BERNARDO DO CAMPO;0;281979;NADIA APARECIDA ISSA PINA PROFA EMEB;Estados Unidos da América;1
MUNICIPAL;SAO BERNARDO DO CAMPO;SAO BERNARDO DO CAMPO;SAO BERNARDO DO CAMPO;0;281979;NADIA APARECIDA ISSA PINA PROFA EMEB;Líbano;1
MUNICIPAL;SAO BERNARDO DO CAMPO;SAO BERNARDO DO CAMPO;SAO BERNARDO DO CAMPO;0;281979;NADIA APARECIDA ISSA PINA PROFA EMEB;Venezuela;1
MUNICIPAL;SAO BERNARDO DO CAMPO;SAO BERNARDO DO CAMPO;SAO BERNARDO DO CAMPO;0;281992;ARI LACERDA RODRIGUES EMEB;Venezuela;2
MUNICIPAL;SAO BERNARDO DO CAMPO;SAO BERNARDO DO CAMPO;SAO BERNARDO DO CAMPO;0;282005;BOSKO PRERADOVIC EMEB;Equador;1
MUNICIPAL;SAO BERNARDO DO CAMPO;SAO BERNARDO DO CAMPO;SAO BERNARDO DO CAMPO;0;282005;BOSKO PRERADOVIC EMEB;Venezuela;7
MUNICIPAL;SAO BERNARDO DO CAMPO;SAO BERNARDO DO CAMPO;SAO BERNARDO DO CAMPO;0;282017;ALFREDO SCARPELLI EMEB;Venezuela;2
MUNICIPAL;SAO BERNARDO DO CAMPO;SAO BERNARDO DO CAMPO;SAO BERNARDO DO CAMPO;0;282923;MARINEIDA MENEGHELLI DE LUCCA PROFA EMEB;Venezuela;1
MUNICIPAL;SAO BERNARDO DO CAMPO;SAO BERNARDO DO CAMPO;SAO BERNARDO DO CAMPO;0;385273;ODETE MARIA RAMOS PINTO IRMA EMEB;Venezuela;4
MUNICIPAL;SAO BERNARDO DO CAMPO;SAO BERNARDO DO CAMPO;SAO BERNARDO DO CAMPO;0;448059;KAROLINA ZOFIA LEWANDOWSKA EMEB;Haiti;1
MUNICIPAL;SAO BERNARDO DO CAMPO;SAO BERNARDO DO CAMPO;SAO BERNARDO DO CAMPO;0;448059;KAROLINA ZOFIA LEWANDOWSKA EMEB;Venezuela;1
MUNICIPAL;SAO BERNARDO DO CAMPO;SAO BERNARDO DO CAMPO;SAO BERNARDO DO CAMPO;0;448072;OLEGARIO JOSE GODOY SOROCABINHA EMEB;Angola;1
MUNICIPAL;SAO BERNARDO DO CAMPO;SAO BERNARDO DO CAMPO;SAO BERNARDO DO CAMPO;0;452427;MARIA ADELAIDE ROSSI EMEB;Egipto;2
MUNICIPAL;SAO BERNARDO DO CAMPO;SAO BERNARDO DO CAMPO;SAO BERNARDO DO CAMPO;0;452427;MARIA ADELAIDE ROSSI EMEB;Libéria;2
MUNICIPAL;SAO BERNARDO DO CAMPO;SAO BERNARDO DO CAMPO;SAO BERNARDO DO CAMPO;0;452427;MARIA ADELAIDE ROSSI EMEB;Líbia;4
MUNICIPAL;SAO BERNARDO DO CAMPO;SAO BERNARDO DO CAMPO;SAO BERNARDO DO CAMPO;0;452427;MARIA ADELAIDE ROSSI EMEB;Palestina;6
MUNICIPAL;SAO BERNARDO DO CAMPO;SAO BERNARDO DO CAMPO;SAO BERNARDO DO CAMPO;0;452427;MARIA ADELAIDE ROSSI EMEB;Síria;11
MUNICIPAL;SAO BERNARDO DO CAMPO;SAO BERNARDO DO CAMPO;SAO BERNARDO DO CAMPO;0;452452;ESPACO CIDADANIA EMEB;Senegal;2
MUNICIPAL;SAO BERNARDO DO CAMPO;SAO BERNARDO DO CAMPO;SAO BERNARDO DO CAMPO;0;452452;ESPACO CIDADANIA EMEB;Síria;1
MUNICIPAL;SAO BERNARDO DO CAMPO;SAO BERNARDO DO CAMPO;SAO BERNARDO DO CAMPO;0;469750;REGINA ROCCO BLOCO I EMEB;Espanha;1
MUNICIPAL;SAO BERNARDO DO CAMPO;SAO BERNARDO DO CAMPO;SAO BERNARDO DO CAMPO;0;469750;REGINA ROCCO BLOCO I EMEB;Venezuela;2
MUNICIPAL;SAO BERNARDO DO CAMPO;SAO CAETANO DO SUL;SAO CAETANO DO SUL;0;4465;ESCOLA MUNICIPAL DE EDUCACAO INFANTIL JOSE AURICCHIO;Estados Unidos da América;2
MUNICIPAL;SAO BERNARDO DO CAMPO;SAO CAETANO DO SUL;SAO CAETANO DO SUL;0;4465;ESCOLA MUNICIPAL DE EDUCACAO INFANTIL JOSE AURICCHIO;Haiti;1
MUNICIPAL;SAO BERNARDO DO CAMPO;SAO CAETANO DO SUL;SAO CAETANO DO SUL;0;6027;COLEGIO UNIVERSITARIO DA UNIVERSIDADE MUNICIPAL DE SAO CAETANO DO SUL;Colômbia;1
MUNICIPAL;SAO BERNARDO DO CAMPO;SAO CAETANO DO SUL;SAO CAETANO DO SUL;0;6027;COLEGIO UNIVERSITARIO DA UNIVERSIDADE MUNICIPAL DE SAO CAETANO DO SUL;Japão;1
MUNICIPAL;SAO BERNARDO DO CAMPO;SAO CAETANO DO SUL;SAO CAETANO DO SUL;0;6027;COLEGIO UNIVERSITARIO DA UNIVERSIDADE MUNICIPAL DE SAO CAETANO DO SUL;Venezuela;1
MUNICIPAL;SAO BERNARDO DO CAMPO;SAO CAETANO DO SUL;SAO CAETANO DO SUL;0;51147;ALCINA DANTAS FEIJAO PROFA ESCOLA MUNICIPAL DE ENSINO;Espanha;1
MUNICIPAL;SAO BERNARDO DO CAMPO;SAO CAETANO DO SUL;SAO CAETANO DO SUL;0;51147;ALCINA DANTAS FEIJAO PROFA ESCOLA MUNICIPAL DE ENSINO;Estados Unidos da América;1
MUNICIPAL;SAO BERNARDO DO CAMPO;SAO CAETANO DO SUL;SAO CAETANO DO SUL;0;51147;ALCINA DANTAS FEIJAO PROFA ESCOLA MUNICIPAL DE ENSINO;Japão;2
MUNICIPAL;SAO BERNARDO DO CAMPO;SAO CAETANO DO SUL;SAO CAETANO DO SUL;0;51147;ALCINA DANTAS FEIJAO PROFA ESCOLA MUNICIPAL DE ENSINO;Reino Unido da Grã-Bretanha e Irlanda do Norte;1
MUNICIPAL;SAO BERNARDO DO CAMPO;SAO CAETANO DO SUL;SAO CAETANO DO SUL;0;51147;ALCINA DANTAS FEIJAO PROFA ESCOLA MUNICIPAL DE ENSINO;Venezuela;1
MUNICIPAL;SAO BERNARDO DO CAMPO;SAO CAETANO DO SUL;SAO CAETANO DO SUL;0;51251;IRINEU DA SILVA EMEI;Japão;1
MUNICIPAL;SAO BERNARDO DO CAMPO;SAO CAETANO DO SUL;SAO CAETANO DO SUL;0;51366;PEDRO JOSE LORENZINI EMEI;Bolívia;1
MUNICIPAL;SAO BERNARDO DO CAMPO;SAO CAETANO DO SUL;SAO CAETANO DO SUL;0;122750;LUIZ OLINTO TORTORELLO EMEF;Estados Unidos da América;1
MUNICIPAL;SAO BERNARDO DO CAMPO;SAO CAETANO DO SUL;SAO CAETANO DO SUL;0;265111;FUNDACAO DAS ARTES DE SAO CAETANO DO SUL;Argentina;2
MUNICIPAL;SAO BERNARDO DO CAMPO;SAO CAETANO DO SUL;SAO CAETANO DO SUL;0;298372;28 DE JULHO EMEF;Colômbia;2
MUNICIPAL;SAO BERNARDO DO CAMPO;SAO CAETANO DO SUL;SAO CAETANO DO SUL;0;298372;28 DE JULHO EMEF;Cuba;2
MUNICIPAL;SAO BERNARDO DO CAMPO;SAO CAETANO DO SUL;SAO CAETANO DO SUL;0;298384;BARTOLOMEU BUENO DA SILVA EMEF;Argentina;1
MUNICIPAL;SAO BERNARDO DO CAMPO;SAO CAETANO DO SUL;SAO CAETANO DO SUL;0;298384;BARTOLOMEU BUENO DA SILVA EMEF;Bolívia;1
MUNICIPAL;SAO BERNARDO DO CAMPO;SAO CAETANO DO SUL;SAO CAETANO DO SUL;0;298384;BARTOLOMEU BUENO DA SILVA EMEF;Estados Unidos da América;1
MUNICIPAL;SAO BERNARDO DO CAMPO;SAO CAETANO DO SUL;SAO CAETANO DO SUL;0;298384;BARTOLOMEU BUENO DA SILVA EMEF;Peru;2
MUNICIPAL;SAO BERNARDO DO CAMPO;SAO CAETANO DO SUL;SAO CAETANO DO SUL;0;298384;BARTOLOMEU BUENO DA SILVA EMEF;Portugal;1
MUNICIPAL;SAO BERNARDO DO CAMPO;SAO CAETANO DO SUL;SAO CAETANO DO SUL;0;298396;BENEDITO PAULO ALVES DE SOUZA EMEF;Estados Unidos da América;1
MUNICIPAL;SAO BERNARDO DO CAMPO;SAO CAETANO DO SUL;SAO CAETANO DO SUL;0;298402;DECIO MACHADO GAIA PROF EMEF;Argentina;1
MUNICIPAL;SAO BERNARDO DO CAMPO;SAO CAETANO DO SUL;SAO CAETANO DO SUL;0;298402;DECIO MACHADO GAIA PROF EMEF;França;2
MUNICIPAL;SAO BERNARDO DO CAMPO;SAO CAETANO DO SUL;SAO CAETANO DO SUL;0;298438;OSWALDO SAMUEL MASSEI EMEF;Estados Unidos da América;1
MUNICIPAL;SAO BERNARDO DO CAMPO;SAO CAETANO DO SUL;SAO CAETANO DO SUL;0;298451;ROSALVITO COBRA EMEF;Japão;1
MUNICIPAL;SAO BERNARDO DO CAMPO;SAO CAETANO DO SUL;SAO CAETANO DO SUL;0;298451;ROSALVITO COBRA EMEF;Portugal;1
MUNICIPAL;SAO BERNARDO DO CAMPO;SAO CAETANO DO SUL;SAO CAETANO DO SUL;0;298463;SENADOR FLAQUER EMEF;Japão;2
MUNICIPAL;SAO BERNARDO DO CAMPO;SAO CAETANO DO SUL;SAO CAETANO DO SUL;0;298463;SENADOR FLAQUER EMEF;Líbia;1
MUNICIPAL;SAO BERNARDO DO CAMPO;SAO CAETANO DO SUL;SAO CAETANO DO SUL;0;298463;SENADOR FLAQUER EMEF;Portugal;1
MUNICIPAL;SAO BERNARDO DO CAMPO;SAO CAETANO DO SUL;SAO CAETANO DO SUL;0;298463;SENADOR FLAQUER EMEF;Síria;1
MUNICIPAL;SAO BERNARDO DO CAMPO;SAO CAETANO DO SUL;SAO CAETANO DO SUL;0;334662;ELVIRA PAOLILO BRAIDO EMEF;Espanha;2
MUNICIPAL;SAO BERNARDO DO CAMPO;SAO CAETANO DO SUL;SAO CAETANO DO SUL;0;334662;ELVIRA PAOLILO BRAIDO EMEF;Japão;1
MUNICIPAL;SAO BERNARDO DO CAMPO;SAO CAETANO DO SUL;SAO CAETANO DO SUL;0;430651;OLYNTHO VOLTARELLI FILHO PROF EMEF;Colômbia;1
MUNICIPAL;SAO BERNARDO DO CAMPO;SAO CAETANO DO SUL;SAO CAETANO DO SUL;0;430651;OLYNTHO VOLTARELLI FILHO PROF EMEF;Japão;1
MUNICIPAL;SAO BERNARDO DO CAMPO;SAO CAETANO DO SUL;SAO CAETANO DO SUL;0;430651;OLYNTHO VOLTARELLI FILHO PROF EMEF;Uruguai;1
MUNICIPAL;SAO BERNARDO DO CAMPO;SAO CAETANO DO SUL;SAO CAETANO DO SUL;0;430651;OLYNTHO VOLTARELLI FILHO PROF EMEF;Venezuela;1
MUNICIPAL;SAO BERNARDO DO CAMPO;SAO CAETANO DO SUL;SAO CAETANO DO SUL;0;477904;OSCAR NIEMEYER ARQUITETO EMEFM;Colômbia;1
MUNICIPAL;SAO BERNARDO DO CAMPO;SAO CAETANO DO SUL;SAO CAETANO DO SUL;0;477904;OSCAR NIEMEYER ARQUITETO EMEFM;Japão;1
MUNICIPAL;SAO BERNARDO DO CAMPO;SAO CAETANO DO SUL;SAO CAETANO DO SUL;0;477904;OSCAR NIEMEYER ARQUITETO EMEFM;Síria;2
MUNICIPAL;SAO BERNARDO DO CAMPO;SAO CAETANO DO SUL;SAO CAETANO DO SUL;0;477904;OSCAR NIEMEYER ARQUITETO EMEFM;Suíça;1
MUNICIPAL;SAO CARLOS;BELA VISTA SAO-CARLENSE;SAO CARLOS;0;71948;CARMELITA ROCHA RAMALHO CEMEI;Venezuela;2
MUNICIPAL;SAO CARLOS;BELA VISTA SAO-CARLENSE;SAO CARLOS;0;91984;VICTORIO RIBUCCI PROF CEMEI;Venezuela;1
MUNICIPAL;SAO CARLOS;DOURADO;DOURADO;0;247085;MARIA DO CARMO BALESTERO GUTIERRE EMEI;França;2
MUNICIPAL;SAO CARLOS;IBATE;IBATE;0;50490;EM PROFA ALICE ROSSITO CERVONI;Japão;1
MUNICIPAL;SAO CARLOS;RIBEIRAO BONITO;RIBEIRAO BONITO;0;226129;EM PROFA MARIA APPARECIDA SOUSA CAMPOS;Japão;2
MUNICIPAL;SAO CARLOS;SAO CARLOS;SAO CARLOS;0;50544;WALTER BLANCO CEMEI;Suécia;1
MUNICIPAL;SAO CARLOS;SAO CARLOS;SAO CARLOS;0;50544;WALTER BLANCO CEMEI;Venezuela;1
MUNICIPAL;SAO CARLOS;SAO CARLOS;SAO CARLOS;0;63514;ARACY LEITE PEREIRA LOPES CEMEI;Índia;1
MUNICIPAL;SAO CARLOS;SAO CARLOS;SAO CARLOS;0;63514;ARACY LEITE PEREIRA LOPES CEMEI;Venezuela;2
MUNICIPAL;SAO CARLOS;SAO CARLOS;SAO CARLOS;0;71959;MANOEL TOBIAS CONEGO CEMEI;Suriname;1
MUNICIPAL;SAO CARLOS;SAO CARLOS;SAO CARLOS;0;71959;MANOEL TOBIAS CONEGO CEMEI;Venezuela;1
MUNICIPAL;SAO CARLOS;SAO CARLOS;SAO CARLOS;0;77461;CARMINE BOTTA EMEB;Colômbia;2
MUNICIPAL;SAO CARLOS;SAO CARLOS;SAO CARLOS;0;77461;CARMINE BOTTA EMEB;Haiti;2
MUNICIPAL;SAO CARLOS;SAO CARLOS;SAO CARLOS;0;77495;DALILA GALLI PROFA EMEB;Colômbia;1
MUNICIPAL;SAO CARLOS;SAO CARLOS;SAO CARLOS;0;77495;DALILA GALLI PROFA EMEB;Japão;3
MUNICIPAL;SAO CARLOS;SAO CARLOS;SAO CARLOS;0;77495;DALILA GALLI PROFA EMEB;Venezuela;3
MUNICIPAL;SAO CARLOS;SAO CARLOS;SAO CARLOS;0;91911;JOAO BAPTISTA PAINO CEMEI;Venezuela;1
MUNICIPAL;SAO CARLOS;SAO CARLOS;SAO CARLOS;0;91947;JOAO JORGE MARMORATO PROF CEMEI;Venezuela;1
MUNICIPAL;SAO CARLOS;SAO CARLOS;SAO CARLOS;0;91959;JULIEN FAUVEL PROF CEMEI;Nigéria;1
MUNICIPAL;SAO CARLOS;SAO CARLOS;SAO CARLOS;0;91960;MARIA LUCIA MARRARA PROFA CEMEI;Venezuela;1
MUNICIPAL;SAO CARLOS;SAO CARLOS;SAO CARLOS;0;91972;MARIA LUIZA PEREZ PROFA CEMEI;Cuba;1
MUNICIPAL;SAO CARLOS;SAO CARLOS;SAO CARLOS;0;91972;MARIA LUIZA PEREZ PROFA CEMEI;Peru;1
MUNICIPAL;SAO CARLOS;SAO CARLOS;SAO CARLOS;0;91972;MARIA LUIZA PEREZ PROFA CEMEI;Venezuela;1
MUNICIPAL;SAO CARLOS;SAO CARLOS;SAO CARLOS;0;205576;AFONSO FIOCCA VITALI EMEB;Haiti;1
MUNICIPAL;SAO CARLOS;SAO CARLOS;SAO CARLOS;0;205576;AFONSO FIOCCA VITALI EMEB;Venezuela;2
MUNICIPAL;SAO CARLOS;SAO CARLOS;SAO CARLOS;0;224169;ARTHUR NATALINO DERIGGI ESC MUN EDUC BASICA;Venezuela;1
MUNICIPAL;SAO CARLOS;SAO CARLOS;SAO CARLOS;0;231988;JOAO PAULO II CEMEI;Venezuela;1
MUNICIPAL;SAO CARLOS;SAO CARLOS;SAO CARLOS;0;249981;ANGELINA DAGNONE DE MELO EMEB;Bolívia;1
MUNICIPAL;SAO CARLOS;SAO CARLOS;SAO CARLOS;0;296508;MARIA ALICE VAZ DE MACEDO PROFA CEMEI;Venezuela;1
MUNICIPAL;SAO CARLOS;SAO CARLOS;SAO CARLOS;0;568247;HOMERO FREI PROF CEMEI;Venezuela;1
MUNICIPAL;SAO CARLOS;SAO CARLOS;SAO CARLOS;0;577376;CENTRO MUNICIPAL DE ED INFANTIL OLIVIA CARVALHO;Venezuela;1
MUNICIPAL;SAO CARLOS;VILA NERY;SAO CARLOS;0;63526;HELENA DORNFELD CEMEI;Haiti;1
MUNICIPAL;SAO CARLOS;VILA NERY;SAO CARLOS;0;63526;HELENA DORNFELD CEMEI;Venezuela;1
MUNICIPAL;SAO CARLOS;VILA NERY;SAO CARLOS;0;91923;ANTONIO LORDES RONDON CEMEI;Venezuela;1
MUNICIPAL;SAO JOAO DA BOA VISTA;AGUAI;AGUAI;0;71705;JOAQUIM GIRALDI PROFESSOR ESCOLA MUNICIPAL;Cuba;1
MUNICIPAL;SAO JOAO DA BOA VISTA;AGUAI;AGUAI;0;242950;CHAPEUZINHO VERMELHO EMEB;China;1
MUNICIPAL;SAO JOAO DA BOA VISTA;MOCOCA;MOCOCA;0;86241;WASHINGTON GUEDES CARNEIRO PROFESSOR EMEB;Venezuela;1
MUNICIPAL;SAO JOAO DA BOA VISTA;SAO JOAO DA BOA VISTA;SAO JOAO DA BOA VISTA;0;61128;CARVALHO PINTO PROFESSOR EMEB;Venezuela;2
MUNICIPAL;SAO JOAO DA BOA VISTA;SAO JOAO DA BOA VISTA;SAO JOAO DA BOA VISTA;0;222902;JOSE PROCOPIO DO AMARAL DOUTOR EMEB;Venezuela;1
MUNICIPAL;SAO JOAO DA BOA VISTA;SAO JOAO DA BOA VISTA;SAO JOAO DA BOA VISTA;0;222938;SANDRA MATIELO PROFESSORA EMEB;França;1
MUNICIPAL;SAO JOAO DA BOA VISTA;SAO JOAO DA BOA VISTA;SAO JOAO DA BOA VISTA;0;466980;ANTONIO DOS SANTOS CABRAL EMEB;Itália;2
MUNICIPAL;SAO JOAO DA BOA VISTA;SAO JOAO DA BOA VISTA;SAO JOAO DA BOA VISTA;0;564989;ADELIA JORGE ADIB NAGIB EMEB;Bolívia;2
MUNICIPAL;SAO JOAO DA BOA VISTA;SAO JOAO DA BOA VISTA;SAO JOAO DA BOA VISTA;0;564989;ADELIA JORGE ADIB NAGIB EMEB;Cuba;2
MUNICIPAL;SAO JOAO DA BOA VISTA;SAO JOAO DA BOA VISTA;SAO JOAO DA BOA VISTA;0;564989;ADELIA JORGE ADIB NAGIB EMEB;Venezuela;6
MUNICIPAL;SAO JOAO DA BOA VISTA;VARGEM GRANDE DO SUL;VARGEM GRANDE DO SUL;0;243139;DONIZETTI PADRE CRECHE E EMEB;Japão;1
MUNICIPAL;SAO JOAQUIM DA BARRA;IPUA;IPUA;0;274501;MONIR NEDER PROF EMEB;Bolívia;2
MUNICIPAL;SAO JOAQUIM DA BARRA;ITUVERAVA;ITUVERAVA;0;227500;ROSA DE LIMA PROFA EMEF;Japão;1
MUNICIPAL;SAO JOAQUIM DA BARRA;ITUVERAVA;ITUVERAVA;0;283083;HUMBERTO FRANCA EMEF;Japão;3
MUNICIPAL;SAO JOAQUIM DA BARRA;MIGUELOPOLIS;MIGUELOPOLIS;0;277563;EMEB CAPITAO EMIDIO;Bolívia;1
MUNICIPAL;SAO JOAQUIM DA BARRA;MIGUELOPOLIS;MIGUELOPOLIS;0;277563;EMEB CAPITAO EMIDIO;Japão;2
MUNICIPAL;SAO JOAQUIM DA BARRA;ORLANDIA;ORLANDIA;0;86435;EMEB PEDRO BORDIGNON NETO UNIDADE I;Japão;1
MUNICIPAL;SAO JOAQUIM DA BARRA;ORLANDIA;ORLANDIA;0;277605;MAURICIO LEITE DE MORAES EMEB;Japão;1
MUNICIPAL;SAO JOAQUIM DA BARRA;ORLANDIA;ORLANDIA;0;277605;MAURICIO LEITE DE MORAES EMEB;Paraguai;1
MUNICIPAL;SAO JOAQUIM DA BARRA;ORLANDIA;ORLANDIA;0;280136;FRANCISCO ORLANDO CORONEL EMEB;Venezuela;1
MUNICIPAL;SAO JOAQUIM DA BARRA;ORLANDIA;ORLANDIA;44;574036;CENTRO DE ATIV EDUCACIONAIS COMPLEMENTARES CAEC II;Japão;1
MUNICIPAL;SAO JOSE DO RIO PRETO;BADY BASSITT;BADY BASSITT;0;4764;ESCOLA MUNICIPAL ODETE FLORIANO IMADA;Bolívia;1
MUNICIPAL;SAO JOSE DO RIO PRETO;BADY BASSITT;BADY BASSITT;0;5936;ESCOLA MUNICIPAL MARIA DARNEL CARVALHO DE CASTRO;Argentina;1
MUNICIPAL;SAO JOSE DO RIO PRETO;BADY BASSITT;BADY BASSITT;0;5936;ESCOLA MUNICIPAL MARIA DARNEL CARVALHO DE CASTRO;Bolívia;4
MUNICIPAL;SAO JOSE DO RIO PRETO;BADY BASSITT;BADY BASSITT;0;207559;NICE BEOLCHI NUNES FERREIRA EM;Bolívia;18
MUNICIPAL;SAO JOSE DO RIO PRETO;BADY BASSITT;BADY BASSITT;0;212453;MARIA INEZ BRANDOLEZE CHESSA PROFA EM;Bolívia;3
MUNICIPAL;SAO JOSE DO RIO PRETO;BADY BASSITT;BADY BASSITT;0;268461;ISABEL PIMENTEL EM;Haiti;1
MUNICIPAL;SAO JOSE DO RIO PRETO;BADY BASSITT;BADY BASSITT;0;268471;BENEDITA SALGADO CATELANI CRECHE MUNICIPAL;Bolívia;1
MUNICIPAL;SAO JOSE DO RIO PRETO;BADY BASSITT;BADY BASSITT;0;279158;JOAO RAMOS NETO EM;Bolívia;4
MUNICIPAL;SAO JOSE DO RIO PRETO;BADY BASSITT;BADY BASSITT;0;359919;JOAO MATHEUS TELLES DE MENEZES PREFEITO EM;Bolívia;2
MUNICIPAL;SAO JOSE DO RIO PRETO;BADY BASSITT;BADY BASSITT;0;359919;JOAO MATHEUS TELLES DE MENEZES PREFEITO EM;Japão;1
MUNICIPAL;SAO JOSE DO RIO PRETO;BADY BASSITT;BADY BASSITT;0;431254;MARIO BATISTA DE SOUZA SOLDADO MARIO SOLDADO EM;Haiti;1
MUNICIPAL;SAO JOSE DO RIO PRETO;GUAPIACU;GUAPIACU;0;100869;REINO ENCANTADO CEI;Bolívia;1
MUNICIPAL;SAO JOSE DO RIO PRETO;GUAPIACU;GUAPIACU;0;100869;REINO ENCANTADO CEI;Tunísia;1
MUNICIPAL;SAO JOSE DO RIO PRETO;GUAPIACU;GUAPIACU;0;216483;WALDOMIRO GALLO PROF DR EM;Bolívia;2
MUNICIPAL;SAO JOSE DO RIO PRETO;GUAPIACU;GUAPIACU;0;216483;WALDOMIRO GALLO PROF DR EM;Japão;1
MUNICIPAL;SAO JOSE DO RIO PRETO;GUAPIACU;GUAPIACU;0;223050;PINGO DE GENTE EMEI;Bolívia;5
MUNICIPAL;SAO JOSE DO RIO PRETO;GUAPIACU;GUAPIACU;0;227473;JOSE BATISTA DE LIMA CEL EMEF;Bolívia;1
MUNICIPAL;SAO JOSE DO RIO PRETO;GUAPIACU;GUAPIACU;0;241532;ALBERTO BASILIO DE ALMEIDA PROF EM;Argentina;1
MUNICIPAL;SAO JOSE DO RIO PRETO;GUAPIACU;GUAPIACU;0;241532;ALBERTO BASILIO DE ALMEIDA PROF EM;Bolívia;1
MUNICIPAL;SAO JOSE DO RIO PRETO;GUAPIACU;GUAPIACU;0;468605;MENINO JESUS CENTRO DE EDUCACAO INFANTIL;Bolívia;1
MUNICIPAL;SAO JOSE DO RIO PRETO;MIRASSOLANDIA;MIRASSOLANDIA;0;282819;CHRISOSTIMO REDIGOLO EMEF;Haiti;1
MUNICIPAL;SAO JOSE DO RIO PRETO;NOVA GRANADA;NOVA GRANADA;0;227596;ADALGISA PEREIRA PRADO PROFA EM;Cuba;1
MUNICIPAL;SAO JOSE DO RIO PRETO;SAO JOSE DO RIO PRETO;SAO JOSE DO RIO PRETO;0;4726;ESCOLA MUNICIPAL LOURIVAL PIRES FRAGA;Colômbia;1
MUNICIPAL;SAO JOSE DO RIO PRETO;SAO JOSE DO RIO PRETO;SAO JOSE DO RIO PRETO;0;5122;ESCOLA MUNICIPAL PROF WALFREDO DE ANDRADE FOGACA;Argentina;1
MUNICIPAL;SAO JOSE DO RIO PRETO;SAO JOSE DO RIO PRETO;SAO JOSE DO RIO PRETO;0;5122;ESCOLA MUNICIPAL PROF WALFREDO DE ANDRADE FOGACA;Bolívia;1
MUNICIPAL;SAO JOSE DO RIO PRETO;SAO JOSE DO RIO PRETO;SAO JOSE DO RIO PRETO;0;6458;LUCI APARECIDA ZAINUM HAGE;Peru;1
MUNICIPAL;SAO JOSE DO RIO PRETO;SAO JOSE DO RIO PRETO;SAO JOSE DO RIO PRETO;0;6458;LUCI APARECIDA ZAINUM HAGE;Venezuela;1
MUNICIPAL;SAO JOSE DO RIO PRETO;SAO JOSE DO RIO PRETO;SAO JOSE DO RIO PRETO;0;6477;CELESTE MARIA ALMEIDA GOUVEIA;Bolívia;1
MUNICIPAL;SAO JOSE DO RIO PRETO;SAO JOSE DO RIO PRETO;SAO JOSE DO RIO PRETO;0;64661;A BELA ADORMECIDA EM;Bolívia;1
MUNICIPAL;SAO JOSE DO RIO PRETO;SAO JOSE DO RIO PRETO;SAO JOSE DO RIO PRETO;0;64661;A BELA ADORMECIDA EM;Venezuela;1
MUNICIPAL;SAO JOSE DO RIO PRETO;SAO JOSE DO RIO PRETO;SAO JOSE DO RIO PRETO;0;64701;FADA AZUL EM;Bolívia;1
MUNICIPAL;SAO JOSE DO RIO PRETO;SAO JOSE DO RIO PRETO;SAO JOSE DO RIO PRETO;0;64750;PRINCIPE ENCANTADO EM;Haiti;1
MUNICIPAL;SAO JOSE DO RIO PRETO;SAO JOSE DO RIO PRETO;SAO JOSE DO RIO PRETO;0;64786;ZUMBI DOS PALMARES EM;Cuba;1
MUNICIPAL;SAO JOSE DO RIO PRETO;SAO JOSE DO RIO PRETO;SAO JOSE DO RIO PRETO;0;74512;CLOVIS SANFELICE PROF EM;Bolívia;1
MUNICIPAL;SAO JOSE DO RIO PRETO;SAO JOSE DO RIO PRETO;SAO JOSE DO RIO PRETO;0;74524;APARECIDA HOMSI DE SALLES CUNHA PROFA EM;Haiti;1
MUNICIPAL;SAO JOSE DO RIO PRETO;SAO JOSE DO RIO PRETO;SAO JOSE DO RIO PRETO;0;77434;CHAFIC BALURA PROF EM;Venezuela;1
MUNICIPAL;SAO JOSE DO RIO PRETO;SAO JOSE DO RIO PRETO;SAO JOSE DO RIO PRETO;0;77446;ORESTES QUERCIA DR EM;Venezuela;1
MUNICIPAL;SAO JOSE DO RIO PRETO;SAO JOSE DO RIO PRETO;SAO JOSE DO RIO PRETO;0;83409;PANTERA COR DE ROSA EM;Venezuela;2
MUNICIPAL;SAO JOSE DO RIO PRETO;SAO JOSE DO RIO PRETO;SAO JOSE DO RIO PRETO;0;83410;JOAOZINHO E MARIA EM;Bolívia;1
MUNICIPAL;SAO JOSE DO RIO PRETO;SAO JOSE DO RIO PRETO;SAO JOSE DO RIO PRETO;0;85224;MONICA E CEBOLINHA EM;Venezuela;1
MUNICIPAL;SAO JOSE DO RIO PRETO;SAO JOSE DO RIO PRETO;SAO JOSE DO RIO PRETO;0;86629;PINOCHIO EM;Haiti;1
MUNICIPAL;SAO JOSE DO RIO PRETO;SAO JOSE DO RIO PRETO;SAO JOSE DO RIO PRETO;0;86629;PINOCHIO EM;Venezuela;1
MUNICIPAL;SAO JOSE DO RIO PRETO;SAO JOSE DO RIO PRETO;SAO JOSE DO RIO PRETO;0;87762;ESCOLA MUNICIPAL RAIO DE SOL;Bolívia;3
MUNICIPAL;SAO JOSE DO RIO PRETO;SAO JOSE DO RIO PRETO;SAO JOSE DO RIO PRETO;0;94959;LOTF JOAO BASSITT DR EM;Colômbia;1
MUNICIPAL;SAO JOSE DO RIO PRETO;SAO JOSE DO RIO PRETO;SAO JOSE DO RIO PRETO;0;148568;OLGA MALLOUK LOPES DA SILVA PROFA EM;Bolívia;1
MUNICIPAL;SAO JOSE DO RIO PRETO;SAO JOSE DO RIO PRETO;SAO JOSE DO RIO PRETO;0;148568;OLGA MALLOUK LOPES DA SILVA PROFA EM;Venezuela;3
MUNICIPAL;SAO JOSE DO RIO PRETO;SAO JOSE DO RIO PRETO;SAO JOSE DO RIO PRETO;0;196253;OLDEMAR STOBBE PROF EM;Venezuela;1
MUNICIPAL;SAO JOSE DO RIO PRETO;SAO JOSE DO RIO PRETO;SAO JOSE DO RIO PRETO;0;219629;EZEQUIEL RAMOS PROF EM;Colômbia;1
MUNICIPAL;SAO JOSE DO RIO PRETO;SAO JOSE DO RIO PRETO;SAO JOSE DO RIO PRETO;0;219630;LUIZ JACOB EM;Haiti;3
MUNICIPAL;SAO JOSE DO RIO PRETO;SAO JOSE DO RIO PRETO;SAO JOSE DO RIO PRETO;0;219630;LUIZ JACOB EM;Venezuela;5
MUNICIPAL;SAO JOSE DO RIO PRETO;SAO JOSE DO RIO PRETO;SAO JOSE DO RIO PRETO;0;219642;GUIOMAR MAIA PROFA EM;Colômbia;1
MUNICIPAL;SAO JOSE DO RIO PRETO;SAO JOSE DO RIO PRETO;SAO JOSE DO RIO PRETO;0;219654;OSCAR ARANTES PIRES PROF EM;Haiti;2
MUNICIPAL;SAO JOSE DO RIO PRETO;SAO JOSE DO RIO PRETO;SAO JOSE DO RIO PRETO;0;219666;YOLANDA FERRARI VARGAS PROFA EM;Venezuela;1
MUNICIPAL;SAO JOSE DO RIO PRETO;SAO JOSE DO RIO PRETO;SAO JOSE DO RIO PRETO;0;219685;HALIM ATIQUE PROF DR EM;Venezuela;1
MUNICIPAL;SAO JOSE DO RIO PRETO;SAO JOSE DO RIO PRETO;SAO JOSE DO RIO PRETO;0;219691;RUY NAZARETH DR EM;Haiti;1
MUNICIPAL;SAO JOSE DO RIO PRETO;SAO JOSE DO RIO PRETO;SAO JOSE DO RIO PRETO;0;223724;WILSON ROMANO CALIL DR EM;Uruguai;2
MUNICIPAL;SAO JOSE DO RIO PRETO;SAO JOSE DO RIO PRETO;SAO JOSE DO RIO PRETO;0;223736;SILVIO BENITO MARTINI DEPUTADO EM;Haiti;1
MUNICIPAL;SAO JOSE DO RIO PRETO;SAO JOSE DO RIO PRETO;SAO JOSE DO RIO PRETO;0;227365;LYDIA SANFELICE PROFA EM;Japão;1
MUNICIPAL;SAO JOSE DO RIO PRETO;SAO JOSE DO RIO PRETO;SAO JOSE DO RIO PRETO;0;228199;CENOBELINO DE BARROS SERRA DR EM;Equador;1
MUNICIPAL;SAO JOSE DO RIO PRETO;SAO JOSE DO RIO PRETO;SAO JOSE DO RIO PRETO;0;228199;CENOBELINO DE BARROS SERRA DR EM;Venezuela;3
MUNICIPAL;SAO JOSE DO RIO PRETO;SAO JOSE DO RIO PRETO;SAO JOSE DO RIO PRETO;0;228205;JOAO JORGE SABINO DR EM;Haiti;1
MUNICIPAL;SAO JOSE DO RIO PRETO;SAO JOSE DO RIO PRETO;SAO JOSE DO RIO PRETO;0;228205;JOAO JORGE SABINO DR EM;Venezuela;2
MUNICIPAL;SAO JOSE DO RIO PRETO;SAO JOSE DO RIO PRETO;SAO JOSE DO RIO PRETO;0;228217;ANTONIO TEIXEIRA MARQUES EM;Colômbia;1
MUNICIPAL;SAO JOSE DO RIO PRETO;SAO JOSE DO RIO PRETO;SAO JOSE DO RIO PRETO;0;228217;ANTONIO TEIXEIRA MARQUES EM;Japão;1
MUNICIPAL;SAO JOSE DO RIO PRETO;SAO JOSE DO RIO PRETO;SAO JOSE DO RIO PRETO;0;228217;ANTONIO TEIXEIRA MARQUES EM;Venezuela;2
MUNICIPAL;SAO JOSE DO RIO PRETO;SAO JOSE DO RIO PRETO;SAO JOSE DO RIO PRETO;0;228229;ARLINDO DOS SANTOS DEPUTADO EM;Portugal;1
MUNICIPAL;SAO JOSE DO RIO PRETO;SAO JOSE DO RIO PRETO;SAO JOSE DO RIO PRETO;0;246273;DARCY RIBEIRO EM;Bolívia;2
MUNICIPAL;SAO JOSE DO RIO PRETO;SAO JOSE DO RIO PRETO;SAO JOSE DO RIO PRETO;0;246273;DARCY RIBEIRO EM;Venezuela;1
MUNICIPAL;SAO JOSE DO RIO PRETO;SAO JOSE DO RIO PRETO;SAO JOSE DO RIO PRETO;0;254290;ADEMIR DIB PROF EMES;Haiti;7
MUNICIPAL;SAO JOSE DO RIO PRETO;SAO JOSE DO RIO PRETO;SAO JOSE DO RIO PRETO;0;457437;ADELAIDE KAUAM MEDINA ESCOLA MUNICIPAL;Venezuela;3
MUNICIPAL;SAO JOSE DO RIO PRETO;SAO JOSE DO RIO PRETO;SAO JOSE DO RIO PRETO;0;461787;ANTONIO ESPADA FILHO PROF DR EM;Colômbia;3
MUNICIPAL;SAO JOSE DO RIO PRETO;SAO JOSE DO RIO PRETO;SAO JOSE DO RIO PRETO;0;462500;DECIO MONZONI LANG ESCOLA MUNICIPAL EDUC INFANTIL;Colômbia;3
MUNICIPAL;SAO JOSE DO RIO PRETO;SAO JOSE DO RIO PRETO;SAO JOSE DO RIO PRETO;0;560200;ZILDA NATEL ESCOLA MUNICIPAL;Bolívia;1
MUNICIPAL;SAO JOSE DO RIO PRETO;SAO JOSE DO RIO PRETO;SAO JOSE DO RIO PRETO;0;581434;ESCOLA MUNICIPAL ANAZIA JOSE BOLCONE;Venezuela;1
MUNICIPAL;SAO JOSE DO RIO PRETO;SAO JOSE DO RIO PRETO;SAO JOSE DO RIO PRETO;0;581458;ESCOLA MUNICIPAL NICE BEOLCHI NUNES FERREIRA;Bolívia;1
MUNICIPAL;SAO JOSE DOS CAMPOS;MONTEIRO LOBATO;MONTEIRO LOBATO;0;231113;ELIZABETH COELHO MICHELLETO EMEF;Itália;1
MUNICIPAL;SAO JOSE DOS CAMPOS;SAO JOSE DOS CAMPOS;SAO JOSE DOS CAMPOS;0;4588;MARIA APARECIDA CANDELARIA BERNARDES OTTOBONI PROFA EMEI;Venezuela;1
MUNICIPAL;SAO JOSE DOS CAMPOS;SAO JOSE DOS CAMPOS;SAO JOSE DOS CAMPOS;0;56777;PALMYRA SANTANNA PROFA EMEF;Chile;2
MUNICIPAL;SAO JOSE DOS CAMPOS;SAO JOSE DOS CAMPOS;SAO JOSE DOS CAMPOS;0;56777;PALMYRA SANTANNA PROFA EMEF;Colômbia;1
MUNICIPAL;SAO JOSE DOS CAMPOS;SAO JOSE DOS CAMPOS;SAO JOSE DOS CAMPOS;0;56777;PALMYRA SANTANNA PROFA EMEF;Japão;1
MUNICIPAL;SAO JOSE DOS CAMPOS;SAO JOSE DOS CAMPOS;SAO JOSE DOS CAMPOS;0;56789;OTACILIA MADUREIRA DE MOURA PROFA EMEF;Haiti;2
MUNICIPAL;SAO JOSE DOS CAMPOS;SAO JOSE DOS CAMPOS;SAO JOSE DOS CAMPOS;0;56789;OTACILIA MADUREIRA DE MOURA PROFA EMEF;Portugal;4
MUNICIPAL;SAO JOSE DOS CAMPOS;SAO JOSE DOS CAMPOS;SAO JOSE DOS CAMPOS;0;56789;OTACILIA MADUREIRA DE MOURA PROFA EMEF;Venezuela;4
MUNICIPAL;SAO JOSE DOS CAMPOS;SAO JOSE DOS CAMPOS;SAO JOSE DOS CAMPOS;0;56819;SEBASTIANA COBRA PROFA EMEF;Indonésia;1
MUNICIPAL;SAO JOSE DOS CAMPOS;SAO JOSE DOS CAMPOS;SAO JOSE DOS CAMPOS;0;56820;AUREA CANTINHO RODRIGUES PROFA EMEF;China;1
MUNICIPAL;SAO JOSE DOS CAMPOS;SAO JOSE DOS CAMPOS;SAO JOSE DOS CAMPOS;0;56832;MERCEDES CARNEVALLI KLEIN PROFA EMEF;Bolívia;2
MUNICIPAL;SAO JOSE DOS CAMPOS;SAO JOSE DOS CAMPOS;SAO JOSE DOS CAMPOS;0;56832;MERCEDES CARNEVALLI KLEIN PROFA EMEF;Qatar;1
MUNICIPAL;SAO JOSE DOS CAMPOS;SAO JOSE DOS CAMPOS;SAO JOSE DOS CAMPOS;0;56832;MERCEDES CARNEVALLI KLEIN PROFA EMEF;Síria;1
MUNICIPAL;SAO JOSE DOS CAMPOS;SAO JOSE DOS CAMPOS;SAO JOSE DOS CAMPOS;0;69085;LEONOR PEREIRA NUNES GALVAO PROFA EMEF;Chile;1
MUNICIPAL;SAO JOSE DOS CAMPOS;SAO JOSE DOS CAMPOS;SAO JOSE DOS CAMPOS;0;70476;THEREZINHA DO MENINO JESUS SOARES DO NASCIMENTO PROFA EMEF;Chile;1
MUNICIPAL;SAO JOSE DOS CAMPOS;SAO JOSE DOS CAMPOS;SAO JOSE DOS CAMPOS;0;78037;MARIA JOSE GUIDO BROGLIATO FREIRE PROFA EMEI;Colômbia;1
MUNICIPAL;SAO JOSE DOS CAMPOS;SAO JOSE DOS CAMPOS;SAO JOSE DOS CAMPOS;0;82995;CASSIANO RICARDO EMEI;Argentina;1
MUNICIPAL;SAO JOSE DOS CAMPOS;SAO JOSE DOS CAMPOS;SAO JOSE DOS CAMPOS;0;85170;ANGELA DE CASTRO FERNANDES LOPES PROFA EMEI;Colômbia;1
MUNICIPAL;SAO JOSE DOS CAMPOS;SAO JOSE DOS CAMPOS;SAO JOSE DOS CAMPOS;0;86010;TORATARO TAKITANI EMEI;Venezuela;1
MUNICIPAL;SAO JOSE DOS CAMPOS;SAO JOSE DOS CAMPOS;SAO JOSE DOS CAMPOS;0;87497;MARIO CAMPANER PROF EMEI;China;1
MUNICIPAL;SAO JOSE DOS CAMPOS;SAO JOSE DOS CAMPOS;SAO JOSE DOS CAMPOS;0;87497;MARIO CAMPANER PROF EMEI;Venezuela;2
MUNICIPAL;SAO JOSE DOS CAMPOS;SAO JOSE DOS CAMPOS;SAO JOSE DOS CAMPOS;0;89597;ELZA FERREIRA RAHAL PROFA EMEI;Bolívia;1
MUNICIPAL;SAO JOSE DOS CAMPOS;SAO JOSE DOS CAMPOS;SAO JOSE DOS CAMPOS;0;89606;CLEANIR SANTOS MALDONADO CAMPOY PROFA EMEI;Venezuela;1
MUNICIPAL;SAO JOSE DOS CAMPOS;SAO JOSE DOS CAMPOS;SAO JOSE DOS CAMPOS;0;89618;ARLINDO CAETANO FILHO PROF EMEI;Venezuela;1
MUNICIPAL;SAO JOSE DOS CAMPOS;SAO JOSE DOS CAMPOS;SAO JOSE DOS CAMPOS;0;90025;ALADIR MAIA RIBEIRO GOMES NEI;Colômbia;1
MUNICIPAL;SAO JOSE DOS CAMPOS;SAO JOSE DOS CAMPOS;SAO JOSE DOS CAMPOS;0;90025;ALADIR MAIA RIBEIRO GOMES NEI;Líbano;1
MUNICIPAL;SAO JOSE DOS CAMPOS;SAO JOSE DOS CAMPOS;SAO JOSE DOS CAMPOS;0;90074;JARDIM MORUMBI EMEI DO;Estados Unidos da América;1
MUNICIPAL;SAO JOSE DOS CAMPOS;SAO JOSE DOS CAMPOS;SAO JOSE DOS CAMPOS;0;90098;SILVIA HELENA DE SOUSA PROFA NEI;Japão;1
MUNICIPAL;SAO JOSE DOS CAMPOS;SAO JOSE DOS CAMPOS;SAO JOSE DOS CAMPOS;0;90136;JACYRA VIEIRA BARACHO PROFA EMEF;Estados Unidos da América;2
MUNICIPAL;SAO JOSE DOS CAMPOS;SAO JOSE DOS CAMPOS;SAO JOSE DOS CAMPOS;0;90189;JOSE ANTERO CURSINO DOS SANTOS PROF EMEI;Estados Unidos da América;1
MUNICIPAL;SAO JOSE DOS CAMPOS;SAO JOSE DOS CAMPOS;SAO JOSE DOS CAMPOS;0;94596;JOSE PURCINI EMEI;Venezuela;1
MUNICIPAL;SAO JOSE DOS CAMPOS;SAO JOSE DOS CAMPOS;SAO JOSE DOS CAMPOS;0;96611;ELZA MARIA DIAS MENDONCA PROFA EMEI;Bolívia;2
MUNICIPAL;SAO JOSE DOS CAMPOS;SAO JOSE DOS CAMPOS;SAO JOSE DOS CAMPOS;0;96611;ELZA MARIA DIAS MENDONCA PROFA EMEI;Estados Unidos da América;1
MUNICIPAL;SAO JOSE DOS CAMPOS;SAO JOSE DOS CAMPOS;SAO JOSE DOS CAMPOS;0;225137;BENEDITO CARVALHO DOS SANTOS IMI;Venezuela;2
MUNICIPAL;SAO JOSE DOS CAMPOS;SAO JOSE DOS CAMPOS;SAO JOSE DOS CAMPOS;0;225496;JESUS DE NAZARE IMI;Estados Unidos da América;1
MUNICIPAL;SAO JOSE DOS CAMPOS;SAO JOSE DOS CAMPOS;SAO JOSE DOS CAMPOS;0;225502;JOANA MATTAR DE OLIVEIRA IMI;Venezuela;1
MUNICIPAL;SAO JOSE DOS CAMPOS;SAO JOSE DOS CAMPOS;SAO JOSE DOS CAMPOS;0;263904;HELIO AUGUSTO DE SOUZA CENTRO EDUC PROFISSIONAL CEPHAS;Portugal;2
MUNICIPAL;SAO JOSE DOS CAMPOS;SAO JOSE DOS CAMPOS;SAO JOSE DOS CAMPOS;0;271305;SONIA MARIA PEREIRA DA SILVA PROFA EMEF;Cuba;1
MUNICIPAL;SAO JOSE DOS CAMPOS;SAO JOSE DOS CAMPOS;SAO JOSE DOS CAMPOS;0;281694;NORMA DE CONTI SIMAO PROFA EMEF;Paraguai;2
MUNICIPAL;SAO JOSE DOS CAMPOS;SAO JOSE DOS CAMPOS;SAO JOSE DOS CAMPOS;0;347620;JOSE SODERO BITENCOURT PROF EMEI;Colômbia;1
MUNICIPAL;SAO JOSE DOS CAMPOS;SAO JOSE DOS CAMPOS;SAO JOSE DOS CAMPOS;0;436987;MARIA APARECIDA SANTOS RONCONI PROFA EMEF;Peru;1
MUNICIPAL;SAO JOSE DOS CAMPOS;SAO JOSE DOS CAMPOS;SAO JOSE DOS CAMPOS;0;436987;MARIA APARECIDA SANTOS RONCONI PROFA EMEF;Venezuela;1
MUNICIPAL;SAO JOSE DOS CAMPOS;SAO JOSE DOS CAMPOS;SAO JOSE DOS CAMPOS;0;436999;ILGA PUSPLATAIS PROFA EMEF;Japão;1
MUNICIPAL;SAO JOSE DOS CAMPOS;SAO JOSE DOS CAMPOS;SAO JOSE DOS CAMPOS;0;463826;POSSIDONIO SALLES PROFESSOR EMEF;Venezuela;1
MUNICIPAL;SAO JOSE DOS CAMPOS;SAO JOSE DOS CAMPOS;SAO JOSE DOS CAMPOS;0;497071;LUCIA MARIA DO AMARAL PROFESSORA EMEI;Venezuela;2
MUNICIPAL;SAO JOSE DOS CAMPOS;SAO JOSE DOS CAMPOS;SAO JOSE DOS CAMPOS;0;564849;HELENA VAZ DE LIMA SOLIVA PROFA IMI;Nigéria;1
MUNICIPAL;SAO ROQUE;ALUMINIO;ALUMINIO;0;78612;VICENTE BOTTI ESCOLA MUNICIPAL;Bolívia;1
MUNICIPAL;SAO ROQUE;ALUMINIO;ALUMINIO;0;281608;JOSE JESUS PAES ESCOLA MUNICIPAL;Bolívia;1
MUNICIPAL;SAO ROQUE;ARACARIGUAMA;ARACARIGUAMA;0;95230;PRACA DA BIBLIA EMEI;Bolívia;1
MUNICIPAL;SAO ROQUE;ARACARIGUAMA;ARACARIGUAMA;0;95230;PRACA DA BIBLIA EMEI;Venezuela;3
MUNICIPAL;SAO ROQUE;ARACARIGUAMA;ARACARIGUAMA;0;216773;THEREZA DE CAMPOS CASTRO PROFESSORA EMEF;Venezuela;3
MUNICIPAL;SAO ROQUE;ARACARIGUAMA;ARACARIGUAMA;0;228837;ANTONIETA CHAVES CINTRA GORDINHO EMEF;Venezuela;3
MUNICIPAL;SAO ROQUE;ARACARIGUAMA;ARACARIGUAMA;0;229015;MANOEL AMARO DE ANDRADE EMEIEF;Venezuela;2
MUNICIPAL;SAO ROQUE;ARACARIGUAMA;ARACARIGUAMA;0;275815;JORGE AMADO EMEIF;Venezuela;1
MUNICIPAL;SAO ROQUE;ARACARIGUAMA;ARACARIGUAMA;0;277423;ALBERTO FERNANDES DE ARAUJO EMEF;Venezuela;3
MUNICIPAL;SAO ROQUE;ARACARIGUAMA;ARACARIGUAMA;0;394075;DESPERTAR  EMEI;Venezuela;4
MUNICIPAL;SAO ROQUE;ARACARIGUAMA;ARACARIGUAMA;0;422502;JUSCELINO KUBISTSCHEK EMEF;Venezuela;13
MUNICIPAL;SAO ROQUE;IBIUNA;IBIUNA;0;221090;BENEDITA CORDEIRO MEDELOS ESCOLA MUNICIPAL;Bolívia;1
MUNICIPAL;SAO ROQUE;IBIUNA;IBIUNA;0;221119;JOSE GABRIEL MACHADO ESCOLA MUNICIPAL;Bolívia;1
MUNICIPAL;SAO ROQUE;IBIUNA;IBIUNA;0;221156;YOLANDA AGOSTINHO DE LIMA PROFESSORA ESCOLA MUNICIPAL;Haiti;1
MUNICIPAL;SAO ROQUE;IBIUNA;IBIUNA;0;229210;MARCIA BELMIRO DO LAGO PROFESSORA ESCOLA MUNICIPAL;Japão;1
MUNICIPAL;SAO ROQUE;IBIUNA;IBIUNA;0;288068;CALIL RAHAL NETO PROFESSOR ESCOLA MUNICIPAL;Portugal;1
MUNICIPAL;SAO ROQUE;IBIUNA;IBIUNA;0;362864;MAFALDA DALPRA MATIUSSO ESCOLA MUNICIPAL;Japão;1
MUNICIPAL;SAO ROQUE;IBIUNA;IBIUNA;0;362864;MAFALDA DALPRA MATIUSSO ESCOLA MUNICIPAL;Venezuela;1
MUNICIPAL;SAO ROQUE;IBIUNA;IBIUNA;0;663979;UBIRAJARA PEDROSO DOMINGUES ESCOLA MUNICIPAL;Haiti;1
MUNICIPAL;SAO ROQUE;MAIRINQUE;MAIRINQUE;0;226166;MANOEL MARTINS VILLACA PROFESSOR ESCOLA MUNICIPAL;Espanha;1
MUNICIPAL;SAO ROQUE;MAIRINQUE;MAIRINQUE;0;226166;MANOEL MARTINS VILLACA PROFESSOR ESCOLA MUNICIPAL;Japão;1
MUNICIPAL;SAO ROQUE;MAIRINQUE;MAIRINQUE;0;250041;PAULO FREIRE PROFESSOR EDUCADOR ESCOLA MUNICIPAL;Bolívia;2
MUNICIPAL;SAO ROQUE;MAIRINQUE;MAIRINQUE;0;274252;MARIA IGNES BLANCO ABREU PROFESSORA ESCOLA MUNICIPAL;Japão;4
MUNICIPAL;SAO ROQUE;MAIRINQUE;MAIRINQUE;0;274306;MARIA LUCIA DE ALMEIDA LUCCA BITTENCOURT PROFESSORA EM;Colômbia;1
MUNICIPAL;SAO ROQUE;MAIRINQUE;MAIRINQUE;0;274306;MARIA LUCIA DE ALMEIDA LUCCA BITTENCOURT PROFESSORA EM;Venezuela;1
MUNICIPAL;SAO ROQUE;MAIRINQUE;MAIRINQUE;0;282741;DIRCE MANIS RODRIGUES PROFESSORA ESCOLA MUNICIPAL;Venezuela;1
MUNICIPAL;SAO ROQUE;SAO ROQUE;SAO ROQUE;0;215636;BARAO DE PIRATININGA EMEF;Venezuela;4
MUNICIPAL;SAO ROQUE;SAO ROQUE;SAO ROQUE;0;215648;PAULO RICARDO DA SILVEIRA SANTOS EMEF;Moçambique;2
MUNICIPAL;SAO ROQUE;SAO ROQUE;SAO ROQUE;0;215648;PAULO RICARDO DA SILVEIRA SANTOS EMEF;Portugal;1
MUNICIPAL;SAO ROQUE;SAO ROQUE;SAO ROQUE;0;215673;MARIA JOSE FERRAZ SCHOENACKER PROFESSORA EMEF;Venezuela;1
MUNICIPAL;SAO ROQUE;SAO ROQUE;SAO ROQUE;0;245823;EMEF PROFESSORA IRACEMA VILLACA;Itália;2
MUNICIPAL;SAO ROQUE;VARGEM GRANDE PAULISTA;VARGEM GRANDE PAULISTA;0;78955;FRANCISCA DO PRADO ESCOLA MUNICIPAL;Venezuela;3
MUNICIPAL;SAO ROQUE;VARGEM GRANDE PAULISTA;VARGEM GRANDE PAULISTA;0;78979;KOZO EBINA PROFESSOR ESCOLA MUNICIPAL;Haiti;4
MUNICIPAL;SAO ROQUE;VARGEM GRANDE PAULISTA;VARGEM GRANDE PAULISTA;0;203300;ANNITA CARMELINA DE MORAES EM;Haiti;6
MUNICIPAL;SAO ROQUE;VARGEM GRANDE PAULISTA;VARGEM GRANDE PAULISTA;0;210900;JOAO EVANGELISTA DE OLIVEIRA ESCOLA MUNICIPAL;Haiti;6
MUNICIPAL;SAO ROQUE;VARGEM GRANDE PAULISTA;VARGEM GRANDE PAULISTA;0;210912;PAULINO RAMOS DE ALMEIDA ESCOLA MUNICIPAL;Venezuela;1
MUNICIPAL;SAO ROQUE;VARGEM GRANDE PAULISTA;VARGEM GRANDE PAULISTA;0;234965;AMELIA SURIN VEREADORA ESCOLA MUNICIPAL;Colômbia;1
MUNICIPAL;SAO ROQUE;VARGEM GRANDE PAULISTA;VARGEM GRANDE PAULISTA;0;241854;JOAQUIM NOVAES ESCOLA MUNICIPAL;Haiti;6
MUNICIPAL;SAO ROQUE;VARGEM GRANDE PAULISTA;VARGEM GRANDE PAULISTA;0;249592;ANGELINO ANGELO RODRIGUES ESCOLA MUNICIPAL;Haiti;2
MUNICIPAL;SAO ROQUE;VARGEM GRANDE PAULISTA;VARGEM GRANDE PAULISTA;0;249592;ANGELINO ANGELO RODRIGUES ESCOLA MUNICIPAL;Venezuela;1
MUNICIPAL;SAO ROQUE;VARGEM GRANDE PAULISTA;VARGEM GRANDE PAULISTA;0;444248;LEONTINA CORREA GUERIN PROFESSORA ESCOLA MUNICIPAL;Haiti;1
MUNICIPAL;SAO VICENTE;ITANHAEM;ITANHAEM;0;6343;ESCOLA MUNICIPAL OSMAR RODRIGUES;Argentina;1
MUNICIPAL;SAO VICENTE;ITANHAEM;ITANHAEM;0;6343;ESCOLA MUNICIPAL OSMAR RODRIGUES;Bolívia;1
MUNICIPAL;SAO VICENTE;ITANHAEM;ITANHAEM;0;6343;ESCOLA MUNICIPAL OSMAR RODRIGUES;Espanha;1
MUNICIPAL;SAO VICENTE;ITANHAEM;ITANHAEM;0;56315;MARIA DO CARMO ABREU SODRE ESCOLA MUNICIPAL;Chile;1
MUNICIPAL;SAO VICENTE;ITANHAEM;ITANHAEM;0;80780;LIONS CLUBE ESCOLA MUNICIPAL;Espanha;1
MUNICIPAL;SAO VICENTE;ITANHAEM;ITANHAEM;0;80780;LIONS CLUBE ESCOLA MUNICIPAL;Estados Unidos da América;1
MUNICIPAL;SAO VICENTE;ITANHAEM;ITANHAEM;0;230261;MARIA DA PENHA CORREA SANCHES PROFA ESCOLA MUNICIPAL;Bolívia;1
MUNICIPAL;SAO VICENTE;ITANHAEM;ITANHAEM;0;230273;NEUSA PINTO FONSECA PROFA ESCOLA MUNICIPAL;Japão;2
MUNICIPAL;SAO VICENTE;ITANHAEM;ITANHAEM;0;248915;LIDIA MARTHA FERRIELLO GIANOTTI PROFA ESCOLA MUNICIPAL;Japão;1
MUNICIPAL;SAO VICENTE;ITANHAEM;ITANHAEM;0;248927;WALTER ARDUINI PROF EM;Alemanha;2
MUNICIPAL;SAO VICENTE;ITANHAEM;ITANHAEM;0;248939;DIVANI MARIA CARDOSO PROFA ESCOLA MUNICIPAL;Japão;1
MUNICIPAL;SAO VICENTE;ITANHAEM;ITANHAEM;0;278661;MARIA DA CONCEICAO LUZ PROFA EMEF;Bolívia;1
MUNICIPAL;SAO VICENTE;ITANHAEM;ITANHAEM;0;282996;DALVA DATI RUIVO PROFA ESCOLA MUNICIPAL;Japão;1
MUNICIPAL;SAO VICENTE;ITANHAEM;ITANHAEM;0;283010;HARRY FORSSELL ESCOLA MUNICIPAL;Japão;1
MUNICIPAL;SAO VICENTE;ITANHAEM;ITANHAEM;0;283022;MARIA APARECIDA SOARES AMENDOLA PROFA ESCOLA MUNICIPAL;Chile;1
MUNICIPAL;SAO VICENTE;ITANHAEM;ITANHAEM;0;283034;BERNARDINO DE SOUZA PEREIRA ESCOLA MUNICIPAL;Japão;1
MUNICIPAL;SAO VICENTE;ITANHAEM;ITANHAEM;0;430456;MARIA GRACIETTE DIAS ESCOLA MUNICIPAL;Alemanha;1
MUNICIPAL;SAO VICENTE;ITANHAEM;ITANHAEM;0;430456;MARIA GRACIETTE DIAS ESCOLA MUNICIPAL;Venezuela;1
MUNICIPAL;SAO VICENTE;ITANHAEM;ITANHAEM;0;480381;SILVIA REGINA SCHIAVON MARASCA PROFESSORA EM;Estados Unidos da América;2
MUNICIPAL;SAO VICENTE;ITANHAEM;ITANHAEM;0;480381;SILVIA REGINA SCHIAVON MARASCA PROFESSORA EM;Itália;1
MUNICIPAL;SAO VICENTE;ITANHAEM;ITANHAEM;0;480381;SILVIA REGINA SCHIAVON MARASCA PROFESSORA EM;Japão;1
MUNICIPAL;SAO VICENTE;ITANHAEM;ITANHAEM;0;497460;MARIA DA CONCEICAO CARVALHO BATISTA EM;Estados Unidos da América;1
MUNICIPAL;SAO VICENTE;ITANHAEM;ITANHAEM;0;583169;ESCOLA MUNICIPAL PROFESSORA GIOCONDA FAGA;Haiti;1
MUNICIPAL;SAO VICENTE;MONGAGUA;MONGAGUA;0;56364;PEQUENO PRINCIPE EMEIEF;Espanha;1
MUNICIPAL;SAO VICENTE;MONGAGUA;MONGAGUA;0;70324;TONICO SILVA EMEF;Peru;1
MUNICIPAL;SAO VICENTE;MONGAGUA;MONGAGUA;0;85881;TIO PATINHAS EMEI;Venezuela;1
MUNICIPAL;SAO VICENTE;MONGAGUA;MONGAGUA;0;88024;PINOQUIO ESCOLA MUNICIPAL DE EDUCACAO INFANTIL;Peru;1
MUNICIPAL;SAO VICENTE;MONGAGUA;MONGAGUA;0;223293;JACYRA DE SOUZA OLIVEIRA PROFA EMEF;Peru;1
MUNICIPAL;SAO VICENTE;MONGAGUA;MONGAGUA;0;235659;CASSIMIRO CORREA NETO PREF EMEF;Venezuela;1
MUNICIPAL;SAO VICENTE;MONGAGUA;MONGAGUA;0;244740;PEDRO FERNANDES DANTE PROF EMEF PEDRAO;Japão;1
MUNICIPAL;SAO VICENTE;MONGAGUA;MONGAGUA;0;244740;PEDRO FERNANDES DANTE PROF EMEF PEDRAO;Venezuela;1
MUNICIPAL;SAO VICENTE;MONGAGUA;MONGAGUA;0;271354;JOAQUIM MONTEIRO VEREADOR EMEF;Itália;1
MUNICIPAL;SAO VICENTE;MONGAGUA;MONGAGUA;0;271354;JOAQUIM MONTEIRO VEREADOR EMEF;Peru;1
MUNICIPAL;SAO VICENTE;MONGAGUA;MONGAGUA;0;271354;JOAQUIM MONTEIRO VEREADOR EMEF;Venezuela;1
MUNICIPAL;SAO VICENTE;MONGAGUA;MONGAGUA;0;437141;VERA CRUZ EMEF;Estados Unidos da América;1
MUNICIPAL;SAO VICENTE;MONGAGUA;MONGAGUA;0;479007;SIRANA KOUKDJIAN ESCOLA MUNICIPAL DE ENSINO FUNDAMENTAL;Itália;2
MUNICIPAL;SAO VICENTE;PERUIBE;PERUIBE;0;218315;TEREZINHA RODRIGUES KALIL PROFA EMEF;Venezuela;1
MUNICIPAL;SAO VICENTE;PRAIA GRANDE;PRAIA GRANDE;0;4230;ESCOLA MUNICIPAL PROFESSOR FUED TEMER;Japão;1
MUNICIPAL;SAO VICENTE;PRAIA GRANDE;PRAIA GRANDE;0;4909;ESCOLA MUNICIPAL JOAO GONCALVES;Argentina;1
MUNICIPAL;SAO VICENTE;PRAIA GRANDE;PRAIA GRANDE;0;4909;ESCOLA MUNICIPAL JOAO GONCALVES;Colômbia;1
MUNICIPAL;SAO VICENTE;PRAIA GRANDE;PRAIA GRANDE;0;4909;ESCOLA MUNICIPAL JOAO GONCALVES;Estados Unidos da América;2
MUNICIPAL;SAO VICENTE;PRAIA GRANDE;PRAIA GRANDE;0;4909;ESCOLA MUNICIPAL JOAO GONCALVES;Japão;2
MUNICIPAL;SAO VICENTE;PRAIA GRANDE;PRAIA GRANDE;0;6074;ESCOLA MUNICIPAL VALTER SALERNO;Argentina;1
MUNICIPAL;SAO VICENTE;PRAIA GRANDE;PRAIA GRANDE;0;6074;ESCOLA MUNICIPAL VALTER SALERNO;Colômbia;1
MUNICIPAL;SAO VICENTE;PRAIA GRANDE;PRAIA GRANDE;0;56431;ESTINA CAMPI BAPTISTA ESCOLA MUNICIPAL;Colômbia;1
MUNICIPAL;SAO VICENTE;PRAIA GRANDE;PRAIA GRANDE;0;56455;MANOEL NASCIMENTO JUNIOR ESCOLA MUNICIPAL;Portugal;1
MUNICIPAL;SAO VICENTE;PRAIA GRANDE;PRAIA GRANDE;0;56467;MARIO POSSANI ESCOLA MUNICIPAL;Colômbia;1
MUNICIPAL;SAO VICENTE;PRAIA GRANDE;PRAIA GRANDE;0;56467;MARIO POSSANI ESCOLA MUNICIPAL;Japão;1
MUNICIPAL;SAO VICENTE;PRAIA GRANDE;PRAIA GRANDE;0;66898;LIONS CLUB OCIAN ESCOLA MUNICIPAL;Argentina;1
MUNICIPAL;SAO VICENTE;PRAIA GRANDE;PRAIA GRANDE;0;66898;LIONS CLUB OCIAN ESCOLA MUNICIPAL;Bolívia;1
MUNICIPAL;SAO VICENTE;PRAIA GRANDE;PRAIA GRANDE;0;66898;LIONS CLUB OCIAN ESCOLA MUNICIPAL;Portugal;1
MUNICIPAL;SAO VICENTE;PRAIA GRANDE;PRAIA GRANDE;0;84529;VILA TUPIRY ESCOLA MUNICIPAL;Bolívia;1
MUNICIPAL;SAO VICENTE;PRAIA GRANDE;PRAIA GRANDE;0;89448;MARIA NILZA SILVA ROMAO PROFA ESCOLA MUNICIPAL;Venezuela;1
MUNICIPAL;SAO VICENTE;PRAIA GRANDE;PRAIA GRANDE;0;133802;LUIS ARRUDA PAES MAESTRO ESCOLA MUNICIPAL;Portugal;1
MUNICIPAL;SAO VICENTE;PRAIA GRANDE;PRAIA GRANDE;0;135653;OSWALDO JUSTO ESCOLA MUNICIPAL;Bolívia;1
MUNICIPAL;SAO VICENTE;PRAIA GRANDE;PRAIA GRANDE;0;135653;OSWALDO JUSTO ESCOLA MUNICIPAL;Colômbia;1
MUNICIPAL;SAO VICENTE;PRAIA GRANDE;PRAIA GRANDE;0;197087;ELZA OLIVEIRA DE CARVALHO PROFA ESCOLA MUNICIPAL;Angola;2
MUNICIPAL;SAO VICENTE;PRAIA GRANDE;PRAIA GRANDE;0;197087;ELZA OLIVEIRA DE CARVALHO PROFA ESCOLA MUNICIPAL;Bolívia;2
MUNICIPAL;SAO VICENTE;PRAIA GRANDE;PRAIA GRANDE;0;250958;SAO FRANCISCO DE ASSIS ESCOLA MUNICIPAL;Cuba;1
MUNICIPAL;SAO VICENTE;PRAIA GRANDE;PRAIA GRANDE;0;250958;SAO FRANCISCO DE ASSIS ESCOLA MUNICIPAL;Japão;1
MUNICIPAL;SAO VICENTE;PRAIA GRANDE;PRAIA GRANDE;0;278907;MARIO COVAS GOVERNADOR ESCOLA MUNICIPAL;Venezuela;2
MUNICIPAL;SAO VICENTE;PRAIA GRANDE;PRAIA GRANDE;0;280124;VILA MIRIM ESCOLA MUNICIPAL;Portugal;1
MUNICIPAL;SAO VICENTE;PRAIA GRANDE;PRAIA GRANDE;0;286606;JOSE RIBEIRO DOS SANTOS CUNHA ESCOLA MUNICIPAL;Venezuela;1
MUNICIPAL;SAO VICENTE;PRAIA GRANDE;PRAIA GRANDE;0;368659;ROBERTO MARIO SANTINI ESCOLA MUNICIPAL;Angola;1
MUNICIPAL;SAO VICENTE;PRAIA GRANDE;PRAIA GRANDE;0;368659;ROBERTO MARIO SANTINI ESCOLA MUNICIPAL;Colômbia;2
MUNICIPAL;SAO VICENTE;PRAIA GRANDE;PRAIA GRANDE;0;368659;ROBERTO MARIO SANTINI ESCOLA MUNICIPAL;Japão;2
MUNICIPAL;SAO VICENTE;PRAIA GRANDE;PRAIA GRANDE;0;432635;ESMERALDA DOS SANTOS NOVAES PROFA ESCOLA MUNICIPAL;Venezuela;1
MUNICIPAL;SAO VICENTE;PRAIA GRANDE;PRAIA GRANDE;0;432647;SEBASTIAO TAVARES DE OLIVEIRA ESCOLA MUNICIPAL;Venezuela;1
MUNICIPAL;SAO VICENTE;PRAIA GRANDE;PRAIA GRANDE;0;581811;ESCOLA MUNICIPAL GOVERNADOR ORESTES QUERCIA;Portugal;1
MUNICIPAL;SAO VICENTE;PRAIA GRANDE;PRAIA GRANDE;44;451058;PORTO DAS ARTES ESCOLA MUNICIPAL;Argentina;1
MUNICIPAL;SAO VICENTE;PRAIA GRANDE;PRAIA GRANDE;44;451058;PORTO DAS ARTES ESCOLA MUNICIPAL;Colômbia;1
MUNICIPAL;SAO VICENTE;SAO VICENTE;SAO VICENTE;0;56480;CAROLINA DANTAS EMEF;Colômbia;1
MUNICIPAL;SAO VICENTE;SAO VICENTE;SAO VICENTE;0;56492;DUQUE DE CAXIAS EMEIEF;Argentina;1
MUNICIPAL;SAO VICENTE;SAO VICENTE;SAO VICENTE;0;56492;DUQUE DE CAXIAS EMEIEF;Espanha;1
MUNICIPAL;SAO VICENTE;SAO VICENTE;SAO VICENTE;0;56534;RAQUEL DE CASTRO FERREIRA EMEF;Argentina;2
MUNICIPAL;SAO VICENTE;SAO VICENTE;SAO VICENTE;0;56534;RAQUEL DE CASTRO FERREIRA EMEF;Colômbia;2
MUNICIPAL;SAO VICENTE;SAO VICENTE;SAO VICENTE;0;56546;EDMUNDO CAPELLARI EMEI;Colômbia;1
MUNICIPAL;SAO VICENTE;SAO VICENTE;SAO VICENTE;0;80792;ALBERTO SANTOS DUMONT EMEIEF;Venezuela;1
MUNICIPAL;SAO VICENTE;SAO VICENTE;SAO VICENTE;0;83793;JOSE DE ANCHIETA PADRE EMEI;Uruguai;1
MUNICIPAL;SAO VICENTE;SAO VICENTE;SAO VICENTE;0;84633;JOSE BORGES FERNANDES PROF EMEI;Japão;1
MUNICIPAL;SAO VICENTE;SAO VICENTE;SAO VICENTE;0;85911;CAIC AYRTON SENNA DA SILVA EMEF;Venezuela;2
MUNICIPAL;SAO VICENTE;SAO VICENTE;SAO VICENTE;0;89461;REPUBLICA DE PORTUGAL EMEF;Argentina;2
MUNICIPAL;SAO VICENTE;SAO VICENTE;SAO VICENTE;0;193276;MATTEO BEI EMEI;Espanha;1
MUNICIPAL;SAO VICENTE;SAO VICENTE;SAO VICENTE;0;209582;RAUL ROCHA DO AMARAL EMEF;Portugal;2
MUNICIPAL;SAO VICENTE;SAO VICENTE;SAO VICENTE;0;214462;CONSTANTE LUCIANO CLEMENTE HOULMONT PROF EMEF;Colômbia;1
MUNICIPAL;SAO VICENTE;SAO VICENTE;SAO VICENTE;0;214474;EMEF PROF JACOB ANDRADE CAMARA;Nigéria;3
MUNICIPAL;SAO VICENTE;SAO VICENTE;SAO VICENTE;0;230900;SAULO TARSO MARQUES DE MELLO EMEIEF;Japão;1
MUNICIPAL;SAO VICENTE;SAO VICENTE;SAO VICENTE;0;265469;CMEJA DE SAO VICENTE CEJACON;Argentina;2
MUNICIPAL;SAO VICENTE;SAO VICENTE;SAO VICENTE;0;265469;CMEJA DE SAO VICENTE CEJACON;Venezuela;1
MUNICIPAL;SAO VICENTE;SAO VICENTE;SAO VICENTE;0;271925;ANTONIO FERNANDO DOS REIS PREF CRECHE MUNICIPAL;Colômbia;1
MUNICIPAL;SAO VICENTE;SAO VICENTE;SAO VICENTE;0;271925;ANTONIO FERNANDO DOS REIS PREF CRECHE MUNICIPAL;Venezuela;1
MUNICIPAL;SAO VICENTE;SAO VICENTE;SAO VICENTE;0;273512;JOAQUIM RODRIGUES DA SILVA PASTOR EMEF;Japão;3
MUNICIPAL;SAO VICENTE;SAO VICENTE;SAO VICENTE;0;273512;JOAQUIM RODRIGUES DA SILVA PASTOR EMEF;Venezuela;1
MUNICIPAL;SERTAOZINHO;BARRINHA;BARRINHA;0;227171;PAULO DA SILVA PRADO DOUTOR EMEF;Grécia;1
MUNICIPAL;SERTAOZINHO;CRUZ DAS POSSES;SERTAOZINHO;0;242184;SANTA ARMELINO RAMACHOTTI EMEI;Angola;1
MUNICIPAL;SERTAOZINHO;DUMONT;DUMONT;0;461040;QUITERIA SOARES CARNEIRO CEMEI;Venezuela;1
MUNICIPAL;SERTAOZINHO;JARDINOPOLIS;JARDINOPOLIS;0;83902;GABRIEL GIBRIM PEDRO EMEI;Japão;1
MUNICIPAL;SERTAOZINHO;JARDINOPOLIS;JARDINOPOLIS;0;229155;GENY MARTINS COSTACURTA PROFESSORA EMEF;Japão;1
MUNICIPAL;SERTAOZINHO;JARDINOPOLIS;JARDINOPOLIS;0;229155;GENY MARTINS COSTACURTA PROFESSORA EMEF;Venezuela;1
MUNICIPAL;SERTAOZINHO;PONTAL;PONTAL;0;288767;MAURILIO BIAGI EMEIEF;China;1
MUNICIPAL;SERTAOZINHO;SERTAOZINHO;SERTAOZINHO;0;65171;JOANNINHA GILBERTI PROFESSORA EMEF;Venezuela;2
MUNICIPAL;SERTAOZINHO;SERTAOZINHO;SERTAOZINHO;0;73520;JOSE NEGRI PROFESSOR EMEF;Colômbia;1
MUNICIPAL;SERTAOZINHO;SERTAOZINHO;SERTAOZINHO;0;226889;ANGELO COLAFEMINA EMEF;Portugal;1
MUNICIPAL;SERTAOZINHO;SERTAOZINHO;SERTAOZINHO;0;242111;EDEN AMBROSIO PROFESSORA EMEI;Venezuela;1
MUNICIPAL;SERTAOZINHO;SERTAOZINHO;SERTAOZINHO;0;242123;LEONARDO UMBERTO SPONCHIADO EMEI;Bolívia;1
MUNICIPAL;SERTAOZINHO;SERTAOZINHO;SERTAOZINHO;0;248617;SILVIO SARTI DOUTOR EMEF;Venezuela;2
MUNICIPAL;SERTAOZINHO;SERTAOZINHO;SERTAOZINHO;0;435430;ANA MARIA CANESIN LOVATO EMEI;Venezuela;1
MUNICIPAL;SERTAOZINHO;SERTAOZINHO;SERTAOZINHO;0;496042;RUTH MAGRINI DOS SANTOS EMEI;Venezuela;1
MUNICIPAL;SERTAOZINHO;VIRADOURO;VIRADOURO;0;205503;ALBERTINA DE GODOY SAAB EMEI;Haiti;1
MUNICIPAL;SERTAOZINHO;VIRADOURO;VIRADOURO;0;304591;MARILIA RIBEIRO PORTO ROSSETO PROFESSORA EMEF;Haiti;2
MUNICIPAL;SERTAOZINHO;VIRADOURO;VIRADOURO;44;386108;ANTONIO MAZZA PROF NUCLEO INTEGRACAO M ENSINO FUNDAMENTAL;Haiti;1
MUNICIPAL;SERTAOZINHO;VIRADOURO;VIRADOURO;44;386224;JOSE RODRIGUES BENTO NUCLEO I M DE ENSINO FUNDAMENTAL;Haiti;1
MUNICIPAL;SOROCABA;SOROCABA;SOROCABA;0;4422;EM PROFA RENICE SERAPHIM;Peru;1
MUNICIPAL;SOROCABA;SOROCABA;SOROCABA;0;4961;EMEF PROFESSOR JOSE OSORIO DE CAMPOS MAIA E ALMEIDA;Colômbia;1
MUNICIPAL;SOROCABA;SOROCABA;SOROCABA;0;4961;EMEF PROFESSOR JOSE OSORIO DE CAMPOS MAIA E ALMEIDA;Venezuela;2
MUNICIPAL;SOROCABA;SOROCABA;SOROCABA;0;6179;CEI 116  JARDIM MONTREAL;Estados Unidos da América;1
MUNICIPAL;SOROCABA;SOROCABA;SOROCABA;0;6377;CEI 120  IPANEMA VILLE;Venezuela;1
MUNICIPAL;SOROCABA;SOROCABA;SOROCABA;0;7302;CEI 133PROFESSORA ZULMEA DE ALMEIDA PELLEGRINI;México;2
MUNICIPAL;SOROCABA;SOROCABA;SOROCABA;0;57423;JOAO SALERNO ENGENHEIRO CEI 57;Haiti;1
MUNICIPAL;SOROCABA;SOROCABA;SOROCABA;0;57423;JOAO SALERNO ENGENHEIRO CEI 57;Portugal;1
MUNICIPAL;SOROCABA;SOROCABA;SOROCABA;0;58359;ZIZI DE ALMEIDA DONA CEI 3;Japão;1
MUNICIPAL;SOROCABA;SOROCABA;SOROCABA;0;58359;ZIZI DE ALMEIDA DONA CEI 3;Paquistão;1
MUNICIPAL;SOROCABA;SOROCABA;SOROCABA;0;58373;JULICA BIERRENBACH PROFA EM;Singapura;1
MUNICIPAL;SOROCABA;SOROCABA;SOROCABA;0;58385;FRANCISCA MOURA PEREIRA DA SILVA CEI 7;Estados Unidos da América;1
MUNICIPAL;SOROCABA;SOROCABA;SOROCABA;0;58385;FRANCISCA MOURA PEREIRA DA SILVA CEI 7;Venezuela;1
MUNICIPAL;SOROCABA;SOROCABA;SOROCABA;0;58415;ACHILLES DE ALMEIDA DR EM;Venezuela;1
MUNICIPAL;SOROCABA;SOROCABA;SOROCABA;0;58427;GETULIO VARGAS DR EM;Angola;1
MUNICIPAL;SOROCABA;SOROCABA;SOROCABA;0;58427;GETULIO VARGAS DR EM;Haiti;1
MUNICIPAL;SOROCABA;SOROCABA;SOROCABA;0;58427;GETULIO VARGAS DR EM;Itália;1
MUNICIPAL;SOROCABA;SOROCABA;SOROCABA;0;62406;NORMA JUSTA DALLARA PROFA EM;Venezuela;1
MUNICIPAL;SOROCABA;SOROCABA;SOROCABA;0;67283;LEA EDY ALONSO SALIBA PROFA EM;Cuba;1
MUNICIPAL;SOROCABA;SOROCABA;SOROCABA;0;67313;ACHILLES KLOECKNER FREI CEI 48;Bolívia;1
MUNICIPAL;SOROCABA;SOROCABA;SOROCABA;0;67325;PAULO FERNANDO NOBREGA TORTELLO EM;Haiti;2
MUNICIPAL;SOROCABA;SOROCABA;SOROCABA;0;67337;LEONOR PINTO THOMAZ EM;Itália;1
MUNICIPAL;SOROCABA;SOROCABA;SOROCABA;0;67337;LEONOR PINTO THOMAZ EM;Japão;1
MUNICIPAL;SOROCABA;SOROCABA;SOROCABA;0;67337;LEONOR PINTO THOMAZ EM;Macau;1
MUNICIPAL;SOROCABA;SOROCABA;SOROCABA;0;67337;LEONOR PINTO THOMAZ EM;Venezuela;2
MUNICIPAL;SOROCABA;SOROCABA;SOROCABA;0;69966;FLAVIO DE SOUZA NOGUEIRA PROF EM;Estados Unidos da América;1
MUNICIPAL;SOROCABA;SOROCABA;SOROCABA;0;69966;FLAVIO DE SOUZA NOGUEIRA PROF EM;Portugal;1
MUNICIPAL;SOROCABA;SOROCABA;SOROCABA;0;74895;OLGA CHIBAU FORNAZIERO CEI 52;Venezuela;1
MUNICIPAL;SOROCABA;SOROCABA;SOROCABA;0;81309;TEREZINHA LUCAS FERNANDES PROFA CEI 15;Tailândia;1
MUNICIPAL;SOROCABA;SOROCABA;SOROCABA;0;81334;ALUISIO ALMEIDA CEI 13;Haiti;1
MUNICIPAL;SOROCABA;SOROCABA;SOROCABA;0;82363;CARLOS REINALDO MENDES ENGENHEIRO CEI 14;Haiti;3
MUNICIPAL;SOROCABA;SOROCABA;SOROCABA;0;82363;CARLOS REINALDO MENDES ENGENHEIRO CEI 14;Venezuela;2
MUNICIPAL;SOROCABA;SOROCABA;SOROCABA;0;85085;VICTORIA SALUS LARA CEI 20;Bolívia;1
MUNICIPAL;SOROCABA;SOROCABA;SOROCABA;0;85091;MARIA DOMINGAS TOTORA DE GOES EM;Haiti;1
MUNICIPAL;SOROCABA;SOROCABA;SOROCABA;0;86150;DOLORES CUPIAN DO AMARAL CEI 23;Venezuela;1
MUNICIPAL;SOROCABA;SOROCABA;SOROCABA;0;91765;SOROCABA  LESTE EM;Haiti;2
MUNICIPAL;SOROCABA;SOROCABA;SOROCABA;0;91765;SOROCABA  LESTE EM;Venezuela;1
MUNICIPAL;SOROCABA;SOROCABA;SOROCABA;0;91789;LUIZ DI SANCTIS CEI 26;Haiti;2
MUNICIPAL;SOROCABA;SOROCABA;SOROCABA;0;91807;RAULDINEIA ESTEVES MACHADO CEI 28;Venezuela;1
MUNICIPAL;SOROCABA;SOROCABA;SOROCABA;0;92538;TEREZA CIAMBELLI GIANINI EM;Haiti;1
MUNICIPAL;SOROCABA;SOROCABA;SOROCABA;0;92538;TEREZA CIAMBELLI GIANINI EM;Venezuela;1
MUNICIPAL;SOROCABA;SOROCABA;SOROCABA;0;92548;MARIA PEDROSO BELLOTTI CEI 30;Colômbia;1
MUNICIPAL;SOROCABA;SOROCABA;SOROCABA;0;94812;ROSA CURY EM;África do Sul;1
MUNICIPAL;SOROCABA;SOROCABA;SOROCABA;0;94812;ROSA CURY EM;Guiné-Conacri;1
MUNICIPAL;SOROCABA;SOROCABA;SOROCABA;0;94812;ROSA CURY EM;Haiti;2
MUNICIPAL;SOROCABA;SOROCABA;SOROCABA;0;94812;ROSA CURY EM;Japão;2
MUNICIPAL;SOROCABA;SOROCABA;SOROCABA;0;94812;ROSA CURY EM;Portugal;1
MUNICIPAL;SOROCABA;SOROCABA;SOROCABA;0;94857;ABNEY MEDEIROS CARNEIRO DRA CEI 36;Bolívia;1
MUNICIPAL;SOROCABA;SOROCABA;SOROCABA;0;94869;JOSE MENDES EM;Venezuela;1
MUNICIPAL;SOROCABA;SOROCABA;SOROCABA;0;98954;BETTY SOUZA OLIVEIRA PROFA CEI 47;Venezuela;1
MUNICIPAL;SOROCABA;SOROCABA;SOROCABA;0;130655;OSMAR DE ALMEIDA CEI 84;Venezuela;1
MUNICIPAL;SOROCABA;SOROCABA;SOROCABA;0;204262;DULCE PUPPO OLIVEIRA PINHEIRO PROFA CEI 58;Bolívia;1
MUNICIPAL;SOROCABA;SOROCABA;SOROCABA;0;206118;MATHEUS MAYLASKY EM;Itália;1
MUNICIPAL;SOROCABA;SOROCABA;SOROCABA;0;220061;IRINEU LEISTER PROF EM;Haiti;8
MUNICIPAL;SOROCABA;SOROCABA;SOROCABA;0;220085;HELIO ROSA BALDY DR EM;Venezuela;1
MUNICIPAL;SOROCABA;SOROCABA;SOROCABA;0;226014;ANA ROSA JUDICE MOREIRA ZANUCCI OLIVEIRA PROFA CEI 80;Haiti;1
MUNICIPAL;SOROCABA;SOROCABA;SOROCABA;0;226014;ANA ROSA JUDICE MOREIRA ZANUCCI OLIVEIRA PROFA CEI 80;Venezuela;1
MUNICIPAL;SOROCABA;SOROCABA;SOROCABA;0;228187;ARY DE OLIVEIRA SEABRA EM;Bolívia;2
MUNICIPAL;SOROCABA;SOROCABA;SOROCABA;0;228369;OSWALDO DE OLIVEIRA PROF EM;Haiti;4
MUNICIPAL;SOROCABA;SOROCABA;SOROCABA;0;228515;JOSEFINA ZILIA DE CARVALHO PROFA EM;Portugal;1
MUNICIPAL;SOROCABA;SOROCABA;SOROCABA;0;228527;BENEDICTO JOSE NUNES PROF EM;Cuba;1
MUNICIPAL;SOROCABA;SOROCABA;SOROCABA;0;234655;EDWARD FRUFRU MARCIANO DA SILVA EM;Portugal;2
MUNICIPAL;SOROCABA;SOROCABA;SOROCABA;0;270325;EDEMIR ANTONIO DIGIAMPIETRI PROF EM;Haiti;1
MUNICIPAL;SOROCABA;SOROCABA;SOROCABA;0;280938;LUIZ ALMEIDA MARINS PROF EM;Cuba;1
MUNICIPAL;SOROCABA;SOROCABA;SOROCABA;0;280938;LUIZ ALMEIDA MARINS PROF EM;Haiti;4
MUNICIPAL;SOROCABA;SOROCABA;SOROCABA;0;280948;GENNY KALIL MILEGO PROFA EM;Haiti;2
MUNICIPAL;SOROCABA;SOROCABA;SOROCABA;0;281074;ZILAH DIAS DE MELLO SCHREPEL PROFA EM;Haiti;2
MUNICIPAL;SOROCABA;SOROCABA;SOROCABA;0;298621;QUINZINHO DE BARROS EM;Haiti;1
MUNICIPAL;SOROCABA;SOROCABA;SOROCABA;0;298621;QUINZINHO DE BARROS EM;Venezuela;3
MUNICIPAL;SOROCABA;SOROCABA;SOROCABA;0;299259;DULJARA FERNANDES DE OLIVEIRA EM;Haiti;1
MUNICIPAL;SOROCABA;SOROCABA;SOROCABA;0;299259;DULJARA FERNANDES DE OLIVEIRA EM;Venezuela;1
MUNICIPAL;SOROCABA;SOROCABA;SOROCABA;0;299273;OSWALDO DUARTE DOUTOR EM;Bolívia;1
MUNICIPAL;SOROCABA;SOROCABA;SOROCABA;0;299273;OSWALDO DUARTE DOUTOR EM;Portugal;1
MUNICIPAL;SOROCABA;SOROCABA;SOROCABA;0;421893;AVELINO LEITE DE CAMARGO ESCOLA MUNICIPAL;Haiti;3
MUNICIPAL;SOROCABA;SOROCABA;SOROCABA;0;421893;AVELINO LEITE DE CAMARGO ESCOLA MUNICIPAL;Venezuela;1
MUNICIPAL;SOROCABA;SOROCABA;SOROCABA;0;478921;LEDA THEREZINHA BORGUESI RODRIGUES EM;Colômbia;2
MUNICIPAL;SOROCABA;SOROCABA;SOROCABA;0;482572;ESCOLA MUNICIPAL DO EDEN;Haiti;9
MUNICIPAL;SOROCABA;SOROCABA;SOROCABA;0;482572;ESCOLA MUNICIPAL DO EDEN;Portugal;1
MUNICIPAL;SOROCABA;SOROCABA;SOROCABA;0;482572;ESCOLA MUNICIPAL DO EDEN;Venezuela;3
MUNICIPAL;SOROCABA;SOROCABA;SOROCABA;0;501967;BENEDICTO CLETO PROFESSOR EM;Venezuela;2
MUNICIPAL;SOROCABA;SOROCABA;SOROCABA;0;581471;ESCOLA MUNICIPAL RONALDO CAMPOS DE ARRUDA;Haiti;1
MUNICIPAL;SOROCABA;SOROCABA;SOROCABA;0;581471;ESCOLA MUNICIPAL RONALDO CAMPOS DE ARRUDA;Japão;1
MUNICIPAL;SUL 1;CAMPO GRANDE;SAO PAULO;0;53788;ANTENOR NASCENTES EMEF;Japão;1
MUNICIPAL;SUL 1;CAMPO GRANDE;SAO PAULO;0;53788;ANTENOR NASCENTES EMEF;Venezuela;1
MUNICIPAL;SUL 1;CAMPO GRANDE;SAO PAULO;0;53892;ANTONIO CARLOS ABREU SODRE DR EMEF;Chile;1
MUNICIPAL;SUL 1;CAMPO GRANDE;SAO PAULO;0;53892;ANTONIO CARLOS ABREU SODRE DR EMEF;Japão;2
MUNICIPAL;SUL 1;CAMPO GRANDE;SAO PAULO;0;95734;VANDA COELHO DE MORAES EMEI;Japão;1
MUNICIPAL;SUL 1;CAMPO LIMPO;SAO PAULO;0;54033;SYNESIO ROCHA MINISTRO EMEF;Venezuela;2
MUNICIPAL;SUL 1;CAMPO LIMPO;SAO PAULO;0;54070;LEVY DE AZEVEDO SODRE PROF EMEF;Haiti;1
MUNICIPAL;SUL 1;CAMPO LIMPO;SAO PAULO;0;54112;ZULMIRA CAVALHEIRO FAUSTINO EMEF;Venezuela;1
MUNICIPAL;SUL 1;CAMPO LIMPO;SAO PAULO;0;98619;22 DE MARCO EMEF;Haiti;1
MUNICIPAL;SUL 1;CAMPO LIMPO;SAO PAULO;0;419345;MILLOR FERNANDES JORNALISTA EMEF;El Salvador;1
MUNICIPAL;SUL 1;CAMPO LIMPO;SAO PAULO;0;419345;MILLOR FERNANDES JORNALISTA EMEF;Venezuela;1
MUNICIPAL;SUL 1;CIDADE ADEMAR;SAO PAULO;0;54045;ANTONIO DE SAMPAIO DORIA PROF EMEF;Paraguai;1
MUNICIPAL;SUL 1;JABAQUARA;SAO PAULO;0;53478;CACILDA BECKER EMEF;Japão;1
MUNICIPAL;SUL 1;JABAQUARA;SAO PAULO;0;53478;CACILDA BECKER EMEF;Peru;1
MUNICIPAL;SUL 1;JABAQUARA;SAO PAULO;0;53508;NELSON PIMENTEL QUEIROZ PROF EMEF;Angola;1
MUNICIPAL;SUL 1;PEDREIRA;SAO PAULO;0;56571;PAULO GONCALO DOS SANTOS PROF CEU EMEF;Arménia;1
MUNICIPAL;SUL 1;PEDREIRA;SAO PAULO;0;282480;ALDO DA TOFORI PADRE EMEF;Colômbia;1
MUNICIPAL;SUL 1;PEDREIRA;SAO PAULO;0;282480;ALDO DA TOFORI PADRE EMEF;Venezuela;3
MUNICIPAL;SUL 1;SANTO AMARO;SAO PAULO;0;53867;JOAQUIM CANDIDO A MARQUES DESEMBARGADOR EMEF;Colômbia;1
MUNICIPAL;SUL 1;SANTO AMARO;SAO PAULO;0;54082;LINNEU PRESTES PROF EMEFM;Colômbia;1
MUNICIPAL;SUL 1;SANTO AMARO;SAO PAULO;0;54082;LINNEU PRESTES PROF EMEFM;Peru;1
MUNICIPAL;SUL 1;VILA ANDRADE;SAO PAULO;0;233961;FRANCISCO REBOLO EMEF;Venezuela;1
MUNICIPAL;SUL 2;CAPAO REDONDO;SAO PAULO;0;53958;IRACEMA MARQUES SILVEIRA PROFA EMEF;Qatar;1
MUNICIPAL;SUL 2;CAPAO REDONDO;SAO PAULO;0;54069;JORGE AMERICANO PROF EMEF;Bolívia;1
MUNICIPAL;SUL 2;CAPAO REDONDO;SAO PAULO;0;78785;JOSE OLYMPIO PEREIRA FILHO EMEF;Japão;1
MUNICIPAL;SUL 2;CAPAO REDONDO;SAO PAULO;0;98632;ANTONIO ALVES DA SILVA SARGENTO EMEF;Japão;1
MUNICIPAL;SUL 2;CAPAO REDONDO;SAO PAULO;0;98632;ANTONIO ALVES DA SILVA SARGENTO EMEF;Venezuela;1
MUNICIPAL;SUL 2;CAPAO REDONDO;SAO PAULO;0;200098;THEODOMIRO MONTEIRO DO AMARAL PROF EMEF;Bolívia;1
MUNICIPAL;SUL 2;CAPAO REDONDO;SAO PAULO;0;200098;THEODOMIRO MONTEIRO DO AMARAL PROF EMEF;Haiti;1
MUNICIPAL;SUL 2;CAPAO REDONDO;SAO PAULO;0;298232;FEITICO DA VILA CEU EMEF;Bolívia;1
MUNICIPAL;SUL 2;JARDIM ANGELA;SAO PAULO;0;54318;CAROLINA RENNO R OLIVEIRA PROFA EMEF;China;1
MUNICIPAL;SUL 2;JARDIM ANGELA;SAO PAULO;0;513210;EMEF PROFESSOR EDIVALDO DOS SANTOS DANTAS;Espanha;1
MUNICIPAL;SUL 2;JARDIM ANGELA;SAO PAULO;0;513210;EMEF PROFESSOR EDIVALDO DOS SANTOS DANTAS;Uruguai;1
MUNICIPAL;SUL 2;JARDIM SAO LUIS;SAO PAULO;0;53934;OTONIEL MOTA EMEF;Colômbia;1
MUNICIPAL;SUL 2;JARDIM SAO LUIS;SAO PAULO;0;53961;PROCOPIO FERREIRA EMEF;Angola;1
MUNICIPAL;SUL 2;JARDIM SAO LUIS;SAO PAULO;0;60331;CASA BLANCA CEU EMEF;Venezuela;1
MUNICIPAL;SUL 2;JARDIM SAO LUIS;SAO PAULO;0;87661;AIRTON ARANTES RIBEIRO PROF EMEF;Haiti;1
MUNICIPAL;SUL 2;JARDIM SAO LUIS;SAO PAULO;0;87661;AIRTON ARANTES RIBEIRO PROF EMEF;Síria;1
MUNICIPAL;SUL 2;JARDIM SAO LUIS;SAO PAULO;0;87661;AIRTON ARANTES RIBEIRO PROF EMEF;Venezuela;4
MUNICIPAL;SUL 2;JARDIM SAO LUIS;SAO PAULO;0;98620;NORIMAR TEIXEIRA PROFA EMEI;Venezuela;1
MUNICIPAL;SUL 3;CIDADE DUTRA;SAO PAULO;0;54227;AFRANIO DE MELLO FRANCO DOUTOR EMEF;Paraguai;1
MUNICIPAL;SUL 3;CIDADE DUTRA;SAO PAULO;0;54240;JOSE AMADEI ENGENHEIRO EMEF;Haiti;1
MUNICIPAL;SUL 3;CIDADE DUTRA;SAO PAULO;0;57125;CIDADE DUTRA CEU EMEF;Espanha;1
MUNICIPAL;SUL 3;CIDADE DUTRA;SAO PAULO;0;201960;FLORESTAN FERNANDES EMEF;Haiti;1
MUNICIPAL;SUL 3;CIDADE DUTRA;SAO PAULO;0;280331;MARINA MELANDER COUTINHO PROFA EMEF;Venezuela;1
MUNICIPAL;SUL 3;CIDADE DUTRA;SAO PAULO;0;298293;VILA RUBI CEU EMEF;Bolívia;1
MUNICIPAL;SUL 3;CIDADE DUTRA;SAO PAULO;0;298293;VILA RUBI CEU EMEF;Cuba;1
MUNICIPAL;SUL 3;CIDADE DUTRA;SAO PAULO;0;298293;VILA RUBI CEU EMEF;Venezuela;2
MUNICIPAL;SUL 3;GRAJAU;SAO PAULO;0;54215;TEODOMIRO TOLEDO PIZA DESEMBARGADOR EMEF;Bolívia;2
MUNICIPAL;SUL 3;GRAJAU;SAO PAULO;0;54276;JOAQUIM BENTO ALVES DE LIMA NETO EMEF;Argentina;2
MUNICIPAL;SUL 3;GRAJAU;SAO PAULO;0;54276;JOAQUIM BENTO ALVES DE LIMA NETO EMEF;Bolívia;1
MUNICIPAL;SUL 3;GRAJAU;SAO PAULO;0;207962;DAMIAO FREI EMEF;Bolívia;1
MUNICIPAL;SUL 3;GRAJAU;SAO PAULO;0;242214;LOURIVAL BRANDAO DOS SANTOS EMEF;Bolívia;1
MUNICIPAL;SUL 3;PARELHEIROS;SAO PAULO;50;126093;CENTRO INTEGRADO DE EDUCACAO DE JOVENS E ADULTOS LELIA GONZALEZ;Bolívia;1
MUNICIPAL;SUMARE;HORTOLANDIA;HORTOLANDIA;0;73611;HORTOLANDIA DEPARTAMENTO DE EDUCACAO DE;Bolívia;2
MUNICIPAL;SUMARE;HORTOLANDIA;HORTOLANDIA;0;73611;HORTOLANDIA DEPARTAMENTO DE EDUCACAO DE;Haiti;2
MUNICIPAL;SUMARE;HORTOLANDIA;HORTOLANDIA;0;73611;HORTOLANDIA DEPARTAMENTO DE EDUCACAO DE;Peru;1
MUNICIPAL;SUMARE;HORTOLANDIA;HORTOLANDIA;0;73611;HORTOLANDIA DEPARTAMENTO DE EDUCACAO DE;Venezuela;1
MUNICIPAL;SUMARE;HORTOLANDIA;HORTOLANDIA;0;76909;JARDIM AMANDA I EMEF CAIC;Angola;1
MUNICIPAL;SUMARE;HORTOLANDIA;HORTOLANDIA;0;76909;JARDIM AMANDA I EMEF CAIC;Paquistão;1
MUNICIPAL;SUMARE;HORTOLANDIA;HORTOLANDIA;0;76909;JARDIM AMANDA I EMEF CAIC;Venezuela;1
MUNICIPAL;SUMARE;HORTOLANDIA;HORTOLANDIA;0;76934;VILA REAL SEBASTIANA DAS DORES EMEIF;Chile;1
MUNICIPAL;SUMARE;HORTOLANDIA;HORTOLANDIA;0;79479;CENTRO INTEGRADO DE EDUCACAO E REABILITACAO MUNICIPAL;Venezuela;1
MUNICIPAL;SUMARE;HORTOLANDIA;HORTOLANDIA;0;81139;ANA JOSE BODINI JANUARIO DONA EMEF;Venezuela;5
MUNICIPAL;SUMARE;HORTOLANDIA;HORTOLANDIA;0;81231;NICOLAS THIAGO DOS SANTOS LOFRANI EMEF;Venezuela;5
MUNICIPAL;SUMARE;HORTOLANDIA;HORTOLANDIA;0;84759;EMEIEF LUIZA VITORIA OLIVEIRA CRUZ;Congo, República do;1
MUNICIPAL;SUMARE;HORTOLANDIA;HORTOLANDIA;0;86228;CHACARA ACARAI EMEI;Venezuela;1
MUNICIPAL;SUMARE;HORTOLANDIA;HORTOLANDIA;0;103073;JARDIM AMANDA III EMEI;Venezuela;3
MUNICIPAL;SUMARE;HORTOLANDIA;HORTOLANDIA;0;213123;JARDIM AMANDA I EMEI;Venezuela;1
MUNICIPAL;SUMARE;HORTOLANDIA;HORTOLANDIA;0;216847;ARMELINDA ESPURIO DA SILVA EMEF;Chile;2
MUNICIPAL;SUMARE;HORTOLANDIA;HORTOLANDIA;0;227812;PATRICIA MARIA CAPELLATO BASSO PROFESSORA EMEF;Angola;2
MUNICIPAL;SUMARE;HORTOLANDIA;HORTOLANDIA;0;227821;JARDIM BOA ESPERANCA JOSE ROQUE DE MOURA EMEF;Paraguai;1
MUNICIPAL;SUMARE;HORTOLANDIA;HORTOLANDIA;0;227833;MARLECIENE PRISCILA PRESTA BONFIM PROFESSORA EMEF;Venezuela;2
MUNICIPAL;SUMARE;HORTOLANDIA;HORTOLANDIA;0;227845;RENATO DA COSTA LIMA EMEF;Cuba;1
MUNICIPAL;SUMARE;HORTOLANDIA;HORTOLANDIA;0;227845;RENATO DA COSTA LIMA EMEF;Venezuela;1
MUNICIPAL;SUMARE;HORTOLANDIA;HORTOLANDIA;0;245690;HELENA FUTAVA TAKAHASHI PROFESSORA EMEF;Venezuela;1
MUNICIPAL;SUMARE;HORTOLANDIA;HORTOLANDIA;0;273788;MARIA CELIA CABRAL AMARAL PROFA EMEF;Venezuela;1
MUNICIPAL;SUMARE;HORTOLANDIA;HORTOLANDIA;0;278439;CLAUDIO ROBERTO MARQUES PROFESSOR EMEF;Angola;2
MUNICIPAL;SUMARE;HORTOLANDIA;HORTOLANDIA;0;278439;CLAUDIO ROBERTO MARQUES PROFESSOR EMEF;Haiti;2
MUNICIPAL;SUMARE;HORTOLANDIA;HORTOLANDIA;0;278439;CLAUDIO ROBERTO MARQUES PROFESSOR EMEF;Japão;1
MUNICIPAL;SUMARE;HORTOLANDIA;HORTOLANDIA;0;449052;JOAO CALIXTO DA SILVA EMEF;Japão;1
MUNICIPAL;SUMARE;HORTOLANDIA;HORTOLANDIA;0;449064;VIVA MAIS ESCOLA MUNICIPAL DE ENSINO FUNDAMENTAL;Peru;2
MUNICIPAL;SUMARE;HORTOLANDIA;HORTOLANDIA;0;449076;ZILDA ARNS NEUMANN EMEF;Espanha;1
MUNICIPAL;SUMARE;HORTOLANDIA;HORTOLANDIA;0;449076;ZILDA ARNS NEUMANN EMEF;Haiti;1
MUNICIPAL;SUMARE;HORTOLANDIA;HORTOLANDIA;0;454679;JARDIM INTERLAGOS ESCOLA MUNCIPAL DE EDUCACAO BASICA;Reino Unido da Grã-Bretanha e Irlanda do Norte;2
MUNICIPAL;SUMARE;HORTOLANDIA;HORTOLANDIA;0;463905;TAQUARA BRANCA AGENOR MIRANDA DA SILVA EMEF;Venezuela;1
MUNICIPAL;SUMARE;NOVA VENEZA;SUMARE;0;58804;PALHACINHO DENGOSO ESCOLA MUNICIPAL;Colômbia;1
MUNICIPAL;SUMARE;NOVA VENEZA;SUMARE;0;58816;MARTHA SMOLLI DOMINGUES ESCOLA MUNICIPAL;Haiti;2
MUNICIPAL;SUMARE;NOVA VENEZA;SUMARE;0;73600;PARQUE RESIDENCIAL REGINA ESCOLA MUNICIPAL;Venezuela;3
MUNICIPAL;SUMARE;NOVA VENEZA;SUMARE;0;76946;JARDIM BOM RETIRO ESCOLA MUNICIPAL;Colômbia;1
MUNICIPAL;SUMARE;NOVA VENEZA;SUMARE;0;76958;JARDIM LUCIA ESCOLA MUNICIPAL;Equador;1
MUNICIPAL;SUMARE;NOVA VENEZA;SUMARE;0;76958;JARDIM LUCIA ESCOLA MUNICIPAL;Haiti;1
MUNICIPAL;SUMARE;NOVA VENEZA;SUMARE;0;88596;VISCONDE DE SABUGOSA ESCOLA MUNICPAL;Venezuela;1
MUNICIPAL;SUMARE;NOVA VENEZA;SUMARE;0;206097;ANDRE DE NADAI ESCOLA MUNICIPAL;Haiti;2
MUNICIPAL;SUMARE;NOVA VENEZA;SUMARE;0;221570;NILZA THOMAZINI PROFA ESCOLA MUNICIPAL DE ENSINO FUNDAMENTAL;Espanha;1
MUNICIPAL;SUMARE;NOVA VENEZA;SUMARE;0;221570;NILZA THOMAZINI PROFA ESCOLA MUNICIPAL DE ENSINO FUNDAMENTAL;Portugal;1
MUNICIPAL;SUMARE;NOVA VENEZA;SUMARE;0;245707;ELIANA MINCHIN VAUGHAN PROFA ESC MUN ENSINO FUNDAMENTAL;Haiti;1
MUNICIPAL;SUMARE;NOVA VENEZA;SUMARE;0;245719;FLORA FERREIRA GOMES PROFESSORA EMEF;Bolívia;2
MUNICIPAL;SUMARE;NOVA VENEZA;SUMARE;0;245719;FLORA FERREIRA GOMES PROFESSORA EMEF;Honduras;1
MUNICIPAL;SUMARE;PAULINIA;PAULINIA;0;59663;JOSE PAULINO NOGUEIRA EMEI;Angola;1
MUNICIPAL;SUMARE;PAULINIA;PAULINIA;0;59675;RACHEL BALISTA AMATTE EMEI;Argentina;1
MUNICIPAL;SUMARE;PAULINIA;PAULINIA;0;59675;RACHEL BALISTA AMATTE EMEI;Haiti;1
MUNICIPAL;SUMARE;PAULINIA;PAULINIA;0;73635;ANGELO CORASSA FILHO VEREADOR EMEFM;Japão;1
MUNICIPAL;SUMARE;PAULINIA;PAULINIA;0;88729;FERDINANDO VIACAVA EMEI;Haiti;1
MUNICIPAL;SUMARE;PAULINIA;PAULINIA;0;213573;DOMINGOS DE ARAUJO PROFESSOR EMEF;Argentina;1
MUNICIPAL;SUMARE;PAULINIA;PAULINIA;0;213573;DOMINGOS DE ARAUJO PROFESSOR EMEF;Japão;1
MUNICIPAL;SUMARE;PAULINIA;PAULINIA;0;213585;JOSE LOZANO ARAUJO PREFEITO EMEFM;Argentina;1
MUNICIPAL;SUMARE;PAULINIA;PAULINIA;0;213585;JOSE LOZANO ARAUJO PREFEITO EMEFM;Bolívia;1
MUNICIPAL;SUMARE;PAULINIA;PAULINIA;0;213585;JOSE LOZANO ARAUJO PREFEITO EMEFM;Colômbia;1
MUNICIPAL;SUMARE;PAULINIA;PAULINIA;0;213615;YOLANDA TIZIANI PAZETTI EMEF;Colômbia;1
MUNICIPAL;SUMARE;PAULINIA;PAULINIA;0;213627;SOL NASCENTE EMEF;Haiti;1
MUNICIPAL;SUMARE;PAULINIA;PAULINIA;0;213627;SOL NASCENTE EMEF;Japão;1
MUNICIPAL;SUMARE;PAULINIA;PAULINIA;0;213640;PAULINIA ESCOLA TECNICA DE;Japão;2
MUNICIPAL;SUMARE;PAULINIA;PAULINIA;0;213724;LEONOR JACINTO DE CAMPOS PIETROBOM EM;Haiti;2
MUNICIPAL;SUMARE;PAULINIA;PAULINIA;0;225712;MARCELINO PIETROBOM MAESTRO EMEFM;Bolívia;2
MUNICIPAL;SUMARE;PAULINIA;PAULINIA;0;225712;MARCELINO PIETROBOM MAESTRO EMEFM;Haiti;99
MUNICIPAL;SUMARE;PAULINIA;PAULINIA;0;225712;MARCELINO PIETROBOM MAESTRO EMEFM;Venezuela;2
MUNICIPAL;SUMARE;PAULINIA;PAULINIA;0;228047;MARIA APARECIDA CAPUTTI BERALDO PROFESSORA EMEFM;Haiti;1
MUNICIPAL;SUMARE;PAULINIA;PAULINIA;0;228047;MARIA APARECIDA CAPUTTI BERALDO PROFESSORA EMEFM;Japão;1
MUNICIPAL;SUMARE;PAULINIA;PAULINIA;0;253820;VITOR SZCZEPANSKI E SOUZA SILVA EMESFM;Haiti;2
MUNICIPAL;SUMARE;PAULINIA;PAULINIA;0;253820;VITOR SZCZEPANSKI E SOUZA SILVA EMESFM;Japão;3
MUNICIPAL;SUMARE;PAULINIA;PAULINIA;0;275608;ANISIO DRESDE EXPEDICIONARIO EMEI;Haiti;2
MUNICIPAL;SUMARE;PAULINIA;PAULINIA;0;275633;ANTONIA JOANA BARSI FERRARI CRECHE;Haiti;1
MUNICIPAL;SUMARE;PAULINIA;PAULINIA;0;279687;ALCIDES BARBUTTI EMEI;Haiti;1
MUNICIPAL;SUMARE;PAULINIA;PAULINIA;0;449866;NELSON ALVES ARANHA NETO ESCOLA MUNICIPAL;Haiti;1
MUNICIPAL;SUMARE;PAULINIA;PAULINIA;0;470557;ODETE EMIDIO DE SOUZA PROFESSORA ESCOLA MUNICIPAL;Haiti;13
MUNICIPAL;SUMARE;PAULINIA;PAULINIA;0;470557;ODETE EMIDIO DE SOUZA PROFESSORA ESCOLA MUNICIPAL;Japão;1
MUNICIPAL;SUMARE;PAULINIA;PAULINIA;0;470557;ODETE EMIDIO DE SOUZA PROFESSORA ESCOLA MUNICIPAL;Peru;1
MUNICIPAL;SUMARE;PAULINIA;PAULINIA;0;565003;MARIA REGINA FERREIRA DE MATTOS MOURA EMEF;Haiti;4
MUNICIPAL;SUMARE;PAULINIA;PAULINIA;0;565003;MARIA REGINA FERREIRA DE MATTOS MOURA EMEF;Venezuela;1
MUNICIPAL;SUMARE;PAULINIA;PAULINIA;0;584859;ESCOLA MUNICIPAL PROFESSORA ELVIRA CASSIA DE OLIVEIRA;Estados Unidos da América;1
MUNICIPAL;SUMARE;PAULINIA;PAULINIA;0;584859;ESCOLA MUNICIPAL PROFESSORA ELVIRA CASSIA DE OLIVEIRA;Haiti;3
MUNICIPAL;SUMARE;SUMARE;SUMARE;0;58798;SABIDINHO ESCOLA MUNICIPAL;Colômbia;2
MUNICIPAL;SUMARE;SUMARE;SUMARE;0;58828;XODO DA TITIA ESCOLA MUNICIPAL;Haiti;3
MUNICIPAL;SUMARE;SUMARE;SUMARE;0;58828;XODO DA TITIA ESCOLA MUNICIPAL;Paraguai;1
MUNICIPAL;SUMARE;SUMARE;SUMARE;0;58828;XODO DA TITIA ESCOLA MUNICIPAL;Venezuela;2
MUNICIPAL;SUMARE;SUMARE;SUMARE;0;58836;LEANDRO FRANCESCHINI DOUTOR ESCOLA MUNICIPAL;Peru;1
MUNICIPAL;SUMARE;SUMARE;SUMARE;0;58841;JOSE DE ANCHIETA ESCOLA MUNICIPAL;Haiti;4
MUNICIPAL;SUMARE;SUMARE;SUMARE;0;70580;O MUNDO ALEGRE DA CRIANCA ESCOLA MUNICIPAL;Haiti;3
MUNICIPAL;SUMARE;SUMARE;SUMARE;0;70580;O MUNDO ALEGRE DA CRIANCA ESCOLA MUNICIPAL;Peru;1
MUNICIPAL;SUMARE;SUMARE;SUMARE;0;70592;REINO DA GAROTADA ESCOLA MUNICIPAL;Venezuela;1
MUNICIPAL;SUMARE;SUMARE;SUMARE;0;76879;ARCO IRIS ESCOLA MUNICIPAL;Haiti;1
MUNICIPAL;SUMARE;SUMARE;SUMARE;0;117663;RAMONA CANHETE PINTO ESCOLA MUNICIPAL DE ENSINO FUNDAMENTAL;Japão;1
MUNICIPAL;SUMARE;SUMARE;SUMARE;0;221533;ANTONIO PALIOTO ESCOLA MUNICIPAL ENSINO FUNDAMENTAL;Paraguai;1
MUNICIPAL;SUMARE;SUMARE;SUMARE;0;221545;ANTONIETTA CIA VIEL EMEF;Haiti;3
MUNICIPAL;SUMARE;SUMARE;SUMARE;0;221569;NEUSA DE SOUZA CAMPOS PROFA ESC MUN DE ENS FUNDAMENTAL;Argentina;1
MUNICIPAL;SUMARE;SUMARE;SUMARE;0;221569;NEUSA DE SOUZA CAMPOS PROFA ESC MUN DE ENS FUNDAMENTAL;Haiti;7
MUNICIPAL;SUMARE;SUMARE;SUMARE;0;353516;ALFREDO CASTRO DONAIRE ESCOLA MUNICIPAL;Bolívia;1
MUNICIPAL;SUZANO;FERRAZ DE VASCONCELOS;FERRAZ DE VASCONCELOS;0;6712;MARIA MADALENA CORREIA EMEB;Bolívia;2
MUNICIPAL;SUZANO;FERRAZ DE VASCONCELOS;FERRAZ DE VASCONCELOS;0;82156;JORACY CRUZ DOUTOR EMEB;Bolívia;2
MUNICIPAL;SUZANO;FERRAZ DE VASCONCELOS;FERRAZ DE VASCONCELOS;0;82156;JORACY CRUZ DOUTOR EMEB;Nigéria;1
MUNICIPAL;SUZANO;FERRAZ DE VASCONCELOS;FERRAZ DE VASCONCELOS;0;82181;JOSE SEBASTIAO EMEB;Bolívia;1
MUNICIPAL;SUZANO;FERRAZ DE VASCONCELOS;FERRAZ DE VASCONCELOS;0;127589;ROSA FERRARI BASILE EMEB;Bolívia;1
MUNICIPAL;SUZANO;FERRAZ DE VASCONCELOS;FERRAZ DE VASCONCELOS;0;213792;TOM JOBIM EMEB;Venezuela;1
MUNICIPAL;SUZANO;FERRAZ DE VASCONCELOS;FERRAZ DE VASCONCELOS;0;213834;SYLVIA DA SILVEIRA DE MARTINI EMEB;Bolívia;3
MUNICIPAL;SUZANO;FERRAZ DE VASCONCELOS;FERRAZ DE VASCONCELOS;0;213846;SILVINO ANTUNES DE SOUZA EMEB;Bolívia;1
MUNICIPAL;SUZANO;FERRAZ DE VASCONCELOS;FERRAZ DE VASCONCELOS;0;223402;MARIO MARTINELLI VEREADOR EMEB;Nigéria;1
MUNICIPAL;SUZANO;FERRAZ DE VASCONCELOS;FERRAZ DE VASCONCELOS;0;267824;ANGELO CASTELLO PREFEITO EMEB;Nigéria;2
MUNICIPAL;SUZANO;FERRAZ DE VASCONCELOS;FERRAZ DE VASCONCELOS;0;267843;MYRIAM PENTEADO RODRIGUES ALCKMIN EMEB;Bolívia;1
MUNICIPAL;SUZANO;FERRAZ DE VASCONCELOS;FERRAZ DE VASCONCELOS;0;277824;ANTONIO BERNARDINO CORREA EMEB;Colômbia;1
MUNICIPAL;SUZANO;FERRAZ DE VASCONCELOS;FERRAZ DE VASCONCELOS;0;289085;RUY COELHO PROFESSOR EMEB;Costa do Marfim;1
MUNICIPAL;SUZANO;FERRAZ DE VASCONCELOS;FERRAZ DE VASCONCELOS;0;340005;ALFREDO FROES NETO DR EMEB;Bolívia;2
MUNICIPAL;SUZANO;FERRAZ DE VASCONCELOS;FERRAZ DE VASCONCELOS;0;340005;ALFREDO FROES NETO DR EMEB;Cabo Verde;1
MUNICIPAL;SUZANO;FERRAZ DE VASCONCELOS;FERRAZ DE VASCONCELOS;0;375081;LUCIANO POLETTI EMEB;Bolívia;2
MUNICIPAL;SUZANO;FERRAZ DE VASCONCELOS;FERRAZ DE VASCONCELOS;0;375147;HELMUTH HANS HERMANN LOUIS BAXMANN PREFEITO EMEB;Bolívia;3
MUNICIPAL;SUZANO;FERRAZ DE VASCONCELOS;FERRAZ DE VASCONCELOS;0;375147;HELMUTH HANS HERMANN LOUIS BAXMANN PREFEITO EMEB;Haiti;1
MUNICIPAL;SUZANO;FERRAZ DE VASCONCELOS;FERRAZ DE VASCONCELOS;0;375147;HELMUTH HANS HERMANN LOUIS BAXMANN PREFEITO EMEB;Nigéria;3
MUNICIPAL;SUZANO;FERRAZ DE VASCONCELOS;FERRAZ DE VASCONCELOS;0;375147;HELMUTH HANS HERMANN LOUIS BAXMANN PREFEITO EMEB;Venezuela;2
MUNICIPAL;SUZANO;FERRAZ DE VASCONCELOS;FERRAZ DE VASCONCELOS;0;447778;PRIMOROSA JORGE DO NASCIMENTO PROFESSORA EMEB;Bolívia;3
MUNICIPAL;SUZANO;SUZANO;SUZANO;0;23280;ISAIAS MARTINELLI GAMA ENGENHEIRO EM;Haiti;1
MUNICIPAL;SUZANO;SUZANO;SUZANO;0;95941;TOSHIO UTIYAMA EM;Paraguai;1
MUNICIPAL;SUZANO;SUZANO;SUZANO;0;148520;IGNEZ DE CASTRO ALMEIDA MAYER PROFA EM;Bolívia;2
MUNICIPAL;SUZANO;SUZANO;SUZANO;0;191280;CELIA PEREIRA DE LIMA PROFA EM;Haiti;2
MUNICIPAL;SUZANO;SUZANO;SUZANO;0;203452;JOSE CELESTINO SANCHES EM;Bolívia;4
MUNICIPAL;SUZANO;SUZANO;SUZANO;0;218029;ANTONIO MARQUES FIGUEIRA EM;Cuba;1
MUNICIPAL;SUZANO;SUZANO;SUZANO;0;244557;ANTONIO MASCHIETTO PROF EM;Dominicana, República;1
MUNICIPAL;SUZANO;SUZANO;SUZANO;0;244557;ANTONIO MASCHIETTO PROF EM;Haiti;1
MUNICIPAL;SUZANO;SUZANO;SUZANO;0;244569;ANA RITA GOMES PROFA EM;Venezuela;2
MUNICIPAL;SUZANO;SUZANO;SUZANO;0;289590;VICTOR SALVIANO EM;Dominicana, República;1
MUNICIPAL;SUZANO;SUZANO;SUZANO;0;289590;VICTOR SALVIANO EM;Japão;1
MUNICIPAL;SUZANO;SUZANO;SUZANO;0;289619;DAMASIO FERREIRA DOS SANTOS PROF EM;Peru;1
MUNICIPAL;SUZANO;SUZANO;SUZANO;0;289632;SERGIO SIMAO EM;Bolívia;1
MUNICIPAL;TABOAO DA SERRA;EMBU DAS ARTES;EMBU DAS ARTES;0;91157;JACARANDA EM;Venezuela;3
MUNICIPAL;TABOAO DA SERRA;EMBU DAS ARTES;EMBU DAS ARTES;0;91170;JOSE CARLOS GONCALVES EM;Venezuela;1
MUNICIPAL;TABOAO DA SERRA;EMBU DAS ARTES;EMBU DAS ARTES;0;93026;JEQUITIBA EM;Venezuela;4
MUNICIPAL;TABOAO DA SERRA;EMBU DAS ARTES;EMBU DAS ARTES;0;93051;JARDIM MAGALI EM;Venezuela;2
MUNICIPAL;TABOAO DA SERRA;EMBU DAS ARTES;EMBU DAS ARTES;0;93142;JATOBA EM;Bolívia;2
MUNICIPAL;TABOAO DA SERRA;EMBU DAS ARTES;EMBU DAS ARTES;0;227675;MAURO FERREIRA DA SILVA PROF EM;Haiti;8
MUNICIPAL;TABOAO DA SERRA;EMBU DAS ARTES;EMBU DAS ARTES;0;227675;MAURO FERREIRA DA SILVA PROF EM;Moçambique;1
MUNICIPAL;TABOAO DA SERRA;EMBU DAS ARTES;EMBU DAS ARTES;0;227699;IODOQUE ROSA DR EM;Bolívia;1
MUNICIPAL;TABOAO DA SERRA;EMBU DAS ARTES;EMBU DAS ARTES;0;227705;AMILTON SUGA GALLEGO PROF EM;Venezuela;2
MUNICIPAL;TABOAO DA SERRA;EMBU DAS ARTES;EMBU DAS ARTES;0;227729;ASTROGILDA DE ABREU SEVILHA PROFA EM;Venezuela;1
MUNICIPAL;TABOAO DA SERRA;EMBU DAS ARTES;EMBU DAS ARTES;0;227754;VILLA LOBOS EM;Saint Pierre et Miquelon;1
MUNICIPAL;TABOAO DA SERRA;EMBU DAS ARTES;EMBU DAS ARTES;0;239653;JOSSEI TODA PROF EM;Angola;1
MUNICIPAL;TABOAO DA SERRA;EMBU DAS ARTES;EMBU DAS ARTES;0;239653;JOSSEI TODA PROF EM;Haiti;1
MUNICIPAL;TABOAO DA SERRA;EMBU DAS ARTES;EMBU DAS ARTES;0;239653;JOSSEI TODA PROF EM;Venezuela;1
MUNICIPAL;TABOAO DA SERRA;EMBU DAS ARTES;EMBU DAS ARTES;0;239768;VISTA ALEGRE EM;Venezuela;1
MUNICIPAL;TABOAO DA SERRA;EMBU DAS ARTES;EMBU DAS ARTES;0;244624;REYNALDO RAMOS SALDANHA DA GAMA PROF EM;Bolívia;2
MUNICIPAL;TABOAO DA SERRA;EMBU DAS ARTES;EMBU DAS ARTES;0;244636;ELZA MAREIRO MEDINA PROFA EM;Líbano;1
MUNICIPAL;TABOAO DA SERRA;EMBU DAS ARTES;EMBU DAS ARTES;0;285560;PAULO FREIRE PROFESSOR EM;Venezuela;1
MUNICIPAL;TABOAO DA SERRA;TABOAO DA SERRA;TABOAO DA SERRA;0;69991;VINICIUS DE MORAES EMEF;Haiti;1
MUNICIPAL;TABOAO DA SERRA;TABOAO DA SERRA;TABOAO DA SERRA;0;78232;NARIZINHO EMEI;Venezuela;1
MUNICIPAL;TABOAO DA SERRA;TABOAO DA SERRA;TABOAO DA SERRA;0;78244;SACI PERERE EMEI;Bolívia;1
MUNICIPAL;TABOAO DA SERRA;TABOAO DA SERRA;TABOAO DA SERRA;0;81486;RUI BARBOSA EMEFEM;Venezuela;1
MUNICIPAL;TABOAO DA SERRA;TABOAO DA SERRA;TABOAO DA SERRA;0;90554;HEITOR VILLA LOBOS EMEF;Venezuela;1
MUNICIPAL;TABOAO DA SERRA;TABOAO DA SERRA;TABOAO DA SERRA;0;94341;ANJINHO EMEI;Venezuela;1
MUNICIPAL;TABOAO DA SERRA;TABOAO DA SERRA;TABOAO DA SERRA;0;99375;PELEZINHO EMEI;Chile;1
MUNICIPAL;TABOAO DA SERRA;TABOAO DA SERRA;TABOAO DA SERRA;0;203185;PAULO FREIRE EMEF;Angola;1
MUNICIPAL;TABOAO DA SERRA;TABOAO DA SERRA;TABOAO DA SERRA;0;203185;PAULO FREIRE EMEF;Congo, República Democrática do (antigo Zaire);1
MUNICIPAL;TABOAO DA SERRA;TABOAO DA SERRA;TABOAO DA SERRA;0;203185;PAULO FREIRE EMEF;Venezuela;2
MUNICIPAL;TABOAO DA SERRA;TABOAO DA SERRA;TABOAO DA SERRA;0;203269;PITECO EMEI;Chile;1
MUNICIPAL;TABOAO DA SERRA;TABOAO DA SERRA;TABOAO DA SERRA;0;203269;PITECO EMEI;Haiti;2
MUNICIPAL;TABOAO DA SERRA;TABOAO DA SERRA;TABOAO DA SERRA;0;220224;MACHADO DE ASSIS EMEF;Venezuela;1
MUNICIPAL;TABOAO DA SERRA;TABOAO DA SERRA;TABOAO DA SERRA;0;244661;ARMANDO DE ANDRADE EMEF;Bolívia;1
MUNICIPAL;TABOAO DA SERRA;TABOAO DA SERRA;TABOAO DA SERRA;0;244661;ARMANDO DE ANDRADE EMEF;Espanha;1
MUNICIPAL;TABOAO DA SERRA;TABOAO DA SERRA;TABOAO DA SERRA;0;275918;THEREZINHA VOLPATO BARO PROFA EMEF;Bolívia;1
MUNICIPAL;TABOAO DA SERRA;TABOAO DA SERRA;TABOAO DA SERRA;0;354348;DARCY RIBEIRO ESCOLA MUNICIPAL DE EDUCACAO BASICA;Cuba;1
MUNICIPAL;TABOAO DA SERRA;TABOAO DA SERRA;TABOAO DA SERRA;0;448035;ASAS BRANCAS EMEB;Bolívia;1
MUNICIPAL;TABOAO DA SERRA;TABOAO DA SERRA;TABOAO DA SERRA;0;463361;JORGE AMADO EMEB;Qatar;1
MUNICIPAL;TAQUARITINGA;CANDIDO RODRIGUES;CANDIDO RODRIGUES;0;221831;RIZZIERI POLETTI EM;Japão;2
MUNICIPAL;TAQUARITINGA;CANDIDO RODRIGUES;CANDIDO RODRIGUES;44;298554;JOAO SANDRIN CASA DA CRIANCA;Japão;2
MUNICIPAL;TAQUARITINGA;FERNANDO PRESTES;FERNANDO PRESTES;0;293222;SOPHIA ATHAYDE PEDRASSOLI PROFESSORA EMEB;Japão;1
MUNICIPAL;TAQUARITINGA;IBITINGA;IBITINGA;0;63642;BENEDITO TEIXEIRA DE MACEDO PROFESSOR EMEFEM;Haiti;1
MUNICIPAL;TAQUARITINGA;IBITINGA;IBITINGA;0;224881;DELFINA GOMES DA FONSECA EMEIEF;Bolívia;1
MUNICIPAL;TAQUARITINGA;IBITINGA;IBITINGA;0;224881;DELFINA GOMES DA FONSECA EMEIEF;Venezuela;1
MUNICIPAL;TAQUARITINGA;ITAPOLIS;ITAPOLIS;0;276571;JOSE TOLEDO DE MENDONCA PROFESSOR EMEF;Itália;1
MUNICIPAL;TAQUARITINGA;TAQUARITINGA;TAQUARITINGA;0;208619;JOAO AIELLO COMENDADOR EMEI;Venezuela;1
MUNICIPAL;TAQUARITINGA;TAQUARITINGA;TAQUARITINGA;0;214292;EMEB PROFESSOR MODESTO BOHRER;Venezuela;2
MUNICIPAL;TAQUARITINGA;TAQUARITINGA;TAQUARITINGA;0;227626;DOMINGUES DA SILVA EM;Japão;1
MUNICIPAL;TAQUARITINGA;TAQUARITINGA;TAQUARITINGA;0;227648;JERSSEY DE PAULA FERREIRA RAMALHO PROFESSORA EM;Venezuela;1
MUNICIPAL;TAUBATE;CACAPAVA;CACAPAVA;0;56856;EDMIR VIANA DE MOURA EMEF;Espanha;1
MUNICIPAL;TAUBATE;CACAPAVA;CACAPAVA;0;78116;AURORA PAES DA COSTA PROFA EMEI DONA LOLO;Argentina;1
MUNICIPAL;TAUBATE;CACAPAVA;CACAPAVA;0;233717;LOURDES ARAUJO JULIANO DE ALMEIDA PROFA EMEI;Egipto;1
MUNICIPAL;TAUBATE;CACAPAVA;CACAPAVA;0;246542;ANTONIO PEREIRA BUENO DR EMEF;Colômbia;1
MUNICIPAL;TAUBATE;CACAPAVA;CACAPAVA;0;246542;ANTONIO PEREIRA BUENO DR EMEF;Espanha;1
MUNICIPAL;TAUBATE;CACAPAVA;CACAPAVA;0;270775;EMEIPI HERCILIA DE GODOY ARAUJO;Austrália;1
MUNICIPAL;TAUBATE;JAMBEIRO;JAMBEIRO;0;66400;SONIA MARIA ALENCAR PROFESSORA UNID PRE ESCOLAR MUNICIPAL;Equador;1
MUNICIPAL;TAUBATE;SAO LUIZ DO PARAITINGA;SAO LUIZ DO PARAITINGA;0;245471;DOMINGUES DE CASTRO EMEF;Síria;1
MUNICIPAL;TAUBATE;TAUBATE;TAUBATE;0;57046;MARIA LUIZA DA SILVA EMEI;Chile;1
MUNICIPAL;TAUBATE;TAUBATE;TAUBATE;0;57071;CELESTE IRMA CRECHE COMUNITARIA MUNICIPAL;Colômbia;2
MUNICIPAL;TAUBATE;TAUBATE;TAUBATE;0;121873;MARIA ISABEL PEREIRA RIBEIRO PROFESSORA CRECHE MUNICIPAL;México;1
MUNICIPAL;TAUBATE;TAUBATE;TAUBATE;0;195819;ARTHUR SALVATTI FREI EMEF;Venezuela;1
MUNICIPAL;TAUBATE;TAUBATE;TAUBATE;0;195820;ERNANI BARROS MORGADO EMEF;Colômbia;2
MUNICIPAL;TAUBATE;TAUBATE;TAUBATE;0;195832;WALTER THAUMATURGO PROF EMEF;Venezuela;1
MUNICIPAL;TAUBATE;TAUBATE;TAUBATE;0;196997;CARMELITA SANTOS DE OLIVEIRA EMEI;Espanha;1
MUNICIPAL;TAUBATE;TAUBATE;TAUBATE;0;211588;ALEXANDRE GANDHI DE SOUZA LACERDA TTE EMEI;Colômbia;1
MUNICIPAL;TAUBATE;TAUBATE;TAUBATE;0;211588;ALEXANDRE GANDHI DE SOUZA LACERDA TTE EMEI;Venezuela;1
MUNICIPAL;TAUBATE;TAUBATE;TAUBATE;0;229611;ALVARO MARCONDES DE MATTOS PREFEITO EMEF;Espanha;1
MUNICIPAL;TAUBATE;TAUBATE;TAUBATE;0;229623;JOSE ANGELO VICTAL DIACONO EMEF;Estados Unidos da América;1
MUNICIPAL;TAUBATE;TAUBATE;TAUBATE;0;229623;JOSE ANGELO VICTAL DIACONO EMEF;Venezuela;2
MUNICIPAL;TAUBATE;TAUBATE;TAUBATE;0;229635;JOSE ANTONIO DO COUTO DOM EMEF;Colômbia;1
MUNICIPAL;TAUBATE;TAUBATE;TAUBATE;0;246177;CLAUDIO CESAR GUILHERME DE TOLEDO PROF EMEF;Colômbia;2
MUNICIPAL;TAUBATE;TAUBATE;TAUBATE;0;246189;LUIZ RIBEIRO MUNIZ PROF EMEF;Espanha;2
MUNICIPAL;TAUBATE;TAUBATE;TAUBATE;0;249403;JOSE SIMPLICIO PROF EMEI;Venezuela;1
MUNICIPAL;TAUBATE;TAUBATE;TAUBATE;0;265056;FEGO CAMARGO MAESTRO ESCOLA MUNICIPAL DE ARTES;China;1
MUNICIPAL;TAUBATE;TAUBATE;TAUBATE;0;267375;QUIRINO DOUTOR EMEF;Colômbia;2
MUNICIPAL;TAUBATE;TAUBATE;TAUBATE;0;267375;QUIRINO DOUTOR EMEF;Japão;1
MUNICIPAL;TAUBATE;TAUBATE;TAUBATE;0;267387;ERNANI GIANNICO PROF EMEF;Colômbia;1
MUNICIPAL;TAUBATE;TAUBATE;TAUBATE;0;267399;JUVENAL DA COSTA E SILVA PROF EMEF;Colômbia;7
MUNICIPAL;TAUBATE;TAUBATE;TAUBATE;0;267399;JUVENAL DA COSTA E SILVA PROF EMEF;Peru;1
MUNICIPAL;TAUBATE;TAUBATE;TAUBATE;0;267417;LUIZ AUGUSTO DA SILVA PROF EMEF;Haiti;2
MUNICIPAL;TAUBATE;TAUBATE;TAUBATE;0;267429;JOSE LUIZ PEREIRA RIBEIRO CONEGO EMEF;Colômbia;1
MUNICIPAL;TAUBATE;TAUBATE;TAUBATE;0;270350;MARISA LAPIDO BARBOSA PROFA EMIEF;Japão;1
MUNICIPAL;TAUBATE;TAUBATE;TAUBATE;0;270350;MARISA LAPIDO BARBOSA PROFA EMIEF;Peru;1
MUNICIPAL;TAUBATE;TAUBATE;TAUBATE;0;273454;EVARISTO CAMPISTA CESAR MONSENHOR EMEF;Colômbia;1
MUNICIPAL;TAUBATE;TAUBATE;TAUBATE;0;298360;CELINA MONTEIRO DE CASTRO PROFA EMEF;Colômbia;1
MUNICIPAL;TAUBATE;TAUBATE;TAUBATE;0;344552;EVERTON VENDRAMEL DE CASTRO CHAGAS SARGENTO EMIEF;Venezuela;1
MUNICIPAL;TAUBATE;TAUBATE;TAUBATE;0;455234;JUDITH CAMPISTA CESAR PROFESSORA EMEF;Venezuela;7
MUNICIPAL;TAUBATE;TAUBATE;TAUBATE;0;457197;ANNA DOS R SIGNORINI PROFA EMIEFM;Espanha;1
MUNICIPAL;TAUBATE;TAUBATE;TAUBATE;44;571817;UNIDADE DE ENSINO INTEGRAL HILDEBRANDO ROCHA;Haiti;1
MUNICIPAL;TAUBATE;TAUBATE;TAUBATE;44;571854;UNIDADE DE ENSINO INTEGRAL PROF? THEREZA VILLARTA GONCALVES;Colômbia;1
MUNICIPAL;TAUBATE;TAUBATE;TAUBATE;44;571908;UNIDADE DE ENSINO INTEGRAL PADRE PEDRO LOPES;Venezuela;2
MUNICIPAL;TUPA;PARAPUA;PARAPUA;0;415736;ZIZI PEREIRA DE SOUZA PROFA EMEF;Japão;1
MUNICIPAL;TUPA;PARAPUA;PARAPUA;0;415736;ZIZI PEREIRA DE SOUZA PROFA EMEF;Venezuela;1
MUNICIPAL;TUPA;QUATA;QUATA;0;247601;LUIZ GAGLIARDI EMEIEF;Venezuela;1
MUNICIPAL;TUPA;RANCHARIA;RANCHARIA;0;81760;EM PROF OSWALDO OLMEDO;Japão;1
MUNICIPAL;TUPA;RANCHARIA;RANCHARIA;0;81760;EM PROF OSWALDO OLMEDO;Venezuela;1
MUNICIPAL;TUPA;RANCHARIA;RANCHARIA;0;233500;EM DONA MILOCA;Espanha;1
MUNICIPAL;TUPA;RANCHARIA;RANCHARIA;0;242925;EMEI PROF? VERA SLOBODTICOV DE LIMA;Venezuela;1
MUNICIPAL;TUPA;TUPA;TUPA;0;72631;EMEIEF PROFESSOR JOSE MARIS;Venezuela;1
MUNICIPAL;TUPA;TUPA;TUPA;0;83471;EMEIEF PROFESSORA ENEDINA BOTTEON;Venezuela;2
MUNICIPAL;TUPA;TUPA;TUPA;0;231174;IRENE RESINA MIGLIURUCCI PROFA CRECHE MUNICIPAL;Venezuela;2
MUNICIPAL;TUPA;TUPA;TUPA;0;270763;ALMERINDA RAMOS DE SOUZA LEAO CRECHE ESCOLA;Colômbia;1
MUNICIPAL;TUPA;TUPA;TUPA;0;270763;ALMERINDA RAMOS DE SOUZA LEAO CRECHE ESCOLA;Venezuela;1
MUNICIPAL;TUPA;TUPA;TUPA;0;642551;CINTIA DOS REIS OLIVEIRA CMEI;Venezuela;1
MUNICIPAL;VOTORANTIM;ARACOIABA DA SERRA;ARACOIABA DA SERRA;0;392340;OSMAR GIACOMELLI PROFESSOR CENTRO INTEGRADO DE EDUCACAO;Japão;1
MUNICIPAL;VOTORANTIM;CAPELA DO ALTO;CAPELA DO ALTO;0;277757;MARIA ELZA LAZARA LOPES EMEF;Venezuela;2
MUNICIPAL;VOTORANTIM;CAPELA DO ALTO;CAPELA DO ALTO;0;282273;TEREZA QUEVEDO LOPES EMEI;Venezuela;1
MUNICIPAL;VOTORANTIM;PIEDADE;PIEDADE;0;58506;ANTONIO ROLIM DA SILVA CEMEI;Japão;1
MUNICIPAL;VOTORANTIM;PIEDADE;PIEDADE;0;274549;MYRIAM SILVA BASTOS PROFESSORA EMEIEF;Venezuela;1
MUNICIPAL;VOTORANTIM;PILAR DO SUL;PILAR DO SUL;0;220103;MARIA DE LOURDES OLIVEIRA IHA PROFESSORA EMEF;Japão;3
MUNICIPAL;VOTORANTIM;PILAR DO SUL;PILAR DO SUL;0;220103;MARIA DE LOURDES OLIVEIRA IHA PROFESSORA EMEF;Síria;1
MUNICIPAL;VOTORANTIM;SALTO DE PIRAPORA;SALTO DE PIRAPORA;0;4313;EMEF VEREADORA CELIA DIAS BATISTA DOS SANTOS;Japão;1
MUNICIPAL;VOTORANTIM;SALTO DE PIRAPORA;SALTO DE PIRAPORA;0;4313;EMEF VEREADORA CELIA DIAS BATISTA DOS SANTOS;Portugal;1
MUNICIPAL;VOTORANTIM;SALTO DE PIRAPORA;SALTO DE PIRAPORA;0;393733;SILVIA HADDAD PROFESSORA EMEF;Haiti;1
MUNICIPAL;VOTORANTIM;SALTO DE PIRAPORA;SALTO DE PIRAPORA;0;451198;PRACIDIO BARROS DE OLIVEIRA VEREADOR EMEF;África do Sul;1
MUNICIPAL;VOTORANTIM;SALTO DE PIRAPORA;SALTO DE PIRAPORA;0;451198;PRACIDIO BARROS DE OLIVEIRA VEREADOR EMEF;Guiné-Conacri;1
MUNICIPAL;VOTORANTIM;SALTO DE PIRAPORA;SALTO DE PIRAPORA;0;451198;PRACIDIO BARROS DE OLIVEIRA VEREADOR EMEF;Japão;1
MUNICIPAL;VOTORANTIM;SALTO DE PIRAPORA;SALTO DE PIRAPORA;0;497459;RECANTO SAO MANOEL EMEIF;Japão;1
MUNICIPAL;VOTORANTIM;VOTORANTIM;VOTORANTIM;0;58543;MARIA HELENA DE MORAES SCRIPILLITTI EMEIEF;Portugal;1
MUNICIPAL;VOTORANTIM;VOTORANTIM;VOTORANTIM;0;66667;ROMANA FREDERICH BAUCH EMEI;Haiti;1
MUNICIPAL;VOTORANTIM;VOTORANTIM;VOTORANTIM;0;67261;ANTONIO MARCIANO EMEIEF;Venezuela;1
MUNICIPAL;VOTORANTIM;VOTORANTIM;VOTORANTIM;0;227785;EUGENIA MARIA DA SILVEIRA CRECHE;Colômbia;1
MUNICIPAL;VOTORANTIM;VOTORANTIM;VOTORANTIM;0;241337;OSCAR BENTO MARIANO PROFESSOR EMEF;Haiti;5
MUNICIPAL;VOTORANTIM;VOTORANTIM;VOTORANTIM;0;241337;OSCAR BENTO MARIANO PROFESSOR EMEF;Portugal;1
MUNICIPAL;VOTORANTIM;VOTORANTIM;VOTORANTIM;0;244512;LUCINDA RODRIGUES PEREIRA IGNACIO EMEIEF;Colômbia;1
MUNICIPAL;VOTORANTIM;VOTORANTIM;VOTORANTIM;0;244512;LUCINDA RODRIGUES PEREIRA IGNACIO EMEIEF;Portugal;1
MUNICIPAL;VOTORANTIM;VOTORANTIM;VOTORANTIM;0;244512;LUCINDA RODRIGUES PEREIRA IGNACIO EMEIEF;Venezuela;3
MUNICIPAL;VOTORANTIM;VOTORANTIM;VOTORANTIM;0;244533;MERCEDES SANTUCCI PROFESSORA EMEF;Haiti;3
MUNICIPAL;VOTORANTIM;VOTORANTIM;VOTORANTIM;0;244533;MERCEDES SANTUCCI PROFESSORA EMEF;Paquistão;1
MUNICIPAL;VOTORANTIM;VOTORANTIM;VOTORANTIM;0;244545;EDITH MAGANINI PROFESSORA EMEIEF;Portugal;1
MUNICIPAL;VOTORANTIM;VOTORANTIM;VOTORANTIM;0;244545;EDITH MAGANINI PROFESSORA EMEIEF;Reino Unido da Grã-Bretanha e Irlanda do Norte;1
MUNICIPAL;VOTORANTIM;VOTORANTIM;VOTORANTIM;0;244545;EDITH MAGANINI PROFESSORA EMEIEF;Venezuela;8
MUNICIPAL;VOTORANTIM;VOTORANTIM;VOTORANTIM;0;273442;DIDES CRISPIM ALMEIDA ANTONIO PROFESSOR EMEF;Bolívia;1
MUNICIPAL;VOTUPORANGA;ALVARES FLORENCE;ALVARES FLORENCE;0;234187;NILZA COSTA RODRIGUES PROFA CENTRO MUNICIPAL DE EDUCACAO;Paraguai;1
MUNICIPAL;VOTUPORANGA;AMERICO DE CAMPOS;AMERICO DE CAMPOS;0;64816;JOSE JABUR PROFESSOR EM;Japão;1
MUNICIPAL;VOTUPORANGA;AMERICO DE CAMPOS;AMERICO DE CAMPOS;0;277769;FRANCISCO DE VILAR HORTA EMEF;Cuba;1
MUNICIPAL;VOTUPORANGA;COSMORAMA;COSMORAMA;0;205692;ANTONIO PAPINI CENTRO EDUCACIONAL;Bolívia;1
MUNICIPAL;VOTUPORANGA;NHANDEARA;NHANDEARA;0;283125;JOAQUIM FERNANDES DE MELO EMEF;Venezuela;2
MUNICIPAL;VOTUPORANGA;PAULO DE FARIA;PAULO DE FARIA;0;226524;VICENTE LUIZ DA COSTA EMEB;Japão;1
MUNICIPAL;VOTUPORANGA;VALENTIM GENTIL;VALENTIM GENTIL;0;241301;VICENTE SANTORO EMEF;Espanha;1
MUNICIPAL;VOTUPORANGA;VOTUPORANGA;VOTUPORANGA;0;72151;MERCEDES FERNANDES DE LIMA PROFESSORA CEMEI;Venezuela;1
MUNICIPAL;VOTUPORANGA;VOTUPORANGA;VOTUPORANGA;0;130679;ANITA LIEVANA CAMARGO PROFESSORA CENTRO EDUCACAO MUNICIPAL;Cuba;1
MUNICIPAL;VOTUPORANGA;VOTUPORANGA;VOTUPORANGA;0;221193;IRMA PANSANI MARIN PROFESSORA CEM;Venezuela;1
MUNICIPAL;VOTUPORANGA;VOTUPORANGA;VOTUPORANGA;0;229763;AMELIA LUCINDA DE JESUS CEMEI;Colômbia;1
MUNICIPAL;VOTUPORANGA;VOTUPORANGA;VOTUPORANGA;0;277782;MARIA MARTINS E LOURENCO PROFESSORA CEM;Venezuela;1
MUNICIPAL;VOTUPORANGA;VOTUPORANGA;VOTUPORANGA;0;280756;ABILIO CALILE DOUTOR CEMEI;Japão;1
MUNICIPAL;VOTUPORANGA;VOTUPORANGA;VOTUPORANGA;0;282868;MARIA IZABEL MARTINS DE OLIVEIRA PROFESSORA CEM;Espanha;1
MUNICIPAL;VOTUPORANGA;VOTUPORANGA;VOTUPORANGA;0;282873;NARCISO PIERONI DEPUTADO CEM;Japão;1
MUNICIPAL;VOTUPORANGA;VOTUPORANGA;VOTUPORANGA;0;282873;NARCISO PIERONI DEPUTADO CEM;Venezuela;2
PRIVADA;ADAMANTINA;ADAMANTINA;ADAMANTINA;0;197221;ADAMANTINENSE COLEGIO;Estados Unidos da América;2
PRIVADA;ADAMANTINA;ADAMANTINA;ADAMANTINA;0;197221;ADAMANTINENSE COLEGIO;Japão;2
PRIVADA;ADAMANTINA;ADAMANTINA;ADAMANTINA;0;268410;CRISTA DE ENSINO ESCOLA;Japão;3
PRIVADA;ADAMANTINA;ADAMANTINA;ADAMANTINA;40;809469;CLELIA MERLONI MADRE COLEGIO;Canadá;1
PRIVADA;ADAMANTINA;ADAMANTINA;ADAMANTINA;40;809469;CLELIA MERLONI MADRE COLEGIO;Japão;1
PRIVADA;ADAMANTINA;DRACENA;DRACENA;0;117055;GUMERCINDO CORREA DE ALMEIDA MORAES PROF ESCOLA;Espanha;1
PRIVADA;ADAMANTINA;DRACENA;DRACENA;0;152473;LILIANA GONZAGA PROFA ESCOLA DE EF E EM;Itália;2
PRIVADA;ADAMANTINA;DRACENA;DRACENA;0;152473;LILIANA GONZAGA PROFA ESCOLA DE EF E EM;Japão;2
PRIVADA;ADAMANTINA;OSVALDO CRUZ;OSVALDO CRUZ;0;305595;APOLO COLEGIO;Japão;2
PRIVADA;ADAMANTINA;PACAEMBU;PACAEMBU;0;159694;PACAEMBU COLEGIO ENSINO FUNDAMENTAL E MEDIO;Japão;2
PRIVADA;AMERICANA;AMERICANA;AMERICANA;0;4385;COLEGIO AMERICANA KIDS;Suíça;2
PRIVADA;AMERICANA;AMERICANA;AMERICANA;0;112100;JARDIM ENCANTADO;Bélgica;2
PRIVADA;AMERICANA;AMERICANA;AMERICANA;0;112124;DOM PEDRO II COLEGIO;Chile;1
PRIVADA;AMERICANA;AMERICANA;AMERICANA;0;125647;INDEPENDENTE DE AMERICANA CENTRO EDUCACIONAL;Bolívia;1
PRIVADA;AMERICANA;AMERICANA;AMERICANA;0;125647;INDEPENDENTE DE AMERICANA CENTRO EDUCACIONAL;Chile;1
PRIVADA;AMERICANA;AMERICANA;AMERICANA;0;125647;INDEPENDENTE DE AMERICANA CENTRO EDUCACIONAL;Coreia do Sul;1
PRIVADA;AMERICANA;AMERICANA;AMERICANA;0;125647;INDEPENDENTE DE AMERICANA CENTRO EDUCACIONAL;Coreia, República Democrática da (Coreia do Norte);1
PRIVADA;AMERICANA;AMERICANA;AMERICANA;0;125647;INDEPENDENTE DE AMERICANA CENTRO EDUCACIONAL;Itália;1
PRIVADA;AMERICANA;AMERICANA;AMERICANA;0;125647;INDEPENDENTE DE AMERICANA CENTRO EDUCACIONAL;Suécia;1
PRIVADA;AMERICANA;AMERICANA;AMERICANA;0;125659;AMERICANA INSTITUTO EDUCACIONAL DE;Japão;1
PRIVADA;AMERICANA;AMERICANA;AMERICANA;0;125659;AMERICANA INSTITUTO EDUCACIONAL DE;Venezuela;2
PRIVADA;AMERICANA;AMERICANA;AMERICANA;0;140600;POLITEC COLEGIO;Japão;1
PRIVADA;AMERICANA;AMERICANA;AMERICANA;0;140600;POLITEC COLEGIO;Venezuela;1
PRIVADA;AMERICANA;AMERICANA;AMERICANA;0;144502;ANGLO CEZANNE COLEGIO;Bolívia;1
PRIVADA;AMERICANA;AMERICANA;AMERICANA;0;144502;ANGLO CEZANNE COLEGIO;Estados Unidos da América;1
PRIVADA;AMERICANA;AMERICANA;AMERICANA;0;166686;ADVENTISTA DE AMERICANA ESCOLA;Paraguai;1
PRIVADA;AMERICANA;AMERICANA;AMERICANA;0;174294;AMERICANA COLEGIO;México;1
PRIVADA;AMERICANA;AMERICANA;AMERICANA;0;264039;VISAO COLEGIO TECNICO EDUCACIONAL;Bolívia;1
PRIVADA;AMERICANA;AMERICANA;AMERICANA;0;264039;VISAO COLEGIO TECNICO EDUCACIONAL;Colômbia;1
PRIVADA;AMERICANA;AMERICANA;AMERICANA;0;264039;VISAO COLEGIO TECNICO EDUCACIONAL;Haiti;1
PRIVADA;AMERICANA;AMERICANA;AMERICANA;0;496339;PEQUENO CIDADAO DE AMERICANA ESCOLA DE EDUCACAO INFANTIL;Bolívia;1
PRIVADA;AMERICANA;AMERICANA;AMERICANA;12;79947;SENAC AMERICANA;Haiti;1
PRIVADA;AMERICANA;AMERICANA;AMERICANA;14;125040;SESI 422 CENTRO EDUCACIONAL;Espanha;1
PRIVADA;AMERICANA;AMERICANA;AMERICANA;48;429132;SAO DOMINGOS CENTRO DE ORIENTACAO HUMANA;Venezuela;1
PRIVADA;AMERICANA;NOVA ODESSA;NOVA ODESSA;0;144526;NOVA ODESSA COLEGIO EDUCACIONAL DE;Bolívia;1
PRIVADA;AMERICANA;NOVA ODESSA;NOVA ODESSA;0;144526;NOVA ODESSA COLEGIO EDUCACIONAL DE;China;1
PRIVADA;AMERICANA;NOVA ODESSA;NOVA ODESSA;0;153217;NETWORK COLEGIO;Haiti;2
PRIVADA;AMERICANA;NOVA ODESSA;NOVA ODESSA;0;153242;BIOCENTRICO COLEGIO;Chile;1
PRIVADA;AMERICANA;NOVA ODESSA;NOVA ODESSA;0;155743;SAO CAETANO INSTITUTO;Portugal;1
PRIVADA;AMERICANA;NOVA ODESSA;NOVA ODESSA;0;169705;CASTELINHO CENTRO EDUCACIONAL;Portugal;1
PRIVADA;AMERICANA;NOVA ODESSA;NOVA ODESSA;1;146158;APAE DE NOVA ODESSA;Portugal;1
PRIVADA;AMERICANA;SANTA BARBARA D'OESTE;SANTA BARBARA D'OESTE;0;135926;A SEMENTINHA ESCOLA DE EDUCACAO INFANTIL;França;2
PRIVADA;AMERICANA;SANTA BARBARA D'OESTE;SANTA BARBARA D'OESTE;0;140612;PILARES COLEGIO;China;2
PRIVADA;AMERICANA;SANTA BARBARA D'OESTE;SANTA BARBARA D'OESTE;0;578964;ESCOLA DE EDUCACAO INFANTIL O CAMINHO;Venezuela;1
PRIVADA;AMERICANA;SANTA BARBARA D'OESTE;SANTA BARBARA D'OESTE;0;811488;RAIO DE SOL E E I;Bolívia;1
PRIVADA;AMERICANA;SANTA BARBARA D'OESTE;SANTA BARBARA D'OESTE;1;145294;APAE DE SANTA BARBARA DOESTE;Paraguai;1
PRIVADA;AMERICANA;SANTA BARBARA D'OESTE;SANTA BARBARA D'OESTE;40;187501;ASSOCIACAO DE BENEFICIENCIA E EDUCACAO;Bolívia;1
PRIVADA;AMERICANA;SANTA BARBARA D'OESTE;SANTA BARBARA D'OESTE;40;187501;ASSOCIACAO DE BENEFICIENCIA E EDUCACAO;Chile;1
PRIVADA;AMERICANA;SANTA BARBARA D'OESTE;SANTA BARBARA D'OESTE;40;499092;FUNDACAO ROMI NEI;Nicarágua;1
PRIVADA;ANDRADINA;ANDRADINA;ANDRADINA;0;132792;RUI BARBOSA COLEGIO;Japão;1
PRIVADA;ANDRADINA;ANDRADINA;ANDRADINA;0;132792;RUI BARBOSA COLEGIO;Portugal;1
PRIVADA;ANDRADINA;ANDRADINA;ANDRADINA;0;584101;ESCOLA DE EDUCACAO INFANTIL E FUNDAMENTAL I SOSSEGO DA MAMAE;Espanha;1
PRIVADA;ANDRADINA;ANDRADINA;ANDRADINA;1;145865;APAE DE ANDRADINA;Japão;1
PRIVADA;ANDRADINA;ANDRADINA;ANDRADINA;14;116518;SESI 025 CENTRO EDUCACIONAL;Portugal;2
PRIVADA;ANDRADINA;ANDRADINA;ANDRADINA;40;383235;SANTA RITA DE CASSIA CRECHE;Austrália;1
PRIVADA;ANDRADINA;ANDRADINA;ANDRADINA;48;116543;STELLA MARIS COLEGIO;Japão;1
PRIVADA;ANDRADINA;ILHA SOLTEIRA;ILHA SOLTEIRA;0;168609;INSTITUTO DE EDUCACAO E CULTURA DO OESTE PAULISTA;Colômbia;1
PRIVADA;ANDRADINA;ILHA SOLTEIRA;ILHA SOLTEIRA;0;168609;INSTITUTO DE EDUCACAO E CULTURA DO OESTE PAULISTA;Japão;1
PRIVADA;ANDRADINA;PEREIRA BARRETO;PEREIRA BARRETO;0;116932;XI DE AGOSTO COLEGIO;Portugal;1
PRIVADA;APIAI;APIAI;APIAI;0;124321;CECILIA MEIRELLES COLEGIO;Bolívia;1
PRIVADA;ARACATUBA;ARACATUBA;ARACATUBA;0;7170;ESCOLA MAPLE BEAR;Estados Unidos da América;1
PRIVADA;ARACATUBA;ARACATUBA;ARACATUBA;0;116661;COLEGIO EXTENSAO;Japão;1
PRIVADA;ARACATUBA;ARACATUBA;ARACATUBA;0;124148;DINAMICO INSTITUTO EDUCACIONAL;Cuba;1
PRIVADA;ARACATUBA;ARACATUBA;ARACATUBA;0;132780;CIDADE DE ARACATUBA COLEGIO;Cuba;1
PRIVADA;ARACATUBA;ARACATUBA;ARACATUBA;0;132780;CIDADE DE ARACATUBA COLEGIO;Japão;1
PRIVADA;ARACATUBA;ARACATUBA;ARACATUBA;0;141434;ESCOLA SEB THATHI;Portugal;1
PRIVADA;ARACATUBA;ARACATUBA;ARACATUBA;0;142621;COLEGIO DEGRAU;Japão;1
PRIVADA;ARACATUBA;ARACATUBA;ARACATUBA;0;150988;UNICOLEGIO ARACATUBA;França;1
PRIVADA;ARACATUBA;ARACATUBA;ARACATUBA;0;150988;UNICOLEGIO ARACATUBA;Irlanda;1
PRIVADA;ARACATUBA;ARACATUBA;ARACATUBA;0;150988;UNICOLEGIO ARACATUBA;Portugal;1
PRIVADA;ARACATUBA;ARACATUBA;ARACATUBA;0;160600;COLEGIO ARACA;Japão;1
PRIVADA;ARACATUBA;ARACATUBA;ARACATUBA;0;167712;COLEGIO CARROSSEL;Cuba;2
PRIVADA;ARACATUBA;ARACATUBA;ARACATUBA;0;260186;ARACATUBA INSTITUTO EDUCACIONAL DE;Cuba;2
PRIVADA;ARACATUBA;ARACATUBA;ARACATUBA;13;147667;DUQUE DE CAXIAS ESCOLA SENAI;Venezuela;1
PRIVADA;ARACATUBA;ARACATUBA;ARACATUBA;14;116610;SESI 349 CENTRO EDUCACIONAL;Japão;1
PRIVADA;ARACATUBA;ARACATUBA;ARACATUBA;40;116646;NOSSA SENHORA APARECIDA COLEGIO;Estados Unidos da América;2
PRIVADA;ARACATUBA;ARACATUBA;ARACATUBA;48;561587;CASA DA CRIANCA ASSOCIACAO ASSIST SOC N SRA APARECIDA;Venezuela;1
PRIVADA;ARACATUBA;GUARARAPES;GUARARAPES;0;160581;LUMEN COLEGIO;Portugal;1
PRIVADA;ARACATUBA;GUARARAPES;GUARARAPES;14;116774;SESI 237 CENTRO EDUCACIONAL;Portugal;1
PRIVADA;ARACATUBA;GUARARAPES;GUARARAPES;44;576360;INSTITUTO NOSSA SENHORA DE FATIMA;Portugal;1
PRIVADA;ARACATUBA;VALPARAISO;VALPARAISO;0;809081;GERACAO VALPARAISO COLEGIO;Suécia;1
PRIVADA;ARARAQUARA;ARARAQUARA;ARARAQUARA;0;4990;YELLOWBUS EDUCACAO BILINGUE – INFANTIL E FUNDAMENTAL;Eslováquia;1
PRIVADA;ARARAQUARA;ARARAQUARA;ARARAQUARA;0;114157;PROGRESSO DE ARARAQUARA COLEGIO;Japão;1
PRIVADA;ARARAQUARA;ARARAQUARA;ARARAQUARA;0;124060;COEDUCAR INSTITUTO DE EDUCACAO;Alemanha;1
PRIVADA;ARARAQUARA;ARARAQUARA;ARARAQUARA;0;132603;INSTITUTO EDUCACIONAL DUQUE DE CAXIAS  UNIDADE II;África do Sul;1
PRIVADA;ARARAQUARA;ARARAQUARA;ARARAQUARA;0;132603;INSTITUTO EDUCACIONAL DUQUE DE CAXIAS  UNIDADE II;Estados Unidos da América;1
PRIVADA;ARARAQUARA;ARARAQUARA;ARARAQUARA;0;142897;PUERI DOMUS ARARAQUARA;Suécia;3
PRIVADA;ARARAQUARA;ARARAQUARA;ARARAQUARA;0;151257;MONTEIRO LOBATO LICEU;Bolívia;1
PRIVADA;ARARAQUARA;ARARAQUARA;ARARAQUARA;0;152031;SAPIENS COLLEGIUM;México;1
PRIVADA;ARARAQUARA;ARARAQUARA;ARARAQUARA;0;152031;SAPIENS COLLEGIUM;Países Baixos (Holanda);1
PRIVADA;ARARAQUARA;ARARAQUARA;ARARAQUARA;0;155147;COLEGIO EDUCATIVA;Andorra;1
PRIVADA;ARARAQUARA;ARARAQUARA;ARARAQUARA;0;155147;COLEGIO EDUCATIVA;Japão;2
PRIVADA;ARARAQUARA;ARARAQUARA;ARARAQUARA;0;155159;COLEGIO MASTER ANGLO DE ARARAQUARA;Chile;1
PRIVADA;ARARAQUARA;ARARAQUARA;ARARAQUARA;0;155159;COLEGIO MASTER ANGLO DE ARARAQUARA;Estados Unidos da América;1
PRIVADA;ARARAQUARA;ARARAQUARA;ARARAQUARA;0;169602;FANTASIA ESCOLA DE EDUCACAO INFANTIL E ENSINO FUNDAMENTAL;México;1
PRIVADA;ARARAQUARA;ARARAQUARA;ARARAQUARA;0;169602;FANTASIA ESCOLA DE EDUCACAO INFANTIL E ENSINO FUNDAMENTAL;Países Baixos (Holanda);1
PRIVADA;ARARAQUARA;ARARAQUARA;ARARAQUARA;0;174348;INTERATIVO ARARAQUARA CURSO E COLEGIO;Colômbia;1
PRIVADA;ARARAQUARA;ARARAQUARA;ARARAQUARA;0;174348;INTERATIVO ARARAQUARA CURSO E COLEGIO;Venezuela;3
PRIVADA;ARARAQUARA;ARARAQUARA;ARARAQUARA;0;188062;NATUREZA CENTRO EDUCACIONAL;Estados Unidos da América;1
PRIVADA;ARARAQUARA;ARARAQUARA;ARARAQUARA;0;188062;NATUREZA CENTRO EDUCACIONAL;Filipinas;1
PRIVADA;ARARAQUARA;ARARAQUARA;ARARAQUARA;0;445848;CONEXAO COLEGIO;Portugal;1
PRIVADA;ARARAQUARA;ARARAQUARA;ARARAQUARA;12;148830;SENAC ARARAQUARA;Estados Unidos da América;1
PRIVADA;ARARAQUARA;ARARAQUARA;ARARAQUARA;12;148830;SENAC ARARAQUARA;Peru;1
PRIVADA;ARARAQUARA;ARARAQUARA;ARARAQUARA;40;114194;SANTA TEREZINHA EXTERNATO;Colômbia;1
PRIVADA;ARARAQUARA;ARARAQUARA;ARARAQUARA;40;135781;ARARAQUARA ESCOLA ADVENTISTA DE;Japão;1
PRIVADA;ARARAQUARA;ARARAQUARA;ARARAQUARA;40;188136;MEIMEI ARARAQUARA CENTRO DE EDUCACAO INFANTIL;Colômbia;1
PRIVADA;ARARAQUARA;MATAO;MATAO;0;465859;MATONENSE DE ENSINO MEDIO COLEGIO;Japão;1
PRIVADA;ASSIS;ASSIS;ASSIS;0;4818;COLEGIO EDUCACIONAL VALE DO PARANAPANEMA;Japão;1
PRIVADA;ASSIS;ASSIS;ASSIS;0;4818;COLEGIO EDUCACIONAL VALE DO PARANAPANEMA;Portugal;1
PRIVADA;ASSIS;ASSIS;ASSIS;0;151427;MAIS ASSIS;Líbano;3
PRIVADA;ASSIS;ASSIS;ASSIS;0;156942;IPE DE ASSIS COLEGIO UNID I;Estados Unidos da América;1
PRIVADA;ASSIS;ASSIS;ASSIS;0;156942;IPE DE ASSIS COLEGIO UNID I;Portugal;1
PRIVADA;ASSIS;ASSIS;ASSIS;0;259858;AVANCADO DE ASSIS COLEGIO TECNICO;Guiné-Bissau;1
PRIVADA;ASSIS;ASSIS;ASSIS;0;259858;AVANCADO DE ASSIS COLEGIO TECNICO;Japão;1
PRIVADA;ASSIS;ASSIS;ASSIS;0;803200;SANTA CLARA COLEGIO II;China;1
PRIVADA;ASSIS;ASSIS;ASSIS;40;146006;ROTARY ESCOLA DE EDUCACAO ESPECIAL;Bolívia;1
PRIVADA;ASSIS;PARAGUACU PAULISTA;PARAGUACU PAULISTA;14;117420;SESI 380 CENTRO EDUCACIONAL;Japão;1
PRIVADA;AVARE;AVARE;AVARE;0;121770;PORTINARI COLEGIO;Japão;1
PRIVADA;AVARE;AVARE;AVARE;0;121770;PORTINARI COLEGIO;Portugal;1
PRIVADA;AVARE;AVARE;AVARE;0;152638;COLEGIO UNIVERSITARIO DE AVARE;Bolívia;1
PRIVADA;AVARE;AVARE;AVARE;0;173800;PINTANDO O SETE ESCOLA EDUCACAO INFANTIL;Bolívia;1
PRIVADA;AVARE;AVARE;AVARE;0;173800;PINTANDO O SETE ESCOLA EDUCACAO INFANTIL;Colômbia;1
PRIVADA;AVARE;AVARE;AVARE;0;175812;SISTEMA RIBRANE DE ENSINO;Argentina;3
PRIVADA;AVARE;AVARE;AVARE;0;175812;SISTEMA RIBRANE DE ENSINO;Japão;1
PRIVADA;AVARE;CERQUEIRA CESAR;CERQUEIRA CESAR;0;173782;CERQUEIRENCE COOPERATIVA EDUCACIONAL;Espanha;1
PRIVADA;AVARE;TAQUARITUBA;TAQUARITUBA;40;286485;CASA DA CRIANCA DE TAQUARITUBA ESCOLA DE EDUCACAO INFANTIL;Japão;1
PRIVADA;BARRETOS;BARRETOS;BARRETOS;0;114236;NOMELINI CIRANDINHA COLEGIO;Egipto;2
PRIVADA;BARRETOS;BARRETOS;BARRETOS;0;142827;COLEGIO BARRETOS;Japão;1
PRIVADA;BARRETOS;BARRETOS;BARRETOS;0;150484;COLEGIO E ESCOLA TECNICA DA FUNDACAO;Espanha;1
PRIVADA;BARRETOS;BARRETOS;BARRETOS;0;304414;PLUS COLEGIO;Japão;1
PRIVADA;BARRETOS;BARRETOS;BARRETOS;0;358472;LICEUTECPROFESSOR ROBERTO PACHECO DE OLIVEIRA;Colômbia;2
PRIVADA;BARRETOS;BARRETOS;BARRETOS;0;358472;LICEUTECPROFESSOR ROBERTO PACHECO DE OLIVEIRA;Japão;1
PRIVADA;BARRETOS;BARRETOS;BARRETOS;1;145543;APAE DE BARRETOS;Japão;1
PRIVADA;BARRETOS;COLINA;COLINA;1;146870;APAE DE COLINA;Chile;1
PRIVADA;BARRETOS;GUAIRA;GUAIRA;0;142815;IRUM CURUMIM ESCOLA DE EDUCACAO BASICA EDUCACAO PROFISSIONAL;Japão;1
PRIVADA;BARRETOS;GUAIRA;GUAIRA;0;466645;ANA LELIS SANTANA CENTRO EDUCACIONAL UNIDADE I;Estados Unidos da América;1
PRIVADA;BARRETOS;GUAIRA;GUAIRA;0;466645;ANA LELIS SANTANA CENTRO EDUCACIONAL UNIDADE I;Japão;2
PRIVADA;BARRETOS;GUAIRA;GUAIRA;0;466657;ANA LELIS SANTANA CENTRO EDUCACIONAL UNID II;Estados Unidos da América;1
PRIVADA;BARRETOS;OLIMPIA;OLIMPIA;0;141021;CENTRO EDUCACIONAL DE OLIMPIA UNIDADE I;Japão;1
PRIVADA;BAURU;AGUDOS;AGUDOS;0;440000;FAAG COLEGIO;Japão;1
PRIVADA;BAURU;AGUDOS;AGUDOS;14;115770;SESI 114 CENTRO EDUCACIONAL;Japão;1
PRIVADA;BAURU;BAURU;BAURU;0;6599;COLEGIO CHAMINADE;Japão;1
PRIVADA;BAURU;BAURU;BAURU;0;6942;EVOLUCAO EDUCACIONAL;Japão;1
PRIVADA;BAURU;BAURU;BAURU;0;115459;INTERATIVO COLEGIO UNIDADE I;Japão;1
PRIVADA;BAURU;BAURU;BAURU;0;116245;INTERATIVO COLEGIO UNIDADE II;França;1
PRIVADA;BAURU;BAURU;BAURU;0;118114;BATISTA BRASILEIRO  UNIDADE DE BAURU  COLEGIO;Estados Unidos da América;1
PRIVADA;BAURU;BAURU;BAURU;0;118114;BATISTA BRASILEIRO  UNIDADE DE BAURU  COLEGIO;Portugal;1
PRIVADA;BAURU;BAURU;BAURU;0;133279;COLEGIO PREVE BAURU;Angola;1
PRIVADA;BAURU;BAURU;BAURU;0;133279;COLEGIO PREVE BAURU;China;1
PRIVADA;BAURU;BAURU;BAURU;0;141070;GUEDES DE AZEVEDO ESCOLA;Paraguai;1
PRIVADA;BAURU;BAURU;BAURU;0;160441;PARAISO COLEGIO;Equador;2
PRIVADA;BAURU;BAURU;BAURU;0;160441;PARAISO COLEGIO;Japão;2
PRIVADA;BAURU;BAURU;BAURU;0;160453;BALAO AZUL DINAMICO ESCOLA EDUCACAO INF E ENS FUNDAMENTAL;Japão;1
PRIVADA;BAURU;BAURU;BAURU;0;165499;CRIATIVO COLEGIO;Argentina;1
PRIVADA;BAURU;BAURU;BAURU;0;165505;GERACAO COLEGIO;Japão;3
PRIVADA;BAURU;BAURU;BAURU;0;165517;GBI ESCOLA;Ucrânia;1
PRIVADA;BAURU;BAURU;BAURU;0;290518;REMBRANDT COC;Hungria;2
PRIVADA;BAURU;BAURU;BAURU;0;373886;DINCAO INSTITUTO DE ENSINO;Estados Unidos da América;1
PRIVADA;BAURU;BAURU;BAURU;0;373886;DINCAO INSTITUTO DE ENSINO;Itália;1
PRIVADA;BAURU;BAURU;BAURU;0;441995;FOUR C BILINGUAL ACADEMY;China;1
PRIVADA;BAURU;BAURU;BAURU;0;441995;FOUR C BILINGUAL ACADEMY;Reino Unido da Grã-Bretanha e Irlanda do Norte;2
PRIVADA;BAURU;BAURU;BAURU;0;442012;COLEGIO TESLA;Peru;1
PRIVADA;BAURU;BAURU;BAURU;0;481919;NOVO ANGLO BAURU;Peru;1
PRIVADA;BAURU;BAURU;BAURU;0;518748;DINCAO FUNDAMENTAL;Espanha;1
PRIVADA;BAURU;BAURU;BAURU;0;582876;COMPLEXO EDUCACIONAL JARDIM DAS LETRAS;Costa Rica;1
PRIVADA;BAURU;BAURU;BAURU;12;148885;SENAC BAURU;Angola;1
PRIVADA;BAURU;BAURU;BAURU;13;147643;JOAO MARTINS COUBE ESCOLA SENAI;Japão;1
PRIVADA;BAURU;BAURU;BAURU;14;115435;SESI 296 CENTRO EDUCACIONAL;Estados Unidos da América;1
PRIVADA;BAURU;BAURU;BAURU;40;115496;SAO JOSE COLEGIO;Espanha;2
PRIVADA;BAURU;BAURU;BAURU;40;191048;ASSOCIACAO DE PAIS PARA INTEGR ESC DA CRIANCA ESP APIECE;Angola;1
PRIVADA;BAURU;LENCOIS PAULISTA;LENCOIS PAULISTA;0;138174;COOPERATIVA EDUCACIONAL DE LENCOIS PAULISTA COOPERELP;China;1
PRIVADA;BAURU;PIRATININGA;PIRATININGA;0;196010;POSITIVO DE PIRATININGA CENTRO EDUCACIONAL;Japão;1
PRIVADA;BIRIGUI;BIRIGUI;BIRIGUI;0;100419;ZETA SISTEMA DE ENSINO DE BIRIGUI;Japão;1
PRIVADA;BIRIGUI;BIRIGUI;BIRIGUI;0;123419;NOVA GERACAO COOPERADA;Japão;1
PRIVADA;BIRIGUI;BIRIGUI;BIRIGUI;14;116816;SESI 148 CENTRO EDUCACIONAL;Portugal;1
PRIVADA;BIRIGUI;BIRIGUI;BIRIGUI;40;4788;CENTRO DE EDUCACAO INFANTIL CARMEN NAJAS CAMARGO;Venezuela;1
PRIVADA;BIRIGUI;BIRIGUI;BIRIGUI;40;116853;NOROESTE INSTITUTO;Japão;2
PRIVADA;BIRIGUI;BIRIGUI;BIRIGUI;40;807540;JOSEFINA GONCALVES SILVA DONA CRECHE;Venezuela;1
PRIVADA;BOTUCATU;BOTUCATU;BOTUCATU;0;151324;INSTITUTO PRESBITERIANO DE EDUCACAO;China;1
PRIVADA;BOTUCATU;BOTUCATU;BOTUCATU;0;151324;INSTITUTO PRESBITERIANO DE EDUCACAO;Itália;2
PRIVADA;BOTUCATU;BOTUCATU;BOTUCATU;0;466153;ADV BOTUCATU UNIDADE IV COLEGIO;Estados Unidos da América;1
PRIVADA;BOTUCATU;BOTUCATU;BOTUCATU;0;581367;NOVO ANGLO BOTUCATU;Japão;1
PRIVADA;BOTUCATU;BOTUCATU;BOTUCATU;40;144897;AITIARA ESCOLA WALDORF DE ED INFANTIL FUNDAMENTAL E MEDIO;Alemanha;1
PRIVADA;BOTUCATU;BOTUCATU;BOTUCATU;40;144897;AITIARA ESCOLA WALDORF DE ED INFANTIL FUNDAMENTAL E MEDIO;Argentina;1
PRIVADA;BOTUCATU;BOTUCATU;BOTUCATU;40;144897;AITIARA ESCOLA WALDORF DE ED INFANTIL FUNDAMENTAL E MEDIO;Colômbia;1
PRIVADA;BOTUCATU;BOTUCATU;BOTUCATU;40;144897;AITIARA ESCOLA WALDORF DE ED INFANTIL FUNDAMENTAL E MEDIO;Equador;1
PRIVADA;BOTUCATU;BOTUCATU;BOTUCATU;40;144897;AITIARA ESCOLA WALDORF DE ED INFANTIL FUNDAMENTAL E MEDIO;Estados Unidos da América;1
PRIVADA;BOTUCATU;BOTUCATU;BOTUCATU;40;585403;CEI – CENTRO DE EDUCACAO INFANTIL MARANATA DO CONJUNTO RESIDENCIAL JARDIM MARIA LUIZA;Venezuela;1
PRIVADA;BOTUCATU;CESARIO LANGE;CESARIO LANGE;1;190329;ASSOCIACAO DE PAIS E AMIGOS DOS EXCEPCIONAIS;Japão;1
PRIVADA;BOTUCATU;CONCHAS;CONCHAS;0;151166;LUDICO DE CONCHAS COLEGIO;Estados Unidos da América;1
PRIVADA;BRAGANCA PAULISTA;ATIBAIA;ATIBAIA;0;4530;ESCOLA MAE TERRA BERCARIO E EDUCACAO INFANTIL;Chile;1
PRIVADA;BRAGANCA PAULISTA;ATIBAIA;ATIBAIA;0;4530;ESCOLA MAE TERRA BERCARIO E EDUCACAO INFANTIL;Itália;1
PRIVADA;BRAGANCA PAULISTA;ATIBAIA;ATIBAIA;0;5018;ESCOLA MAPLE BEAR ATIBAIA EDUCACAO INFANTIL E FUNDAMENTAL EIRELLI;Estados Unidos da América;1
PRIVADA;BRAGANCA PAULISTA;ATIBAIA;ATIBAIA;0;6046;ESCOLA DE EDUCACAO INFANTIL VILLA VIVA;Estados Unidos da América;1
PRIVADA;BRAGANCA PAULISTA;ATIBAIA;ATIBAIA;0;6275;ESPACO EDUCACIONAL UNIDADE 9;Rússia;1
PRIVADA;BRAGANCA PAULISTA;ATIBAIA;ATIBAIA;0;112306;SAO PAULO COLEGIO EDUC INF ENS FUND E MEDIO;Japão;2
PRIVADA;BRAGANCA PAULISTA;ATIBAIA;ATIBAIA;0;112318;SAO JOSE EXTERNATO;Estados Unidos da América;1
PRIVADA;BRAGANCA PAULISTA;ATIBAIA;ATIBAIA;0;112318;SAO JOSE EXTERNATO;Japão;1
PRIVADA;BRAGANCA PAULISTA;ATIBAIA;ATIBAIA;0;135951;CEFI ESCOLA;Reino Unido da Grã-Bretanha e Irlanda do Norte;1
PRIVADA;BRAGANCA PAULISTA;ATIBAIA;ATIBAIA;0;137224;ESPACO EDUCACAO BASICA COLEGIO;Espanha;1
PRIVADA;BRAGANCA PAULISTA;ATIBAIA;ATIBAIA;0;137224;ESPACO EDUCACAO BASICA COLEGIO;Estados Unidos da América;1
PRIVADA;BRAGANCA PAULISTA;ATIBAIA;ATIBAIA;0;137224;ESPACO EDUCACAO BASICA COLEGIO;Japão;1
PRIVADA;BRAGANCA PAULISTA;ATIBAIA;ATIBAIA;0;137881;ATIBAIA COLEGIO INTEGRADO DE;Argentina;1
PRIVADA;BRAGANCA PAULISTA;ATIBAIA;ATIBAIA;0;155664;CIDADE DE ATIBAIA COLEGIO;África do Sul;1
PRIVADA;BRAGANCA PAULISTA;ATIBAIA;ATIBAIA;0;168920;COLEGIO VANGUARDA;Japão;1
PRIVADA;BRAGANCA PAULISTA;ATIBAIA;ATIBAIA;0;185243;COLEGIO FAAT;Costa Rica;1
PRIVADA;BRAGANCA PAULISTA;ATIBAIA;ATIBAIA;0;185243;COLEGIO FAAT;Japão;1
PRIVADA;BRAGANCA PAULISTA;ATIBAIA;ATIBAIA;0;810859;PRIMEIROS PASSOS ESCOLA EDUC INFANTIL;França;1
PRIVADA;BRAGANCA PAULISTA;ATIBAIA;ATIBAIA;1;145324;APAE RAIO DE LUZ ESCOLA DE EDUCACAO E ENSINO FUND;Japão;1
PRIVADA;BRAGANCA PAULISTA;BRAGANCA PAULISTA;BRAGANCA PAULISTA;0;125222;CIDADE DE BRAGANCA PTA COLEGIO;China;1
PRIVADA;BRAGANCA PAULISTA;BRAGANCA PAULISTA;BRAGANCA PAULISTA;0;126949;GUIMARAES ROSA COLEGIO;África do Sul;1
PRIVADA;BRAGANCA PAULISTA;BRAGANCA PAULISTA;BRAGANCA PAULISTA;0;126949;GUIMARAES ROSA COLEGIO;Itália;1
PRIVADA;BRAGANCA PAULISTA;BRAGANCA PAULISTA;BRAGANCA PAULISTA;0;138733;INTEGRADO DE BRAGANCA PAULISTA COLEGIO;Bolívia;1
PRIVADA;BRAGANCA PAULISTA;BRAGANCA PAULISTA;BRAGANCA PAULISTA;0;138733;INTEGRADO DE BRAGANCA PAULISTA COLEGIO;Reino Unido da Grã-Bretanha e Irlanda do Norte;1
PRIVADA;BRAGANCA PAULISTA;BRAGANCA PAULISTA;BRAGANCA PAULISTA;0;150125;VIVERDE ESCOLA DE EDUCACAO BASICA;Itália;1
PRIVADA;BRAGANCA PAULISTA;BRAGANCA PAULISTA;BRAGANCA PAULISTA;0;159438;SANTA TEREZINHA INSTITUTO EDUCACIONAL;China;1
PRIVADA;BRAGANCA PAULISTA;BRAGANCA PAULISTA;BRAGANCA PAULISTA;0;159438;SANTA TEREZINHA INSTITUTO EDUCACIONAL;Espanha;1
PRIVADA;BRAGANCA PAULISTA;BRAGANCA PAULISTA;BRAGANCA PAULISTA;0;165396;SANTA BARBARA COLEGIO;Suíça;1
PRIVADA;BRAGANCA PAULISTA;BRAGANCA PAULISTA;BRAGANCA PAULISTA;0;365178;GUIMARAES ROSA INSTITUTO EDUCACIONAL;Portugal;2
PRIVADA;BRAGANCA PAULISTA;BRAGANCA PAULISTA;BRAGANCA PAULISTA;40;112392;ADVENTISTA DE BRAGANCA PAULISTA COLEGIO;Argentina;1
PRIVADA;BRAGANCA PAULISTA;BRAGANCA PAULISTA;BRAGANCA PAULISTA;40;112392;ADVENTISTA DE BRAGANCA PAULISTA COLEGIO;Haiti;1
PRIVADA;BRAGANCA PAULISTA;BRAGANCA PAULISTA;BRAGANCA PAULISTA;40;112392;ADVENTISTA DE BRAGANCA PAULISTA COLEGIO;Suécia;1
PRIVADA;BRAGANCA PAULISTA;PINHALZINHO;PINHALZINHO;0;158707;ANA VICTORIA INSTITUTO DE EDUCACAO;Japão;1
PRIVADA;BRAGANCA PAULISTA;PIRACAIA;PIRACAIA;0;5391;COLEGIO INSPIRA – ENSINO FUNDAMENTAL E MEDIO;Austrália;1
PRIVADA;BRAGANCA PAULISTA;PIRACAIA;PIRACAIA;0;5391;COLEGIO INSPIRA – ENSINO FUNDAMENTAL E MEDIO;Colômbia;2
PRIVADA;BRAGANCA PAULISTA;PIRACAIA;PIRACAIA;0;5391;COLEGIO INSPIRA – ENSINO FUNDAMENTAL E MEDIO;Japão;1
PRIVADA;BRAGANCA PAULISTA;SOCORRO;SOCORRO;0;125261;INSTITUTO XV DE AGOSTO;Espanha;2
PRIVADA;BRAGANCA PAULISTA;SOCORRO;SOCORRO;0;125261;INSTITUTO XV DE AGOSTO;Portugal;1
PRIVADA;BRAGANCA PAULISTA;SOCORRO;SOCORRO;0;158719;COLEGIO SOS;Suécia;1
PRIVADA;BRAGANCA PAULISTA;SOCORRO;SOCORRO;0;189170;VIVERDE ESCOLA DE EDUCACAO BASICA  SOCORRO;Japão;1
PRIVADA;BRAGANCA PAULISTA;SOCORRO;SOCORRO;0;189182;COLEGIO HORIZONTE;Portugal;1
PRIVADA;CAIEIRAS;CAIEIRAS;CAIEIRAS;0;266103;COLEGIO ARAUTOS DO EVANGELHO INTERNACIONAL  THABOR;Canadá;2
PRIVADA;CAIEIRAS;CAIEIRAS;CAIEIRAS;0;266103;COLEGIO ARAUTOS DO EVANGELHO INTERNACIONAL  THABOR;Colômbia;6
PRIVADA;CAIEIRAS;CAIEIRAS;CAIEIRAS;0;266103;COLEGIO ARAUTOS DO EVANGELHO INTERNACIONAL  THABOR;Dominicana, República;1
PRIVADA;CAIEIRAS;CAIEIRAS;CAIEIRAS;0;266103;COLEGIO ARAUTOS DO EVANGELHO INTERNACIONAL  THABOR;El Salvador;2
PRIVADA;CAIEIRAS;CAIEIRAS;CAIEIRAS;0;266103;COLEGIO ARAUTOS DO EVANGELHO INTERNACIONAL  THABOR;Equador;6
PRIVADA;CAIEIRAS;CAIEIRAS;CAIEIRAS;0;266103;COLEGIO ARAUTOS DO EVANGELHO INTERNACIONAL  THABOR;Espanha;3
PRIVADA;CAIEIRAS;CAIEIRAS;CAIEIRAS;0;266103;COLEGIO ARAUTOS DO EVANGELHO INTERNACIONAL  THABOR;Estados Unidos da América;1
PRIVADA;CAIEIRAS;CAIEIRAS;CAIEIRAS;0;266103;COLEGIO ARAUTOS DO EVANGELHO INTERNACIONAL  THABOR;Guatemala;1
PRIVADA;CAIEIRAS;CAIEIRAS;CAIEIRAS;0;266103;COLEGIO ARAUTOS DO EVANGELHO INTERNACIONAL  THABOR;Índia;1
PRIVADA;CAIEIRAS;CAIEIRAS;CAIEIRAS;0;266103;COLEGIO ARAUTOS DO EVANGELHO INTERNACIONAL  THABOR;Japão;1
PRIVADA;CAIEIRAS;CAIEIRAS;CAIEIRAS;0;266103;COLEGIO ARAUTOS DO EVANGELHO INTERNACIONAL  THABOR;México;1
PRIVADA;CAIEIRAS;CAIEIRAS;CAIEIRAS;0;266103;COLEGIO ARAUTOS DO EVANGELHO INTERNACIONAL  THABOR;Paraguai;5
PRIVADA;CAIEIRAS;CAIEIRAS;CAIEIRAS;0;266103;COLEGIO ARAUTOS DO EVANGELHO INTERNACIONAL  THABOR;Portugal;4
PRIVADA;CAIEIRAS;CAIEIRAS;CAIEIRAS;0;268562;OBJETIVO CAIEIRAS DE EDUCACAO INFANTIL E EDUC BASICA CO UNI;Reino Unido da Grã-Bretanha e Irlanda do Norte;1
PRIVADA;CAIEIRAS;CAIEIRAS;CAIEIRAS;0;385955;CRISTAO DE CAIEIRAS COLEGIO;Bolívia;3
PRIVADA;CAIEIRAS;CAIEIRAS;CAIEIRAS;0;441442;COLEGIO ARAUTOS DO EVANGELHO INTERNACIONAL  MONTE CARMELO;Bolívia;1
PRIVADA;CAIEIRAS;CAIEIRAS;CAIEIRAS;0;441442;COLEGIO ARAUTOS DO EVANGELHO INTERNACIONAL  MONTE CARMELO;Canadá;5
PRIVADA;CAIEIRAS;CAIEIRAS;CAIEIRAS;0;441442;COLEGIO ARAUTOS DO EVANGELHO INTERNACIONAL  MONTE CARMELO;Colômbia;8
PRIVADA;CAIEIRAS;CAIEIRAS;CAIEIRAS;0;441442;COLEGIO ARAUTOS DO EVANGELHO INTERNACIONAL  MONTE CARMELO;Costa Rica;2
PRIVADA;CAIEIRAS;CAIEIRAS;CAIEIRAS;0;441442;COLEGIO ARAUTOS DO EVANGELHO INTERNACIONAL  MONTE CARMELO;Dominicana, República;2
PRIVADA;CAIEIRAS;CAIEIRAS;CAIEIRAS;0;441442;COLEGIO ARAUTOS DO EVANGELHO INTERNACIONAL  MONTE CARMELO;El Salvador;2
PRIVADA;CAIEIRAS;CAIEIRAS;CAIEIRAS;0;441442;COLEGIO ARAUTOS DO EVANGELHO INTERNACIONAL  MONTE CARMELO;Espanha;3
PRIVADA;CAIEIRAS;CAIEIRAS;CAIEIRAS;0;441442;COLEGIO ARAUTOS DO EVANGELHO INTERNACIONAL  MONTE CARMELO;Estados Unidos da América;2
PRIVADA;CAIEIRAS;CAIEIRAS;CAIEIRAS;0;441442;COLEGIO ARAUTOS DO EVANGELHO INTERNACIONAL  MONTE CARMELO;Guatemala;1
PRIVADA;CAIEIRAS;CAIEIRAS;CAIEIRAS;0;441442;COLEGIO ARAUTOS DO EVANGELHO INTERNACIONAL  MONTE CARMELO;Índia;3
PRIVADA;CAIEIRAS;CAIEIRAS;CAIEIRAS;0;441442;COLEGIO ARAUTOS DO EVANGELHO INTERNACIONAL  MONTE CARMELO;Itália;1
PRIVADA;CAIEIRAS;CAIEIRAS;CAIEIRAS;0;441442;COLEGIO ARAUTOS DO EVANGELHO INTERNACIONAL  MONTE CARMELO;Noruega;1
PRIVADA;CAIEIRAS;CAIEIRAS;CAIEIRAS;0;441442;COLEGIO ARAUTOS DO EVANGELHO INTERNACIONAL  MONTE CARMELO;Paraguai;4
PRIVADA;CAIEIRAS;CAJAMAR;CAJAMAR;0;166327;SOUZA PAZZINI EDUCACAO INF E ENSINO FUND COLEGIO;Japão;1
PRIVADA;CAIEIRAS;FRANCISCO MORATO;FRANCISCO MORATO;0;5960;IES  INSTITUTO DE EDUCACAO EM SAUDE;Bolívia;1
PRIVADA;CAIEIRAS;FRANCISCO MORATO;FRANCISCO MORATO;0;5960;IES  INSTITUTO DE EDUCACAO EM SAUDE;Haiti;2
PRIVADA;CAIEIRAS;FRANCO DA ROCHA;FRANCO DA ROCHA;0;124515;PRESBITERIANO INDEPENDENTE INSTITUTO DE ENSINO;China;1
PRIVADA;CAIEIRAS;FRANCO DA ROCHA;FRANCO DA ROCHA;0;199941;BRASILIA COLEGIO TECNICO;Bolívia;1
PRIVADA;CAIEIRAS;JORDANESIA;CAJAMAR;0;115952;CRIANCA FELIZ ESCOLA DE EDUCACAO BASICA;Portugal;1
PRIVADA;CAIEIRAS;MAIRIPORA;MAIRIPORA;0;158367;OBJETIVO COLEGIO;Japão;1
PRIVADA;CAIEIRAS;MAIRIPORA;MAIRIPORA;0;197166;COLEGIO MARIA ANTONIA;Portugal;2
PRIVADA;CAIEIRAS;MAIRIPORA;MAIRIPORA;1;147370;ALICE SILVA OLIVEIRA APAE ESCOLA DE EDUCACAO ESPECIAL;Colômbia;1
PRIVADA;CAMPINAS LESTE;BARAO DE GERALDO;CAMPINAS;0;4043;ESCOLA CIRANDA;Venezuela;1
PRIVADA;CAMPINAS LESTE;BARAO DE GERALDO;CAMPINAS;0;112902;RIO BRANCO COLEGIO;Alemanha;1
PRIVADA;CAMPINAS LESTE;BARAO DE GERALDO;CAMPINAS;0;112902;RIO BRANCO COLEGIO;China;1
PRIVADA;CAMPINAS LESTE;BARAO DE GERALDO;CAMPINAS;0;112902;RIO BRANCO COLEGIO;Estados Unidos da América;1
PRIVADA;CAMPINAS LESTE;BARAO DE GERALDO;CAMPINAS;0;112902;RIO BRANCO COLEGIO;Venezuela;1
PRIVADA;CAMPINAS LESTE;BARAO DE GERALDO;CAMPINAS;0;121009;SITIO ESCOLA DO;Equador;1
PRIVADA;CAMPINAS LESTE;BARAO DE GERALDO;CAMPINAS;0;496431;JATOBA RECREACAO INFANTIL;Irlanda;1
PRIVADA;CAMPINAS LESTE;BARAO DE GERALDO;CAMPINAS;48;6706;COLEGIO OFICINA DO ESTUDANTE  UNIDADE BARAO GERALDO;Suécia;2
PRIVADA;CAMPINAS LESTE;CAMPINAS LESTE;CAMPINAS;0;4269;COLEGIO POLIEDRO;Estados Unidos da América;1
PRIVADA;CAMPINAS LESTE;CAMPINAS LESTE;CAMPINAS;0;4277;COLEGIO APRENDER E EDUCAR;Venezuela;1
PRIVADA;CAMPINAS LESTE;CAMPINAS LESTE;CAMPINAS;0;4731;CENTRO EDUCACIONAL E RECREATIVO GUANABARA;Venezuela;1
PRIVADA;CAMPINAS LESTE;CAMPINAS LESTE;CAMPINAS;0;4746;PRIMAVERA BERCARIO E ESCOLA DE EDUCACAO INFANTIL;Estados Unidos da América;1
PRIVADA;CAMPINAS LESTE;CAMPINAS LESTE;CAMPINAS;0;5655;COLEGIO APRENDER E EDUCAR UNIDADE II;Paraguai;1
PRIVADA;CAMPINAS LESTE;CAMPINAS LESTE;CAMPINAS;0;5741;COLEGIO OFICINA DO ESTUDANTE  UNIDADE TAQUARAL;Argentina;1
PRIVADA;CAMPINAS LESTE;CAMPINAS LESTE;CAMPINAS;0;5741;COLEGIO OFICINA DO ESTUDANTE  UNIDADE TAQUARAL;Canadá;1
PRIVADA;CAMPINAS LESTE;CAMPINAS LESTE;CAMPINAS;0;5741;COLEGIO OFICINA DO ESTUDANTE  UNIDADE TAQUARAL;Venezuela;2
PRIVADA;CAMPINAS LESTE;CAMPINAS LESTE;CAMPINAS;0;7259;ESCOLA MAPLE BEAR CANADIAN SCHOOL CAMPINAS  UNIDADE 2;Austrália;1
PRIVADA;CAMPINAS LESTE;CAMPINAS LESTE;CAMPINAS;0;7259;ESCOLA MAPLE BEAR CANADIAN SCHOOL CAMPINAS  UNIDADE 2;Colômbia;2
PRIVADA;CAMPINAS LESTE;CAMPINAS LESTE;CAMPINAS;0;7259;ESCOLA MAPLE BEAR CANADIAN SCHOOL CAMPINAS  UNIDADE 2;Coreia do Sul;1
PRIVADA;CAMPINAS LESTE;CAMPINAS LESTE;CAMPINAS;0;7271;CENTRO DE ENSINO GRAU TECNICO CAMPINAS;Colômbia;1
PRIVADA;CAMPINAS LESTE;CAMPINAS LESTE;CAMPINAS;0;7271;CENTRO DE ENSINO GRAU TECNICO CAMPINAS;Haiti;1
PRIVADA;CAMPINAS LESTE;CAMPINAS LESTE;CAMPINAS;0;112513;PROGRESSO CAMPINEIRO COLEGIO;China;2
PRIVADA;CAMPINAS LESTE;CAMPINAS LESTE;CAMPINAS;0;112513;PROGRESSO CAMPINEIRO COLEGIO;Espanha;1
PRIVADA;CAMPINAS LESTE;CAMPINAS LESTE;CAMPINAS;0;112513;PROGRESSO CAMPINEIRO COLEGIO;Itália;1
PRIVADA;CAMPINAS LESTE;CAMPINAS LESTE;CAMPINAS;0;112513;PROGRESSO CAMPINEIRO COLEGIO;México;1
PRIVADA;CAMPINAS LESTE;CAMPINAS LESTE;CAMPINAS;0;112513;PROGRESSO CAMPINEIRO COLEGIO;Portugal;1
PRIVADA;CAMPINAS LESTE;CAMPINAS LESTE;CAMPINAS;0;112513;PROGRESSO CAMPINEIRO COLEGIO;Venezuela;5
PRIVADA;CAMPINAS LESTE;CAMPINAS LESTE;CAMPINAS;0;112574;SAGRADO CORACAO DE JESUS COLEGIO;China;1
PRIVADA;CAMPINAS LESTE;CAMPINAS LESTE;CAMPINAS;0;112689;COMUNITARIA DE CAMPINAS ESCOLA;Estados Unidos da América;1
PRIVADA;CAMPINAS LESTE;CAMPINAS LESTE;CAMPINAS;0;112689;COMUNITARIA DE CAMPINAS ESCOLA;Venezuela;2
PRIVADA;CAMPINAS LESTE;CAMPINAS LESTE;CAMPINAS;0;112732;FARROUPILHA COLEGIO;Colômbia;1
PRIVADA;CAMPINAS LESTE;CAMPINAS LESTE;CAMPINAS;0;112732;FARROUPILHA COLEGIO;Japão;1
PRIVADA;CAMPINAS LESTE;CAMPINAS LESTE;CAMPINAS;0;118084;OBJETIVO COLEGIO DE CAMPINAS UNIDADE BARAO GERALDO;Angola;1
PRIVADA;CAMPINAS LESTE;CAMPINAS LESTE;CAMPINAS;0;118084;OBJETIVO COLEGIO DE CAMPINAS UNIDADE BARAO GERALDO;Coreia do Sul;2
PRIVADA;CAMPINAS LESTE;CAMPINAS LESTE;CAMPINAS;0;118084;OBJETIVO COLEGIO DE CAMPINAS UNIDADE BARAO GERALDO;Estados Unidos da América;1
PRIVADA;CAMPINAS LESTE;CAMPINAS LESTE;CAMPINAS;0;118084;OBJETIVO COLEGIO DE CAMPINAS UNIDADE BARAO GERALDO;França;1
PRIVADA;CAMPINAS LESTE;CAMPINAS LESTE;CAMPINAS;0;118084;OBJETIVO COLEGIO DE CAMPINAS UNIDADE BARAO GERALDO;Nigéria;1
PRIVADA;CAMPINAS LESTE;CAMPINAS LESTE;CAMPINAS;0;118084;OBJETIVO COLEGIO DE CAMPINAS UNIDADE BARAO GERALDO;Portugal;1
PRIVADA;CAMPINAS LESTE;CAMPINAS LESTE;CAMPINAS;0;118084;OBJETIVO COLEGIO DE CAMPINAS UNIDADE BARAO GERALDO;Venezuela;2
PRIVADA;CAMPINAS LESTE;CAMPINAS LESTE;CAMPINAS;0;123079;ATIVA ESCOLA EDUCACAO INFANTIL E PG;Panamá;1
PRIVADA;CAMPINAS LESTE;CAMPINAS LESTE;CAMPINAS;0;123080;JAIME KRATZ INSTITUTO EDUCACIONAL;Cuba;1
PRIVADA;CAMPINAS LESTE;CAMPINAS LESTE;CAMPINAS;0;123080;JAIME KRATZ INSTITUTO EDUCACIONAL;Estados Unidos da América;1
PRIVADA;CAMPINAS LESTE;CAMPINAS LESTE;CAMPINAS;0;123080;JAIME KRATZ INSTITUTO EDUCACIONAL;Japão;1
PRIVADA;CAMPINAS LESTE;CAMPINAS LESTE;CAMPINAS;0;123080;JAIME KRATZ INSTITUTO EDUCACIONAL;Suécia;2
PRIVADA;CAMPINAS LESTE;CAMPINAS LESTE;CAMPINAS;0;125568;BENTO QUIRINO COLEGIO POLITECNICO UNIDADE II;Alemanha;2
PRIVADA;CAMPINAS LESTE;CAMPINAS LESTE;CAMPINAS;0;131982;OBJETIVO DE CAMPINAS COLEGIO UNIDADE CAMBUI;Alemanha;1
PRIVADA;CAMPINAS LESTE;CAMPINAS LESTE;CAMPINAS;0;131982;OBJETIVO DE CAMPINAS COLEGIO UNIDADE CAMBUI;Chile;1
PRIVADA;CAMPINAS LESTE;CAMPINAS LESTE;CAMPINAS;0;131982;OBJETIVO DE CAMPINAS COLEGIO UNIDADE CAMBUI;Estados Unidos da América;1
PRIVADA;CAMPINAS LESTE;CAMPINAS LESTE;CAMPINAS;0;131982;OBJETIVO DE CAMPINAS COLEGIO UNIDADE CAMBUI;Japão;1
PRIVADA;CAMPINAS LESTE;CAMPINAS LESTE;CAMPINAS;0;131982;OBJETIVO DE CAMPINAS COLEGIO UNIDADE CAMBUI;Venezuela;1
PRIVADA;CAMPINAS LESTE;CAMPINAS LESTE;CAMPINAS;0;131994;EDUCAP COLEGIO;Canadá;1
PRIVADA;CAMPINAS LESTE;CAMPINAS LESTE;CAMPINAS;0;132263;CURUMIM ESCOLA EDUC INF E ENS FUNDAMENTAL;Espanha;2
PRIVADA;CAMPINAS LESTE;CAMPINAS LESTE;CAMPINAS;0;132263;CURUMIM ESCOLA EDUC INF E ENS FUNDAMENTAL;França;1
PRIVADA;CAMPINAS LESTE;CAMPINAS LESTE;CAMPINAS;0;132263;CURUMIM ESCOLA EDUC INF E ENS FUNDAMENTAL;Portugal;1
PRIVADA;CAMPINAS LESTE;CAMPINAS LESTE;CAMPINAS;0;132263;CURUMIM ESCOLA EDUC INF E ENS FUNDAMENTAL;Reino Unido da Grã-Bretanha e Irlanda do Norte;1
PRIVADA;CAMPINAS LESTE;CAMPINAS LESTE;CAMPINAS;0;136013;AMERICANA DE CAMPINAS ESCOLA EFM;Argentina;9
PRIVADA;CAMPINAS LESTE;CAMPINAS LESTE;CAMPINAS;0;136013;AMERICANA DE CAMPINAS ESCOLA EFM;Bolívia;2
PRIVADA;CAMPINAS LESTE;CAMPINAS LESTE;CAMPINAS;0;136013;AMERICANA DE CAMPINAS ESCOLA EFM;Canadá;2
PRIVADA;CAMPINAS LESTE;CAMPINAS LESTE;CAMPINAS;0;136013;AMERICANA DE CAMPINAS ESCOLA EFM;China;4
PRIVADA;CAMPINAS LESTE;CAMPINAS LESTE;CAMPINAS;0;136013;AMERICANA DE CAMPINAS ESCOLA EFM;Coreia do Sul;9
PRIVADA;CAMPINAS LESTE;CAMPINAS LESTE;CAMPINAS;0;136013;AMERICANA DE CAMPINAS ESCOLA EFM;El Salvador;2
PRIVADA;CAMPINAS LESTE;CAMPINAS LESTE;CAMPINAS;0;136013;AMERICANA DE CAMPINAS ESCOLA EFM;Espanha;5
PRIVADA;CAMPINAS LESTE;CAMPINAS LESTE;CAMPINAS;0;136013;AMERICANA DE CAMPINAS ESCOLA EFM;Estados Unidos da América;7
PRIVADA;CAMPINAS LESTE;CAMPINAS LESTE;CAMPINAS;0;136013;AMERICANA DE CAMPINAS ESCOLA EFM;Índia;2
PRIVADA;CAMPINAS LESTE;CAMPINAS LESTE;CAMPINAS;0;136013;AMERICANA DE CAMPINAS ESCOLA EFM;Itália;2
PRIVADA;CAMPINAS LESTE;CAMPINAS LESTE;CAMPINAS;0;136013;AMERICANA DE CAMPINAS ESCOLA EFM;Japão;2
PRIVADA;CAMPINAS LESTE;CAMPINAS LESTE;CAMPINAS;0;136013;AMERICANA DE CAMPINAS ESCOLA EFM;México;14
PRIVADA;CAMPINAS LESTE;CAMPINAS LESTE;CAMPINAS;0;136013;AMERICANA DE CAMPINAS ESCOLA EFM;Nicarágua;2
PRIVADA;CAMPINAS LESTE;CAMPINAS LESTE;CAMPINAS;0;136013;AMERICANA DE CAMPINAS ESCOLA EFM;Países Baixos (Holanda);2
PRIVADA;CAMPINAS LESTE;CAMPINAS LESTE;CAMPINAS;0;136013;AMERICANA DE CAMPINAS ESCOLA EFM;Portugal;2
PRIVADA;CAMPINAS LESTE;CAMPINAS LESTE;CAMPINAS;0;136013;AMERICANA DE CAMPINAS ESCOLA EFM;Reino Unido da Grã-Bretanha e Irlanda do Norte;4
PRIVADA;CAMPINAS LESTE;CAMPINAS LESTE;CAMPINAS;0;136013;AMERICANA DE CAMPINAS ESCOLA EFM;Venezuela;2
PRIVADA;CAMPINAS LESTE;CAMPINAS LESTE;CAMPINAS;0;137613;AXIS MUNDI COLEGIO;Colômbia;3
PRIVADA;CAMPINAS LESTE;CAMPINAS LESTE;CAMPINAS;0;138769;ASTHER COLEGIO;Alemanha;1
PRIVADA;CAMPINAS LESTE;CAMPINAS LESTE;CAMPINAS;0;138769;ASTHER COLEGIO;Japão;1
PRIVADA;CAMPINAS LESTE;CAMPINAS LESTE;CAMPINAS;0;138769;ASTHER COLEGIO;Venezuela;1
PRIVADA;CAMPINAS LESTE;CAMPINAS LESTE;CAMPINAS;0;143273;DOCTUS COLEGIO UNIDADE II;Estados Unidos da América;2
PRIVADA;CAMPINAS LESTE;CAMPINAS LESTE;CAMPINAS;0;159943;EDUARDO LANE COLEGIO PRESBITERIANO ASSOCIACAO BETHEL;Colômbia;1
PRIVADA;CAMPINAS LESTE;CAMPINAS LESTE;CAMPINAS;0;159943;EDUARDO LANE COLEGIO PRESBITERIANO ASSOCIACAO BETHEL;Japão;1
PRIVADA;CAMPINAS LESTE;CAMPINAS LESTE;CAMPINAS;0;165062;APICE COLEGIO;Estados Unidos da América;1
PRIVADA;CAMPINAS LESTE;CAMPINAS LESTE;CAMPINAS;0;172467;LYON CAMPINAS COLEGIO;Japão;1
PRIVADA;CAMPINAS LESTE;CAMPINAS LESTE;CAMPINAS;0;259470;ARQUITEC ESCOLA DE ARTE E DESIGN;Alemanha;1
PRIVADA;CAMPINAS LESTE;CAMPINAS LESTE;CAMPINAS;0;259470;ARQUITEC ESCOLA DE ARTE E DESIGN;Itália;1
PRIVADA;CAMPINAS LESTE;CAMPINAS LESTE;CAMPINAS;0;264131;TRIANON  INSTITUTO EDUCACIONAL;Haiti;1
PRIVADA;CAMPINAS LESTE;CAMPINAS LESTE;CAMPINAS;0;437153;OFICINA DO ESTUDANTE COLEGIO;Espanha;1
PRIVADA;CAMPINAS LESTE;CAMPINAS LESTE;CAMPINAS;0;437153;OFICINA DO ESTUDANTE COLEGIO;Estados Unidos da América;1
PRIVADA;CAMPINAS LESTE;CAMPINAS LESTE;CAMPINAS;0;448576;CAMPCARE CENTRO EDUCACIONAL;Congo, República Democrática do (antigo Zaire);1
PRIVADA;CAMPINAS LESTE;CAMPINAS LESTE;CAMPINAS;0;448576;CAMPCARE CENTRO EDUCACIONAL;Peru;1
PRIVADA;CAMPINAS LESTE;CAMPINAS LESTE;CAMPINAS;0;450820;OBJETIVO DE CAMPINAS COLEGIO UNIDADE CENTRO;Estados Unidos da América;1
PRIVADA;CAMPINAS LESTE;CAMPINAS LESTE;CAMPINAS;0;450820;OBJETIVO DE CAMPINAS COLEGIO UNIDADE CENTRO;Japão;1
PRIVADA;CAMPINAS LESTE;CAMPINAS LESTE;CAMPINAS;0;450820;OBJETIVO DE CAMPINAS COLEGIO UNIDADE CENTRO;Venezuela;1
PRIVADA;CAMPINAS LESTE;CAMPINAS LESTE;CAMPINAS;0;450856;COLEGIO PROGRESSO  UNIDADE TAQUARAL;Venezuela;1
PRIVADA;CAMPINAS LESTE;CAMPINAS LESTE;CAMPINAS;0;450984;CONTEMPORANEA TEENS ESCOLA;Estados Unidos da América;1
PRIVADA;CAMPINAS LESTE;CAMPINAS LESTE;CAMPINAS;0;464168;COLEGIO NOSSA SENHORA DA MISERICORDIA;Argentina;2
PRIVADA;CAMPINAS LESTE;CAMPINAS LESTE;CAMPINAS;0;467765;OBJETIVO VILA INDUSTRIAL;Japão;1
PRIVADA;CAMPINAS LESTE;CAMPINAS LESTE;CAMPINAS;0;467765;OBJETIVO VILA INDUSTRIAL;Portugal;1
PRIVADA;CAMPINAS LESTE;CAMPINAS LESTE;CAMPINAS;0;471653;TIQUIRA ESCOLA BASICA;Coreia do Sul;1
PRIVADA;CAMPINAS LESTE;CAMPINAS LESTE;CAMPINAS;0;471653;TIQUIRA ESCOLA BASICA;Japão;1
PRIVADA;CAMPINAS LESTE;CAMPINAS LESTE;CAMPINAS;0;480290;ESCOLA TIGRINHOS E GOLDEN TIGERS ED INF ENS FUNDAMENTAL;Coreia do Sul;2
PRIVADA;CAMPINAS LESTE;CAMPINAS LESTE;CAMPINAS;0;480290;ESCOLA TIGRINHOS E GOLDEN TIGERS ED INF ENS FUNDAMENTAL;Equador;1
PRIVADA;CAMPINAS LESTE;CAMPINAS LESTE;CAMPINAS;0;480290;ESCOLA TIGRINHOS E GOLDEN TIGERS ED INF ENS FUNDAMENTAL;Japão;1
PRIVADA;CAMPINAS LESTE;CAMPINAS LESTE;CAMPINAS;0;480290;ESCOLA TIGRINHOS E GOLDEN TIGERS ED INF ENS FUNDAMENTAL;Portugal;2
PRIVADA;CAMPINAS LESTE;CAMPINAS LESTE;CAMPINAS;0;480514;LIVRE SOFIA ESCOLA;Alemanha;1
PRIVADA;CAMPINAS LESTE;CAMPINAS LESTE;CAMPINAS;0;480514;LIVRE SOFIA ESCOLA;Colômbia;2
PRIVADA;CAMPINAS LESTE;CAMPINAS LESTE;CAMPINAS;0;524128;COLEGIO AZENHA;Colômbia;1
PRIVADA;CAMPINAS LESTE;CAMPINAS LESTE;CAMPINAS;0;568491;MAPLE BEAR CANADIAN SCHOOL CAMPINAS;Coreia do Sul;4
PRIVADA;CAMPINAS LESTE;CAMPINAS LESTE;CAMPINAS;0;568491;MAPLE BEAR CANADIAN SCHOOL CAMPINAS;Japão;1
PRIVADA;CAMPINAS LESTE;CAMPINAS LESTE;CAMPINAS;0;568983;PROGRESSO BARAO GERALDO COLEGIO UNIDADE II;Alemanha;1
PRIVADA;CAMPINAS LESTE;CAMPINAS LESTE;CAMPINAS;0;568983;PROGRESSO BARAO GERALDO COLEGIO UNIDADE II;Japão;1
PRIVADA;CAMPINAS LESTE;CAMPINAS LESTE;CAMPINAS;0;579403;COLEGIO ELITECOL;Estados Unidos da América;1
PRIVADA;CAMPINAS LESTE;CAMPINAS LESTE;CAMPINAS;0;582803;INSTITUTO DE EDUCACAO PARQUE INDUSTRIAL IEPI;Chile;1
PRIVADA;CAMPINAS LESTE;CAMPINAS LESTE;CAMPINAS;0;582803;INSTITUTO DE EDUCACAO PARQUE INDUSTRIAL IEPI;Irlanda;1
PRIVADA;CAMPINAS LESTE;CAMPINAS LESTE;CAMPINAS;0;801963;RDS INSTITUTO EDUCACIONAL;Japão;1
PRIVADA;CAMPINAS LESTE;CAMPINAS LESTE;CAMPINAS;0;802062;CRIATIVA ESCOLA ENSINO FUNDAMENTAL E INFANTIL;Japão;1
PRIVADA;CAMPINAS LESTE;CAMPINAS LESTE;CAMPINAS;0;807990;PEDRO E RAFAEL COLEGIO;Austrália;1
PRIVADA;CAMPINAS LESTE;CAMPINAS LESTE;CAMPINAS;0;808167;CIE  CENTRO INTEGRADO DE EDUCACAO  COLEGIO MULTIPLO;Estados Unidos da América;1
PRIVADA;CAMPINAS LESTE;CAMPINAS LESTE;CAMPINAS;0;808167;CIE  CENTRO INTEGRADO DE EDUCACAO  COLEGIO MULTIPLO;Itália;2
PRIVADA;CAMPINAS LESTE;CAMPINAS LESTE;CAMPINAS;0;808167;CIE  CENTRO INTEGRADO DE EDUCACAO  COLEGIO MULTIPLO;México;2
PRIVADA;CAMPINAS LESTE;CAMPINAS LESTE;CAMPINAS;0;808167;CIE  CENTRO INTEGRADO DE EDUCACAO  COLEGIO MULTIPLO;Venezuela;2
PRIVADA;CAMPINAS LESTE;CAMPINAS LESTE;CAMPINAS;0;808702;WALDORF VEREDAS ESCOLA ASSOCIATIVA;Reino Unido da Grã-Bretanha e Irlanda do Norte;1
PRIVADA;CAMPINAS LESTE;CAMPINAS LESTE;CAMPINAS;0;808702;WALDORF VEREDAS ESCOLA ASSOCIATIVA;Síria;1
PRIVADA;CAMPINAS LESTE;CAMPINAS LESTE;CAMPINAS;0;812900;RAPHAEL DI SANTO INSTITUTO EDUCACIONAL;Itália;1
PRIVADA;CAMPINAS LESTE;CAMPINAS LESTE;CAMPINAS;0;812900;RAPHAEL DI SANTO INSTITUTO EDUCACIONAL;Japão;1
PRIVADA;CAMPINAS LESTE;CAMPINAS LESTE;CAMPINAS;40;4688;COLEGIO ADVENTISTA DE CAMPINAS – UNIDADE CASTELO;Portugal;1
PRIVADA;CAMPINAS LESTE;CAMPINAS LESTE;CAMPINAS;40;112562;NOTRE DAME DE CAMPINAS COLEGIO;África do Sul;1
PRIVADA;CAMPINAS LESTE;CAMPINAS LESTE;CAMPINAS;40;112562;NOTRE DAME DE CAMPINAS COLEGIO;Argentina;3
PRIVADA;CAMPINAS LESTE;CAMPINAS LESTE;CAMPINAS;40;112562;NOTRE DAME DE CAMPINAS COLEGIO;Aruba;1
PRIVADA;CAMPINAS LESTE;CAMPINAS LESTE;CAMPINAS;40;112562;NOTRE DAME DE CAMPINAS COLEGIO;Áustria;1
PRIVADA;CAMPINAS LESTE;CAMPINAS LESTE;CAMPINAS;40;112562;NOTRE DAME DE CAMPINAS COLEGIO;Canadá;3
PRIVADA;CAMPINAS LESTE;CAMPINAS LESTE;CAMPINAS;40;112562;NOTRE DAME DE CAMPINAS COLEGIO;China;1
PRIVADA;CAMPINAS LESTE;CAMPINAS LESTE;CAMPINAS;40;112562;NOTRE DAME DE CAMPINAS COLEGIO;Colômbia;1
PRIVADA;CAMPINAS LESTE;CAMPINAS LESTE;CAMPINAS;40;112562;NOTRE DAME DE CAMPINAS COLEGIO;Coreia do Sul;2
PRIVADA;CAMPINAS LESTE;CAMPINAS LESTE;CAMPINAS;40;112562;NOTRE DAME DE CAMPINAS COLEGIO;Estados Unidos da América;2
PRIVADA;CAMPINAS LESTE;CAMPINAS LESTE;CAMPINAS;40;112562;NOTRE DAME DE CAMPINAS COLEGIO;França;1
PRIVADA;CAMPINAS LESTE;CAMPINAS LESTE;CAMPINAS;40;112562;NOTRE DAME DE CAMPINAS COLEGIO;Venezuela;1
PRIVADA;CAMPINAS LESTE;CAMPINAS LESTE;CAMPINAS;40;112586;NOSSA SRAAUXILIADORA COLEGIO SALESIANO;Angola;3
PRIVADA;CAMPINAS LESTE;CAMPINAS LESTE;CAMPINAS;40;112586;NOSSA SRAAUXILIADORA COLEGIO SALESIANO;Reino Unido da Grã-Bretanha e Irlanda do Norte;1
PRIVADA;CAMPINAS LESTE;CAMPINAS LESTE;CAMPINAS;40;112707;SAO JOSE ESCOLA SALESIANA;Austrália;1
PRIVADA;CAMPINAS LESTE;CAMPINAS LESTE;CAMPINAS;40;112707;SAO JOSE ESCOLA SALESIANA;Itália;1
PRIVADA;CAMPINAS LESTE;CAMPINAS LESTE;CAMPINAS;40;112707;SAO JOSE ESCOLA SALESIANA;México;1
PRIVADA;CAMPINAS LESTE;CAMPINAS LESTE;CAMPINAS;40;112707;SAO JOSE ESCOLA SALESIANA;Portugal;1
PRIVADA;CAMPINAS LESTE;CAMPINAS LESTE;CAMPINAS;40;112707;SAO JOSE ESCOLA SALESIANA;Uruguai;1
PRIVADA;CAMPINAS LESTE;CAMPINAS LESTE;CAMPINAS;40;112756;MADRE CECILIA COLEGIO;Argentina;1
PRIVADA;CAMPINAS LESTE;CAMPINAS LESTE;CAMPINAS;40;112756;MADRE CECILIA COLEGIO;Portugal;1
PRIVADA;CAMPINAS LESTE;CAMPINAS LESTE;CAMPINAS;40;112773;IMACULADA INSTITUTO EDUCACIONAL;Estados Unidos da América;1
PRIVADA;CAMPINAS LESTE;CAMPINAS LESTE;CAMPINAS;40;112773;IMACULADA INSTITUTO EDUCACIONAL;Grécia;1
PRIVADA;CAMPINAS LESTE;CAMPINAS LESTE;CAMPINAS;40;112773;IMACULADA INSTITUTO EDUCACIONAL;Portugal;1
PRIVADA;CAMPINAS LESTE;CAMPINAS LESTE;CAMPINAS;40;112773;IMACULADA INSTITUTO EDUCACIONAL;Reino Unido da Grã-Bretanha e Irlanda do Norte;1
PRIVADA;CAMPINAS LESTE;CAMPINAS LESTE;CAMPINAS;48;4946;CENTRO EDUCACIONAL OBJETIVO  UNIDADE SAO BERNARDO;Japão;1
PRIVADA;CAMPINAS LESTE;CAMPINAS LESTE;CAMPINAS;48;4946;CENTRO EDUCACIONAL OBJETIVO  UNIDADE SAO BERNARDO;Síria;2
PRIVADA;CAMPINAS LESTE;CAMPINAS LESTE;CAMPINAS;48;4979;COLEGIO GRAAL KIDS;Colômbia;1
PRIVADA;CAMPINAS LESTE;CAMPINAS OESTE;CAMPINAS;0;196423;BABY LOVE BERCARIO E ESCOLA EDUCACAO INFANTIL;Estados Unidos da América;1
PRIVADA;CAMPINAS LESTE;CAMPINAS OESTE;CAMPINAS;0;800417;LAPORTE CENTRO EDUCACIONAL;Colômbia;1
PRIVADA;CAMPINAS LESTE;CAMPINAS OESTE;CAMPINAS;12;148805;SENAC CAMPINAS;Angola;1
PRIVADA;CAMPINAS LESTE;CAMPINAS OESTE;CAMPINAS;12;148805;SENAC CAMPINAS;Bolívia;1
PRIVADA;CAMPINAS LESTE;CAMPINAS OESTE;CAMPINAS;12;148805;SENAC CAMPINAS;China;1
PRIVADA;CAMPINAS LESTE;CAMPINAS OESTE;CAMPINAS;12;148805;SENAC CAMPINAS;Haiti;1
PRIVADA;CAMPINAS LESTE;CAMPINAS OESTE;CAMPINAS;12;148805;SENAC CAMPINAS;Peru;1
PRIVADA;CAMPINAS LESTE;CAMPINAS OESTE;CAMPINAS;12;148805;SENAC CAMPINAS;Uruguai;1
PRIVADA;CAMPINAS LESTE;CAMPINAS OESTE;CAMPINAS;12;148805;SENAC CAMPINAS;Venezuela;1
PRIVADA;CAMPINAS LESTE;CAMPINAS OESTE;CAMPINAS;12;148805;SENAC CAMPINAS;Vietname;1
PRIVADA;CAMPINAS LESTE;CAMPINAS OESTE;CAMPINAS;14;112859;SESI 403 CENTRO EDUCACIONAL;Reino Unido da Grã-Bretanha e Irlanda do Norte;1
PRIVADA;CAMPINAS LESTE;CAMPINAS OESTE;CAMPINAS;40;804678;PAO DOS POBRES DE SANTO ANTONIO ASSOCIACAO DO;Burkina Faso;1
PRIVADA;CAMPINAS LESTE;CAMPINAS OESTE;CAMPINAS;40;804794;HUMBERTO DE CAMPOS INSTITUTO;Bolívia;1
PRIVADA;CAMPINAS LESTE;CAMPINAS OESTE;CAMPINAS;40;804794;HUMBERTO DE CAMPOS INSTITUTO;Venezuela;1
PRIVADA;CAMPINAS LESTE;CAMPINAS OESTE;CAMPINAS;40;804836;MAE LUIZA CRECHE;Haiti;1
PRIVADA;CAMPINAS LESTE;CAMPINAS OESTE;CAMPINAS;40;804836;MAE LUIZA CRECHE;Venezuela;1
PRIVADA;CAMPINAS LESTE;CAMPINAS OESTE;CAMPINAS;40;804927;ASSOCIACAO DOS AMIGOS DA CRIANCA AMIC;Venezuela;1
PRIVADA;CAMPINAS LESTE;JAGUARIUNA;JAGUARIUNA;0;167939;INTEGRADO COLEGIO;Irlanda;1
PRIVADA;CAMPINAS LESTE;JAGUARIUNA;JAGUARIUNA;0;442264;DA VILLA COLEGIO;Canadá;1
PRIVADA;CAMPINAS LESTE;JAGUARIUNA;JAGUARIUNA;0;442264;DA VILLA COLEGIO;Portugal;1
PRIVADA;CAMPINAS LESTE;JAGUARIUNA;JAGUARIUNA;0;501955;DA VILLA UNIDADE II COLEGIO;Argentina;1
PRIVADA;CAMPINAS LESTE;JAGUARIUNA;JAGUARIUNA;0;501955;DA VILLA UNIDADE II COLEGIO;Canadá;1
PRIVADA;CAMPINAS LESTE;SOUZAS;CAMPINAS;48;128797;VERTICAL COLEGIO;Chile;1
PRIVADA;CAMPINAS OESTE;CAMPINAS OESTE;CAMPINAS;0;4099;ESCOLA DE EDUCACAO INFANTIL MULTI SABER;China;1
PRIVADA;CAMPINAS OESTE;CAMPINAS OESTE;CAMPINAS;0;4252;COLEGIO RAPHAEL DI SANTO;Japão;2
PRIVADA;CAMPINAS OESTE;CAMPINAS OESTE;CAMPINAS;0;104826;POLICIA MILITAR DE CAMPINAS COLEGIO DA;Irlanda;1
PRIVADA;CAMPINAS OESTE;CAMPINAS OESTE;CAMPINAS;0;134173;REALIDADE ESCOLA DE EDUCACAO BASICA SISTEMA EDUCACIONAL;Áustria;1
PRIVADA;CAMPINAS OESTE;CAMPINAS OESTE;CAMPINAS;0;134173;REALIDADE ESCOLA DE EDUCACAO BASICA SISTEMA EDUCACIONAL;Chile;1
PRIVADA;CAMPINAS OESTE;CAMPINAS OESTE;CAMPINAS;0;172510;CRESCER COLEGIO;Argentina;1
PRIVADA;CAMPINAS OESTE;CAMPINAS OESTE;CAMPINAS;0;172510;CRESCER COLEGIO;Estados Unidos da América;1
PRIVADA;CAMPINAS OESTE;CAMPINAS OESTE;CAMPINAS;0;194700;JARDINS COLEGIO;Japão;1
PRIVADA;CAMPINAS OESTE;CAMPINAS OESTE;CAMPINAS;0;194712;GENIUS COLEGIO;Angola;1
PRIVADA;CAMPINAS OESTE;CAMPINAS OESTE;CAMPINAS;0;296715;ESCOLA VALORI;Paraguai;1
PRIVADA;CAMPINAS OESTE;CAMPINAS OESTE;CAMPINAS;0;367746;EDUCARTE DE CAMPINAS EEIEF;Países Baixos (Holanda);1
PRIVADA;CAMPINAS OESTE;CAMPINAS OESTE;CAMPINAS;0;560583;PASSO MAGICO ESCOLA INFANTIL;Austrália;1
PRIVADA;CAMPINAS OESTE;CAMPINAS OESTE;CAMPINAS;0;808155;SHALOM COLEGIO;Estados Unidos da América;1
PRIVADA;CAMPINAS OESTE;CAMPINAS OESTE;CAMPINAS;40;112641;ADVENTISTA DE CAMPINAS COLEGIO;Colômbia;1
PRIVADA;CAMPINAS OESTE;CAMPINAS OESTE;CAMPINAS;40;804691;MARIA LUIZA HARTZER CASA DA CRIANCA;Haiti;2
PRIVADA;CAMPINAS OESTE;VALINHOS;VALINHOS;0;4316;ESPACO LIVRE ECOARA;Argentina;2
PRIVADA;CAMPINAS OESTE;VALINHOS;VALINHOS;0;131970;FUNDAMENTUM COLEGIO;China;1
PRIVADA;CAMPINAS OESTE;VALINHOS;VALINHOS;0;131970;FUNDAMENTUM COLEGIO;México;1
PRIVADA;CAMPINAS OESTE;VALINHOS;VALINHOS;0;131970;FUNDAMENTUM COLEGIO;Venezuela;2
PRIVADA;CAMPINAS OESTE;VALINHOS;VALINHOS;0;153761;CARROSSEL INSTITUTO EDUCACIONAL;Estados Unidos da América;2
PRIVADA;CAMPINAS OESTE;VALINHOS;VALINHOS;0;164768;AJUDANDO A ESCOLHER O SEU CAMINHO COLEGIO AESC;Japão;1
PRIVADA;CAMPINAS OESTE;VALINHOS;VALINHOS;0;286187;ETAPA COLEGIO;Alemanha;1
PRIVADA;CAMPINAS OESTE;VALINHOS;VALINHOS;0;286187;ETAPA COLEGIO;China;1
PRIVADA;CAMPINAS OESTE;VALINHOS;VALINHOS;0;286187;ETAPA COLEGIO;Colômbia;2
PRIVADA;CAMPINAS OESTE;VALINHOS;VALINHOS;0;428735;ALAMO COLEGIO;Equador;1
PRIVADA;CAMPINAS OESTE;VALINHOS;VALINHOS;0;480712;MAPLE BEAR CANADIAN SCHOOL VALINHOS;Malawi;1
PRIVADA;CAMPINAS OESTE;VALINHOS;VALINHOS;0;564655;VALINHOS INSTITUTO EDUCACIONAL DE;Venezuela;2
PRIVADA;CAMPINAS OESTE;VALINHOS;VALINHOS;0;806201;URSINHO PANDA CENT RECREACAO E ED INFANTIL;Japão;1
PRIVADA;CAMPINAS OESTE;VALINHOS;VALINHOS;40;136025;COLEGIO VISCONDE DE PORTO SEGURO  CAMPUS VALINHOS;Alemanha;10
PRIVADA;CAMPINAS OESTE;VALINHOS;VALINHOS;40;136025;COLEGIO VISCONDE DE PORTO SEGURO  CAMPUS VALINHOS;Áustria;2
PRIVADA;CAMPINAS OESTE;VALINHOS;VALINHOS;40;136025;COLEGIO VISCONDE DE PORTO SEGURO  CAMPUS VALINHOS;Chile;1
PRIVADA;CAMPINAS OESTE;VALINHOS;VALINHOS;40;136025;COLEGIO VISCONDE DE PORTO SEGURO  CAMPUS VALINHOS;China;1
PRIVADA;CAMPINAS OESTE;VALINHOS;VALINHOS;40;136025;COLEGIO VISCONDE DE PORTO SEGURO  CAMPUS VALINHOS;Colômbia;1
PRIVADA;CAMPINAS OESTE;VALINHOS;VALINHOS;40;136025;COLEGIO VISCONDE DE PORTO SEGURO  CAMPUS VALINHOS;Coreia do Sul;2
PRIVADA;CAMPINAS OESTE;VALINHOS;VALINHOS;40;136025;COLEGIO VISCONDE DE PORTO SEGURO  CAMPUS VALINHOS;Coreia, República Democrática da (Coreia do Norte);1
PRIVADA;CAMPINAS OESTE;VALINHOS;VALINHOS;40;136025;COLEGIO VISCONDE DE PORTO SEGURO  CAMPUS VALINHOS;Cuba;1
PRIVADA;CAMPINAS OESTE;VALINHOS;VALINHOS;40;136025;COLEGIO VISCONDE DE PORTO SEGURO  CAMPUS VALINHOS;Espanha;3
PRIVADA;CAMPINAS OESTE;VALINHOS;VALINHOS;40;136025;COLEGIO VISCONDE DE PORTO SEGURO  CAMPUS VALINHOS;Estados Unidos da América;5
PRIVADA;CAMPINAS OESTE;VALINHOS;VALINHOS;40;136025;COLEGIO VISCONDE DE PORTO SEGURO  CAMPUS VALINHOS;Guatemala;1
PRIVADA;CAMPINAS OESTE;VALINHOS;VALINHOS;40;136025;COLEGIO VISCONDE DE PORTO SEGURO  CAMPUS VALINHOS;Itália;1
PRIVADA;CAMPINAS OESTE;VALINHOS;VALINHOS;40;136025;COLEGIO VISCONDE DE PORTO SEGURO  CAMPUS VALINHOS;Panamá;1
PRIVADA;CAMPINAS OESTE;VALINHOS;VALINHOS;40;136025;COLEGIO VISCONDE DE PORTO SEGURO  CAMPUS VALINHOS;Portugal;1
PRIVADA;CAMPINAS OESTE;VALINHOS;VALINHOS;40;136025;COLEGIO VISCONDE DE PORTO SEGURO  CAMPUS VALINHOS;Reino Unido da Grã-Bretanha e Irlanda do Norte;1
PRIVADA;CAMPINAS OESTE;VALINHOS;VALINHOS;40;136025;COLEGIO VISCONDE DE PORTO SEGURO  CAMPUS VALINHOS;Suíça;1
PRIVADA;CAMPINAS OESTE;VALINHOS;VALINHOS;40;136025;COLEGIO VISCONDE DE PORTO SEGURO  CAMPUS VALINHOS;Venezuela;4
PRIVADA;CAMPINAS OESTE;VINHEDO;VINHEDO;0;5716;ESCOLA MAPLE BEAR CANADIAN SCHOOL VINHEDO;Estados Unidos da América;3
PRIVADA;CAMPINAS OESTE;VINHEDO;VINHEDO;0;85078;MODELO ALPHA ESCOLA CRISTA;Venezuela;1
PRIVADA;CAMPINAS OESTE;VINHEDO;VINHEDO;0;144538;SANTANNA COLEGIO;Argentina;5
PRIVADA;CAMPINAS OESTE;VINHEDO;VINHEDO;0;144538;SANTANNA COLEGIO;Chile;2
PRIVADA;CAMPINAS OESTE;VINHEDO;VINHEDO;0;144538;SANTANNA COLEGIO;Coreia do Sul;13
PRIVADA;CAMPINAS OESTE;VINHEDO;VINHEDO;0;144538;SANTANNA COLEGIO;Coreia, República Democrática da (Coreia do Norte);4
PRIVADA;CAMPINAS OESTE;VINHEDO;VINHEDO;0;144538;SANTANNA COLEGIO;Estados Unidos da América;5
PRIVADA;CAMPINAS OESTE;VINHEDO;VINHEDO;0;144538;SANTANNA COLEGIO;França;1
PRIVADA;CAMPINAS OESTE;VINHEDO;VINHEDO;0;144538;SANTANNA COLEGIO;Japão;1
PRIVADA;CAMPINAS OESTE;VINHEDO;VINHEDO;0;144538;SANTANNA COLEGIO;Paraguai;2
PRIVADA;CAMPINAS OESTE;VINHEDO;VINHEDO;0;144538;SANTANNA COLEGIO;Portugal;1
PRIVADA;CAMPINAS OESTE;VINHEDO;VINHEDO;0;144538;SANTANNA COLEGIO;Reino Unido da Grã-Bretanha e Irlanda do Norte;1
PRIVADA;CAMPINAS OESTE;VINHEDO;VINHEDO;0;144538;SANTANNA COLEGIO;Venezuela;5
PRIVADA;CAMPINAS OESTE;VINHEDO;VINHEDO;0;163831;BENEDITINO DE VINHEDO COLEGIO;Estados Unidos da América;1
PRIVADA;CAMPINAS OESTE;VINHEDO;VINHEDO;0;163831;BENEDITINO DE VINHEDO COLEGIO;Venezuela;1
PRIVADA;CAMPINAS OESTE;VINHEDO;VINHEDO;0;430808;COLEGIO PROGRESSO  UNIDADE VINHEDO;Colômbia;1
PRIVADA;CAMPINAS OESTE;VINHEDO;VINHEDO;0;430808;COLEGIO PROGRESSO  UNIDADE VINHEDO;Venezuela;1
PRIVADA;CAMPINAS OESTE;VINHEDO;VINHEDO;0;518785;OBJETIVO VINHEDO CENTRO EDUCACIONAL;Itália;1
PRIVADA;CAMPINAS OESTE;VINHEDO;VINHEDO;0;518785;OBJETIVO VINHEDO CENTRO EDUCACIONAL;Japão;1
PRIVADA;CAMPINAS OESTE;VINHEDO;VINHEDO;0;518785;OBJETIVO VINHEDO CENTRO EDUCACIONAL;Papua-Nova Guiné;1
PRIVADA;CAMPINAS OESTE;VINHEDO;VINHEDO;0;518785;OBJETIVO VINHEDO CENTRO EDUCACIONAL;Reino Unido da Grã-Bretanha e Irlanda do Norte;1
PRIVADA;CAMPINAS OESTE;VINHEDO;VINHEDO;0;518785;OBJETIVO VINHEDO CENTRO EDUCACIONAL;Venezuela;1
PRIVADA;CAMPINAS OESTE;VINHEDO;VINHEDO;0;581094;ESCOLA ESATEC EDUCACIONAL UNIDADE VINHEDO;Venezuela;1
PRIVADA;CAMPINAS OESTE;VINHEDO;VINHEDO;0;802190;VINHEDO COLEGIO DE;Austrália;1
PRIVADA;CAMPINAS OESTE;VINHEDO;VINHEDO;0;802190;VINHEDO COLEGIO DE;Bolívia;1
PRIVADA;CAMPINAS OESTE;VINHEDO;VINHEDO;0;802190;VINHEDO COLEGIO DE;Estados Unidos da América;2
PRIVADA;CAMPINAS OESTE;VINHEDO;VINHEDO;0;802190;VINHEDO COLEGIO DE;Montserrat;1
PRIVADA;CAMPINAS OESTE;VINHEDO;VINHEDO;0;802190;VINHEDO COLEGIO DE;Países Baixos (Holanda);2
PRIVADA;CAMPINAS OESTE;VINHEDO;VINHEDO;14;112461;SESI 242 CENTRO EDUCACIONAL;Japão;1
PRIVADA;CAMPINAS OESTE;VINHEDO;VINHEDO;14;112461;SESI 242 CENTRO EDUCACIONAL;Venezuela;1
PRIVADA;CAPIVARI;INDAIATUBA;INDAIATUBA;0;112951;CANDELARIA COLEGIO;Argentina;1
PRIVADA;CAPIVARI;INDAIATUBA;INDAIATUBA;0;112951;CANDELARIA COLEGIO;Chile;1
PRIVADA;CAPIVARI;INDAIATUBA;INDAIATUBA;0;112951;CANDELARIA COLEGIO;Japão;1
PRIVADA;CAPIVARI;INDAIATUBA;INDAIATUBA;0;118312;PROJECAO COLEGIO;Japão;2
PRIVADA;CAPIVARI;INDAIATUBA;INDAIATUBA;0;125787;EPISTEME COLEGIO;Espanha;1
PRIVADA;CAPIVARI;INDAIATUBA;INDAIATUBA;0;125787;EPISTEME COLEGIO;Japão;2
PRIVADA;CAPIVARI;INDAIATUBA;INDAIATUBA;0;125787;EPISTEME COLEGIO;Peru;1
PRIVADA;CAPIVARI;INDAIATUBA;INDAIATUBA;0;161123;RODIN COLEGIO;Itália;1
PRIVADA;CAPIVARI;INDAIATUBA;INDAIATUBA;0;161123;RODIN COLEGIO;Japão;1
PRIVADA;CAPIVARI;INDAIATUBA;INDAIATUBA;0;170112;CONQUISTA COLEGIO;Estados Unidos da América;2
PRIVADA;CAPIVARI;INDAIATUBA;INDAIATUBA;0;170112;CONQUISTA COLEGIO;Países Baixos (Holanda);1
PRIVADA;CAPIVARI;INDAIATUBA;INDAIATUBA;0;170446;META COLEGIO;Argentina;2
PRIVADA;CAPIVARI;INDAIATUBA;INDAIATUBA;0;170446;META COLEGIO;Canadá;1
PRIVADA;CAPIVARI;INDAIATUBA;INDAIATUBA;0;170446;META COLEGIO;Estados Unidos da América;1
PRIVADA;CAPIVARI;INDAIATUBA;INDAIATUBA;0;170446;META COLEGIO;Japão;1
PRIVADA;CAPIVARI;INDAIATUBA;INDAIATUBA;0;439368;COLEGIO PROGRESSO BILINGUE;Argentina;2
PRIVADA;CAPIVARI;INDAIATUBA;INDAIATUBA;0;439368;COLEGIO PROGRESSO BILINGUE;Portugal;1
PRIVADA;CAPIVARI;INDAIATUBA;INDAIATUBA;0;439368;COLEGIO PROGRESSO BILINGUE;Uruguai;3
PRIVADA;CAPIVARI;INDAIATUBA;INDAIATUBA;0;439599;PARQUE ECOLOGICO INSTITUTO EDUCACIONAL;China;2
PRIVADA;CAPIVARI;INDAIATUBA;INDAIATUBA;0;439599;PARQUE ECOLOGICO INSTITUTO EDUCACIONAL;Estados Unidos da América;1
PRIVADA;CAPIVARI;INDAIATUBA;INDAIATUBA;0;439599;PARQUE ECOLOGICO INSTITUTO EDUCACIONAL;Uruguai;1
PRIVADA;CAPIVARI;INDAIATUBA;INDAIATUBA;0;481661;COLEGIO LE PERINI;Espanha;1
PRIVADA;CAPIVARI;INDAIATUBA;INDAIATUBA;0;499353;ESCOLA KINDERVILLE EDUCACAO;Alemanha;1
PRIVADA;CAPIVARI;INDAIATUBA;INDAIATUBA;0;499419;ESCOLA MAPLE BEAR CANADIAN SCHOOL INDAIATUBA;China;1
PRIVADA;CAPIVARI;INDAIATUBA;INDAIATUBA;0;499419;ESCOLA MAPLE BEAR CANADIAN SCHOOL INDAIATUBA;Venezuela;1
PRIVADA;CAPIVARI;INDAIATUBA;INDAIATUBA;0;813000;COLEGIO RENOVACAO ANGLO INDAIATUBA;Alemanha;1
PRIVADA;CAPIVARI;INDAIATUBA;INDAIATUBA;0;813000;COLEGIO RENOVACAO ANGLO INDAIATUBA;Chile;1
PRIVADA;CAPIVARI;INDAIATUBA;INDAIATUBA;1;146389;ESCOLA DE EDUCACAO ESPECIAL DA APAE DE INDAIATUBA;Canadá;1
PRIVADA;CAPIVARI;INDAIATUBA;INDAIATUBA;1;146389;ESCOLA DE EDUCACAO ESPECIAL DA APAE DE INDAIATUBA;Venezuela;1
PRIVADA;CAPIVARI;INDAIATUBA;INDAIATUBA;14;123535;SESI 420 CENTRO EDUCACIONAL;Venezuela;2
PRIVADA;CAPIVARI;INDAIATUBA;INDAIATUBA;40;161093;SANTA RITA COLEGIO;França;1
PRIVADA;CAPIVARI;MONTE MOR;MONTE MOR;0;169729;DIVERSIDADE CENTRO EDUCACIONAL;Bolívia;1
PRIVADA;CARAGUATATUBA;CARAGUATATUBA;CARAGUATATUBA;0;125416;CARAGUATA CENTRO EDUCACIONAL;Angola;1
PRIVADA;CARAGUATATUBA;CARAGUATATUBA;CARAGUATATUBA;0;195133;CANOPUS COLEGIO;Japão;1
PRIVADA;CARAGUATATUBA;CARAGUATATUBA;CARAGUATATUBA;0;429314;CANOPUS COLEGIO UNIDADE I;Portugal;1
PRIVADA;CARAGUATATUBA;CARAGUATATUBA;CARAGUATATUBA;40;4256;ESCOLA ADVENTISTA DE CARAGUATATUBA;Estados Unidos da América;1
PRIVADA;CARAGUATATUBA;CARAGUATATUBA;CARAGUATATUBA;40;4256;ESCOLA ADVENTISTA DE CARAGUATATUBA;Portugal;1
PRIVADA;CARAGUATATUBA;ILHABELA;ILHABELA;0;118606;ACEI ESCOLA EIFM;Japão;1
PRIVADA;CARAGUATATUBA;ILHABELA;ILHABELA;0;158793;SAO JOAO ILHABELA COLEGIO;Argentina;1
PRIVADA;CARAGUATATUBA;ILHABELA;ILHABELA;0;158793;SAO JOAO ILHABELA COLEGIO;Austrália;1
PRIVADA;CARAGUATATUBA;ILHABELA;ILHABELA;0;158793;SAO JOAO ILHABELA COLEGIO;Dinamarca;1
PRIVADA;CARAGUATATUBA;ILHABELA;ILHABELA;0;158793;SAO JOAO ILHABELA COLEGIO;Portugal;1
PRIVADA;CARAGUATATUBA;MARESIAS;SAO SEBASTIAO;0;122671;RAIZES CENTRO EDUCACIONAL;Chile;1
PRIVADA;CARAGUATATUBA;MARESIAS;SAO SEBASTIAO;0;449751;RAIZES INSTITUTO DE EDUCACAO E CULTURA;Argentina;1
PRIVADA;CARAGUATATUBA;MARESIAS;SAO SEBASTIAO;0;449751;RAIZES INSTITUTO DE EDUCACAO E CULTURA;Jersey;2
PRIVADA;CARAGUATATUBA;MARESIAS;SAO SEBASTIAO;48;299649;PROSPER EDUCACIONAL OBJETIVO BOICUCANGA;Itália;2
PRIVADA;CARAGUATATUBA;MARESIAS;SAO SEBASTIAO;48;299649;PROSPER EDUCACIONAL OBJETIVO BOICUCANGA;Japão;1
PRIVADA;CARAGUATATUBA;SAO SEBASTIAO;SAO SEBASTIAO;0;803571;MESTRE COLEGIO;Portugal;1
PRIVADA;CARAGUATATUBA;UBATUBA;UBATUBA;0;154507;MV COLEGIO;Dinamarca;2
PRIVADA;CARAGUATATUBA;UBATUBA;UBATUBA;0;154507;MV COLEGIO;Japão;1
PRIVADA;CARAGUATATUBA;UBATUBA;UBATUBA;0;172960;COOPERATIVA EDUCACIONAL DE UBATUBA;Austrália;1
PRIVADA;CARAGUATATUBA;UBATUBA;UBATUBA;0;172960;COOPERATIVA EDUCACIONAL DE UBATUBA;Canadá;1
PRIVADA;CARAGUATATUBA;UBATUBA;UBATUBA;0;172960;COOPERATIVA EDUCACIONAL DE UBATUBA;Estados Unidos da América;1
PRIVADA;CARAGUATATUBA;UBATUBA;UBATUBA;0;173137;CRIAR TE ESCOLA DE EDUCACAO INFANTIL;Austrália;1
PRIVADA;CARAGUATATUBA;UBATUBA;UBATUBA;0;173137;CRIAR TE ESCOLA DE EDUCACAO INFANTIL;Peru;2
PRIVADA;CARAGUATATUBA;UBATUBA;UBATUBA;0;445617;JARDIM PRIMAVERA ESCOLA;Argentina;1
PRIVADA;CARAGUATATUBA;UBATUBA;UBATUBA;0;445617;JARDIM PRIMAVERA ESCOLA;Espanha;1
PRIVADA;CARAGUATATUBA;UBATUBA;UBATUBA;0;450388;COLEGIO ANGLO UBATUBA;Japão;1
PRIVADA;CARAGUATATUBA;UBATUBA;UBATUBA;0;807837;EDUCACIONAL DE UBATUBA COLEGIO;Estados Unidos da América;1
PRIVADA;CARAPICUIBA;CARAPICUIBA;CARAPICUIBA;0;6106;ESSA  ESCOLA TECNICA PROFISSIONALIZANTE;Guiné-Conacri;2
PRIVADA;CARAPICUIBA;CARAPICUIBA;CARAPICUIBA;0;6106;ESSA  ESCOLA TECNICA PROFISSIONALIZANTE;Haiti;7
PRIVADA;CARAPICUIBA;CARAPICUIBA;CARAPICUIBA;0;119659;INSTITUTO DE EDUCACAO PROF NATALINO FIDENCIO  OBJETIVO CARAPICUIBA;Itália;1
PRIVADA;CARAPICUIBA;CARAPICUIBA;CARAPICUIBA;0;140466;GLORIA NOGUEIRA PIQUINI COLEGIO;Japão;1
PRIVADA;CARAPICUIBA;CARAPICUIBA;CARAPICUIBA;0;301280;SEMENTES PARA O AMANHA ESCOLA;Guiné-Bissau;1
PRIVADA;CARAPICUIBA;CARAPICUIBA;CARAPICUIBA;0;364125;MAJORE PAULA COLEGIO;Japão;1
PRIVADA;CARAPICUIBA;CARAPICUIBA;CARAPICUIBA;0;811403;PERINI COLEGIO;Bolívia;1
PRIVADA;CARAPICUIBA;CARAPICUIBA;CARAPICUIBA;48;4356;ASSOCIACAO MORADORES DA VILA MENCK;Bolívia;1
PRIVADA;CARAPICUIBA;CARAPICUIBA;CARAPICUIBA;48;431904;KOLPING NOSSA SENHORA APARECIDA CENTRO SOCIAL;Chile;1
PRIVADA;CARAPICUIBA;CARAPICUIBA;CARAPICUIBA;48;431928;KOLPING DE VILA MENK COMUNIDADE;Bolívia;2
PRIVADA;CARAPICUIBA;CARAPICUIBA;CARAPICUIBA;48;583424;ESCOLA DE EDUCACAO INFANTIL VOVO OLINDA;Bolívia;1
PRIVADA;CARAPICUIBA;COTIA;COTIA;0;4634;ST JOHNS INTERNACIONAL SCHOOL;Colômbia;1
PRIVADA;CARAPICUIBA;COTIA;COTIA;0;4634;ST JOHNS INTERNACIONAL SCHOOL;Virgens Britânicas, Ilhas;1
PRIVADA;CARAPICUIBA;COTIA;COTIA;0;6325;ESCOLA LIVRE DE EDUCACAO WALDORF JARDIM DOS PASSARINHOS;Chile;1
PRIVADA;CARAPICUIBA;COTIA;COTIA;0;109289;GRANJA VIANA ESCOLA;Estados Unidos da América;1
PRIVADA;CARAPICUIBA;COTIA;COTIA;0;109289;GRANJA VIANA ESCOLA;Portugal;1
PRIVADA;CARAPICUIBA;COTIA;COTIA;0;109289;GRANJA VIANA ESCOLA;Uruguai;1
PRIVADA;CARAPICUIBA;COTIA;COTIA;0;128200;ESPACO POTENCIAL COLEGIO;Finlândia;1
PRIVADA;CARAPICUIBA;COTIA;COTIA;0;139646;RIO BRANCO COLEGIO UNIDADE GRANJA VIANA;Argentina;1
PRIVADA;CARAPICUIBA;COTIA;COTIA;0;139646;RIO BRANCO COLEGIO UNIDADE GRANJA VIANA;Colômbia;1
PRIVADA;CARAPICUIBA;COTIA;COTIA;0;139646;RIO BRANCO COLEGIO UNIDADE GRANJA VIANA;Cuba;1
PRIVADA;CARAPICUIBA;COTIA;COTIA;0;139646;RIO BRANCO COLEGIO UNIDADE GRANJA VIANA;Estados Unidos da América;2
PRIVADA;CARAPICUIBA;COTIA;COTIA;0;139646;RIO BRANCO COLEGIO UNIDADE GRANJA VIANA;França;1
PRIVADA;CARAPICUIBA;COTIA;COTIA;0;139646;RIO BRANCO COLEGIO UNIDADE GRANJA VIANA;México;1
PRIVADA;CARAPICUIBA;COTIA;COTIA;0;139646;RIO BRANCO COLEGIO UNIDADE GRANJA VIANA;Países Baixos (Holanda);2
PRIVADA;CARAPICUIBA;COTIA;COTIA;0;141136;AGORA ESCOLA DE ENSINO FUNDAMENTAL;Itália;1
PRIVADA;CARAPICUIBA;COTIA;COTIA;0;141136;AGORA ESCOLA DE ENSINO FUNDAMENTAL;Reino Unido da Grã-Bretanha e Irlanda do Norte;1
PRIVADA;CARAPICUIBA;COTIA;COTIA;0;142682;INTERESCOLAR OBJETIVO UNIDADE GRANJA VIANA CENTRO;Bélgica;1
PRIVADA;CARAPICUIBA;COTIA;COTIA;0;142682;INTERESCOLAR OBJETIVO UNIDADE GRANJA VIANA CENTRO;Japão;1
PRIVADA;CARAPICUIBA;COTIA;COTIA;0;144204;COLEGIO PORTUGUES DE SAO PAULO;Argentina;1
PRIVADA;CARAPICUIBA;COTIA;COTIA;0;144204;COLEGIO PORTUGUES DE SAO PAULO;Portugal;1
PRIVADA;CARAPICUIBA;COTIA;COTIA;0;151026;NATUREZA ESCOLA;Estados Unidos da América;1
PRIVADA;CARAPICUIBA;COTIA;COTIA;0;152389;ESCOLA VIVA;Haiti;1
PRIVADA;CARAPICUIBA;COTIA;COTIA;0;154076;TALENTO COLEGIO;Chile;1
PRIVADA;CARAPICUIBA;COTIA;COTIA;0;154076;TALENTO COLEGIO;Polinésia Francesa;1
PRIVADA;CARAPICUIBA;COTIA;COTIA;0;159165;ESPACO VERDE ROUSSEAU COLEGIO;Colômbia;1
PRIVADA;CARAPICUIBA;COTIA;COTIA;0;159177;SIDARTA COLEGIO;Estados Unidos da América;1
PRIVADA;CARAPICUIBA;COTIA;COTIA;0;165585;VIVER COLEGIO;Espanha;1
PRIVADA;CARAPICUIBA;COTIA;COTIA;0;173745;MUNDO MAGICO ESCOLA EDUCACAO INFANTIL;Itália;2
PRIVADA;CARAPICUIBA;COTIA;COTIA;0;304748;MONTE SINAI ESCOLA DE EDUCACAO INFANTIL;Argentina;1
PRIVADA;CARAPICUIBA;COTIA;COTIA;0;370836;SAMARAH INSTITUTO EDUCACIONAL;Panamá;1
PRIVADA;CARAPICUIBA;COTIA;COTIA;0;407641;TALENTO COLEGIO ENSINO MEDIO;Chile;1
PRIVADA;CARAPICUIBA;COTIA;COTIA;0;449520;VITAL ESCOLA;Haiti;1
PRIVADA;CARAPICUIBA;COTIA;COTIA;0;495372;FLORESTA ENCANTADA CENTRO DE EDUCACAO INFANTIL;Argentina;1
PRIVADA;CARAPICUIBA;COTIA;COTIA;0;560108;MAPLE BEAR GRANJA VIANA;Colômbia;2
PRIVADA;CARAPICUIBA;COTIA;COTIA;0;560108;MAPLE BEAR GRANJA VIANA;Peru;1
PRIVADA;CARAPICUIBA;COTIA;COTIA;0;560108;MAPLE BEAR GRANJA VIANA;Venezuela;1
PRIVADA;CARAPICUIBA;COTIA;COTIA;0;568132;VIA SAPIENS ENSINO FUNDAMENTAL II;Japão;1
PRIVADA;CARAPICUIBA;COTIA;COTIA;0;568181;VIA SAPIENS ENSINO FUNDAMENTAL I;Lituânia;1
PRIVADA;CARAPICUIBA;COTIA;COTIA;0;582827;COLEGIO SIGMA;Argentina;2
PRIVADA;CARAPICUIBA;COTIA;COTIA;0;583145;COLEGIO ADVENTISTA DA GRANJA VIANA;Paraguai;1
PRIVADA;CARAPICUIBA;COTIA;COTIA;0;805051;PLANETA TERRA;Japão;1
PRIVADA;CARAPICUIBA;COTIA;COTIA;40;109307;ADVENTISTA DE COTIA COLEGIO;Estados Unidos da América;3
PRIVADA;CARAPICUIBA;COTIA;COTIA;40;131490;MADRE IVA COLEGIO;Estados Unidos da América;1
PRIVADA;CARAPICUIBA;COTIA;COTIA;40;142980;OR ISRAEL COLLEGE;Estados Unidos da América;1
PRIVADA;CARAPICUIBA;COTIA;COTIA;40;142980;OR ISRAEL COLLEGE;Israel;1
PRIVADA;CARAPICUIBA;COTIA;COTIA;40;166112;CASA DO MOINHO CENTRO DE CAPACITACAO PROFISSIONAL;Japão;1
PRIVADA;CARAPICUIBA;COTIA;COTIA;51;300962;ALLAN KARDEC CENTRO EDUCACIONAL;Japão;1
PRIVADA;CATANDUVA;CATANDUVA;CATANDUVA;0;143613;CENTRO EDUCACIONAL INTERATIVO CATANDUVA;Japão;1
PRIVADA;CATANDUVA;CATANDUVA;CATANDUVA;0;152961;INSTITUTO EDUCACIONAL DE CATANDUVA IEC;Japão;1
PRIVADA;CATANDUVA;CATANDUVA;CATANDUVA;1;146341;APAE DE CATANDUVA;Japão;1
PRIVADA;CENTRO;BARRA FUNDA;SAO PAULO;0;6001;ESCOLA LUMINOVA   UNIDADE BARRA FUNDA;Chile;1
PRIVADA;CENTRO;BARRA FUNDA;SAO PAULO;0;6001;ESCOLA LUMINOVA   UNIDADE BARRA FUNDA;Colômbia;2
PRIVADA;CENTRO;BARRA FUNDA;SAO PAULO;0;6001;ESCOLA LUMINOVA   UNIDADE BARRA FUNDA;França;1
PRIVADA;CENTRO;BARRA FUNDA;SAO PAULO;0;6001;ESCOLA LUMINOVA   UNIDADE BARRA FUNDA;Portugal;1
PRIVADA;CENTRO;BARRA FUNDA;SAO PAULO;0;6001;ESCOLA LUMINOVA   UNIDADE BARRA FUNDA;Venezuela;1
PRIVADA;CENTRO;BARRA FUNDA;SAO PAULO;0;127991;BEIT YAACOV ESCOLA;Bolívia;2
PRIVADA;CENTRO;BARRA FUNDA;SAO PAULO;0;127991;BEIT YAACOV ESCOLA;Haiti;2
PRIVADA;CENTRO;BARRA FUNDA;SAO PAULO;0;127991;BEIT YAACOV ESCOLA;Israel;5
PRIVADA;CENTRO;BARRA FUNDA;SAO PAULO;0;134132;COLEGIO DAS AMERICAS;Argentina;3
PRIVADA;CENTRO;BARRA FUNDA;SAO PAULO;0;134132;COLEGIO DAS AMERICAS;China;4
PRIVADA;CENTRO;BARRA FUNDA;SAO PAULO;0;134132;COLEGIO DAS AMERICAS;Colômbia;1
PRIVADA;CENTRO;BARRA FUNDA;SAO PAULO;0;134132;COLEGIO DAS AMERICAS;Estados Unidos da América;1
PRIVADA;CENTRO;BARRA FUNDA;SAO PAULO;0;134132;COLEGIO DAS AMERICAS;Portugal;1
PRIVADA;CENTRO;BARRA FUNDA;SAO PAULO;0;140351;OBJETIVO CENTRO INTERESCOLAR UNIDADE POMPEIA;China;2
PRIVADA;CENTRO;BARRA FUNDA;SAO PAULO;0;140351;OBJETIVO CENTRO INTERESCOLAR UNIDADE POMPEIA;Estados Unidos da América;1
PRIVADA;CENTRO;BARRA FUNDA;SAO PAULO;0;140351;OBJETIVO CENTRO INTERESCOLAR UNIDADE POMPEIA;Itália;2
PRIVADA;CENTRO;BARRA FUNDA;SAO PAULO;0;140351;OBJETIVO CENTRO INTERESCOLAR UNIDADE POMPEIA;Japão;2
PRIVADA;CENTRO;BARRA FUNDA;SAO PAULO;0;161949;SAO GONCALO INSTITUTO DE EDUCACAO;Bolívia;1
PRIVADA;CENTRO;BARRA FUNDA;SAO PAULO;0;371981;NOVE DE JULHO COLEGIO UNIDADE II;Bolívia;1
PRIVADA;CENTRO;BARRA FUNDA;SAO PAULO;0;371981;NOVE DE JULHO COLEGIO UNIDADE II;Haiti;5
PRIVADA;CENTRO;BARRA FUNDA;SAO PAULO;0;472517;TALMUD TORA HAMAOR COLEGIO;Israel;7
PRIVADA;CENTRO;BARRA FUNDA;SAO PAULO;13;147795;HORACIO AUGUSTO SILVEIRA ESCOLA SENAI;Bolívia;1
PRIVADA;CENTRO;BARRA FUNDA;SAO PAULO;40;103780;RENASCENCA HEBRAICO BRASILEIRO COLEGIO UNIDADE II;Estados Unidos da América;1
PRIVADA;CENTRO;BARRA FUNDA;SAO PAULO;40;103780;RENASCENCA HEBRAICO BRASILEIRO COLEGIO UNIDADE II;Uruguai;1
PRIVADA;CENTRO;BOM RETIRO;SAO PAULO;0;6111;ESCOLA LUMINOVA  UNIDADE BOM RETIRO;África do Sul;1
PRIVADA;CENTRO;BOM RETIRO;SAO PAULO;0;6111;ESCOLA LUMINOVA  UNIDADE BOM RETIRO;Bolívia;1
PRIVADA;CENTRO;BOM RETIRO;SAO PAULO;0;6111;ESCOLA LUMINOVA  UNIDADE BOM RETIRO;Colômbia;1
PRIVADA;CENTRO;BOM RETIRO;SAO PAULO;0;6111;ESCOLA LUMINOVA  UNIDADE BOM RETIRO;Coreia do Sul;1
PRIVADA;CENTRO;BOM RETIRO;SAO PAULO;0;6111;ESCOLA LUMINOVA  UNIDADE BOM RETIRO;Equador;1
PRIVADA;CENTRO;BOM RETIRO;SAO PAULO;0;6111;ESCOLA LUMINOVA  UNIDADE BOM RETIRO;Estados Unidos da América;1
PRIVADA;CENTRO;BOM RETIRO;SAO PAULO;0;6111;ESCOLA LUMINOVA  UNIDADE BOM RETIRO;Guiné-Conacri;2
PRIVADA;CENTRO;BOM RETIRO;SAO PAULO;0;6111;ESCOLA LUMINOVA  UNIDADE BOM RETIRO;Peru;2
PRIVADA;CENTRO;BOM RETIRO;SAO PAULO;0;6111;ESCOLA LUMINOVA  UNIDADE BOM RETIRO;Venezuela;1
PRIVADA;CENTRO;BOM RETIRO;SAO PAULO;0;6159;ESCOLA TECNICA FAT;Bolívia;1
PRIVADA;CENTRO;BOM RETIRO;SAO PAULO;0;7098;INSTITUTO DE ENSINO YESHIVA TMIMIM;Argentina;1
PRIVADA;CENTRO;BOM RETIRO;SAO PAULO;0;102386;SANTO EDUARDO EXTERNATO;Coreia do Sul;1
PRIVADA;CENTRO;BOM RETIRO;SAO PAULO;0;103408;JOSE BONIFACIO EXTERNATO;Peru;1
PRIVADA;CENTRO;BOM RETIRO;SAO PAULO;0;103408;JOSE BONIFACIO EXTERNATO;Síria;1
PRIVADA;CENTRO;BOM RETIRO;SAO PAULO;0;103925;LUBAVITCH INSTITUTO DE ENSINO;Estados Unidos da América;1
PRIVADA;CENTRO;BOM RETIRO;SAO PAULO;0;119261;JOSE DE PAIVA NETTO INSTITUTO DE EDUCACAO;Bolívia;2
PRIVADA;CENTRO;BOM RETIRO;SAO PAULO;0;119261;JOSE DE PAIVA NETTO INSTITUTO DE EDUCACAO;Peru;1
PRIVADA;CENTRO;BOM RETIRO;SAO PAULO;0;138502;GANI ESCOLA;Canadá;1
PRIVADA;CENTRO;BOM RETIRO;SAO PAULO;0;138502;GANI ESCOLA;Estados Unidos da América;2
PRIVADA;CENTRO;BOM RETIRO;SAO PAULO;0;138502;GANI ESCOLA;Israel;1
PRIVADA;CENTRO;BOM RETIRO;SAO PAULO;0;150061;BOM RETIRO COLEGIO;Argentina;2
PRIVADA;CENTRO;BOM RETIRO;SAO PAULO;0;150061;BOM RETIRO COLEGIO;Bolívia;6
PRIVADA;CENTRO;BOM RETIRO;SAO PAULO;0;150061;BOM RETIRO COLEGIO;China;1
PRIVADA;CENTRO;BOM RETIRO;SAO PAULO;0;150061;BOM RETIRO COLEGIO;Coreia do Sul;2
PRIVADA;CENTRO;BOM RETIRO;SAO PAULO;0;150061;BOM RETIRO COLEGIO;Paraguai;1
PRIVADA;CENTRO;BOM RETIRO;SAO PAULO;0;150061;BOM RETIRO COLEGIO;Peru;1
PRIVADA;CENTRO;BOM RETIRO;SAO PAULO;0;255440;SANTA MARIA GORETTI COLEGIO TECNICO;Bolívia;1
PRIVADA;CENTRO;BOM RETIRO;SAO PAULO;0;255440;SANTA MARIA GORETTI COLEGIO TECNICO;Paraguai;1
PRIVADA;CENTRO;BOM RETIRO;SAO PAULO;0;260940;IMPACTA COLEGIO DE TECNOLOGIA DA INFORMACAO;Bolívia;1
PRIVADA;CENTRO;BOM RETIRO;SAO PAULO;0;260940;IMPACTA COLEGIO DE TECNOLOGIA DA INFORMACAO;Chile;1
PRIVADA;CENTRO;BOM RETIRO;SAO PAULO;0;260940;IMPACTA COLEGIO DE TECNOLOGIA DA INFORMACAO;Haiti;1
PRIVADA;CENTRO;BOM RETIRO;SAO PAULO;0;260940;IMPACTA COLEGIO DE TECNOLOGIA DA INFORMACAO;Togo;1
PRIVADA;CENTRO;BOM RETIRO;SAO PAULO;12;148659;SENAC TIRADENTES;Angola;1
PRIVADA;CENTRO;BOM RETIRO;SAO PAULO;12;148659;SENAC TIRADENTES;Bolívia;4
PRIVADA;CENTRO;BOM RETIRO;SAO PAULO;12;148659;SENAC TIRADENTES;Coreia do Sul;1
PRIVADA;CENTRO;BOM RETIRO;SAO PAULO;12;148659;SENAC TIRADENTES;Haiti;1
PRIVADA;CENTRO;BOM RETIRO;SAO PAULO;12;148659;SENAC TIRADENTES;Japão;1
PRIVADA;CENTRO;BOM RETIRO;SAO PAULO;12;148659;SENAC TIRADENTES;Paraguai;1
PRIVADA;CENTRO;BOM RETIRO;SAO PAULO;12;148659;SENAC TIRADENTES;Peru;2
PRIVADA;CENTRO;BOM RETIRO;SAO PAULO;40;102350;SANTA INES COLEGIO DE;Bolívia;1
PRIVADA;CENTRO;BOM RETIRO;SAO PAULO;40;102350;SANTA INES COLEGIO DE;China;4
PRIVADA;CENTRO;BOM RETIRO;SAO PAULO;40;102350;SANTA INES COLEGIO DE;Coreia do Sul;8
PRIVADA;CENTRO;BOM RETIRO;SAO PAULO;40;102350;SANTA INES COLEGIO DE;Paraguai;1
PRIVADA;CENTRO;BOM RETIRO;SAO PAULO;40;102350;SANTA INES COLEGIO DE;Peru;2
PRIVADA;CENTRO;BOM RETIRO;SAO PAULO;40;103421;LICEU DE ARTES E OFICIOS DE SAO PAULO;Coreia do Sul;1
PRIVADA;CENTRO;BOM RETIRO;SAO PAULO;40;103421;LICEU DE ARTES E OFICIOS DE SAO PAULO;Reino Unido da Grã-Bretanha e Irlanda do Norte;2
PRIVADA;CENTRO;BRAS;SAO PAULO;0;5886;CENTRO DE ENSINO GRAU TECNICO  UNIDADE BRAS;Angola;4
PRIVADA;CENTRO;BRAS;SAO PAULO;0;5886;CENTRO DE ENSINO GRAU TECNICO  UNIDADE BRAS;Bangladesh;1
PRIVADA;CENTRO;BRAS;SAO PAULO;0;5886;CENTRO DE ENSINO GRAU TECNICO  UNIDADE BRAS;Bolívia;16
PRIVADA;CENTRO;BRAS;SAO PAULO;0;5886;CENTRO DE ENSINO GRAU TECNICO  UNIDADE BRAS;Guiné-Conacri;2
PRIVADA;CENTRO;BRAS;SAO PAULO;0;5886;CENTRO DE ENSINO GRAU TECNICO  UNIDADE BRAS;Haiti;1
PRIVADA;CENTRO;BRAS;SAO PAULO;0;5886;CENTRO DE ENSINO GRAU TECNICO  UNIDADE BRAS;Nigéria;1
PRIVADA;CENTRO;BRAS;SAO PAULO;0;5886;CENTRO DE ENSINO GRAU TECNICO  UNIDADE BRAS;Paraguai;1
PRIVADA;CENTRO;BRAS;SAO PAULO;0;5886;CENTRO DE ENSINO GRAU TECNICO  UNIDADE BRAS;Peru;2
PRIVADA;CENTRO;BRAS;SAO PAULO;0;5886;CENTRO DE ENSINO GRAU TECNICO  UNIDADE BRAS;Togo;2
PRIVADA;CENTRO;BRAS;SAO PAULO;0;6684;SP ESCOLA DE TEATRO;Argentina;5
PRIVADA;CENTRO;BRAS;SAO PAULO;0;6684;SP ESCOLA DE TEATRO;Bolívia;1
PRIVADA;CENTRO;BRAS;SAO PAULO;0;6684;SP ESCOLA DE TEATRO;Colômbia;2
PRIVADA;CENTRO;BRAS;SAO PAULO;0;6684;SP ESCOLA DE TEATRO;Costa Rica;1
PRIVADA;CENTRO;BRAS;SAO PAULO;0;6684;SP ESCOLA DE TEATRO;Itália;1
PRIVADA;CENTRO;BRAS;SAO PAULO;0;6684;SP ESCOLA DE TEATRO;Peru;2
PRIVADA;CENTRO;BRAS;SAO PAULO;0;6684;SP ESCOLA DE TEATRO;Venezuela;3
PRIVADA;CENTRO;BRAS;SAO PAULO;13;147758;ROBERTO SIMONSEN ESCOLA SENAI;Bolívia;3
PRIVADA;CENTRO;CASA VERDE;SAO PAULO;0;100161;CENTENARIO COLEGIO;Bolívia;1
PRIVADA;CENTRO;CASA VERDE;SAO PAULO;0;100171;NOSSA SENHORA DAS DORES COLEGIO;Argentina;1
PRIVADA;CENTRO;CASA VERDE;SAO PAULO;0;100183;LICEU CARVALHO PINTO EIFM;Japão;1
PRIVADA;CENTRO;CASA VERDE;SAO PAULO;0;154702;PROJETO VIDA ESCOLA ENSINO FUNDAMENTAL;Austrália;1
PRIVADA;CENTRO;CASA VERDE;SAO PAULO;0;154702;PROJETO VIDA ESCOLA ENSINO FUNDAMENTAL;Portugal;2
PRIVADA;CENTRO;CASA VERDE;SAO PAULO;0;292175;UNIMOR COLEGIO NUCLEO 2;Coreia do Sul;1
PRIVADA;CENTRO;CASA VERDE;SAO PAULO;0;296624;UNIFAES UNID DE FORMACAO APERF E ESPEC EM SAUDE E ESTETICA;Bolívia;5
PRIVADA;CENTRO;CASA VERDE;SAO PAULO;0;296624;UNIFAES UNID DE FORMACAO APERF E ESPEC EM SAUDE E ESTETICA;Síria;2
PRIVADA;CENTRO;CASA VERDE;SAO PAULO;0;300871;HEISEI ESCOLA DE EDUCACAO INFANTL E ENSINO FUNDAMENTAL;Japão;13
PRIVADA;CENTRO;CASA VERDE;SAO PAULO;0;442392;AUGUSTO RAMOS COLEGIO;Nigéria;1
PRIVADA;CENTRO;CASA VERDE;SAO PAULO;0;442392;AUGUSTO RAMOS COLEGIO;Venezuela;1
PRIVADA;CENTRO;CASA VERDE;SAO PAULO;0;507866;NOVA VISAO COLEGIO;Colômbia;1
PRIVADA;CENTRO;CASA VERDE;SAO PAULO;0;565684;MONET NUCLEO DE EDUCACAO ESPECIAL;Bolívia;1
PRIVADA;CENTRO;CASA VERDE;SAO PAULO;0;565684;MONET NUCLEO DE EDUCACAO ESPECIAL;Japão;1
PRIVADA;CENTRO;CASA VERDE;SAO PAULO;0;811105;NOVA META COLEGIO;Peru;1
PRIVADA;CENTRO;CONSOLACAO;SAO PAULO;0;4670;IBRAP INSTITUTO BRASILEIRO DE PAISAGISMO;Argentina;1
PRIVADA;CENTRO;CONSOLACAO;SAO PAULO;0;4670;IBRAP INSTITUTO BRASILEIRO DE PAISAGISMO;Chile;1
PRIVADA;CENTRO;CONSOLACAO;SAO PAULO;0;4801;COLEGIO ANGLO SAO PAULO;Bolívia;1
PRIVADA;CENTRO;CONSOLACAO;SAO PAULO;0;4801;COLEGIO ANGLO SAO PAULO;Japão;1
PRIVADA;CENTRO;CONSOLACAO;SAO PAULO;0;6104;CENTRO DE ENSINO GRAU TECNICO  UNIDADE ANHANGABAU;Paraguai;1
PRIVADA;CENTRO;CONSOLACAO;SAO PAULO;0;103615;OR TORAH ESCOLA;Israel;1
PRIVADA;CENTRO;CONSOLACAO;SAO PAULO;0;103697;NOSSA SENHORA DE SION COLEGIO;Albânia;1
PRIVADA;CENTRO;CONSOLACAO;SAO PAULO;0;103697;NOSSA SENHORA DE SION COLEGIO;Bolívia;1
PRIVADA;CENTRO;CONSOLACAO;SAO PAULO;0;103697;NOSSA SENHORA DE SION COLEGIO;Chile;1
PRIVADA;CENTRO;CONSOLACAO;SAO PAULO;0;103697;NOSSA SENHORA DE SION COLEGIO;Espanha;1
PRIVADA;CENTRO;CONSOLACAO;SAO PAULO;0;103697;NOSSA SENHORA DE SION COLEGIO;Estados Unidos da América;1
PRIVADA;CENTRO;CONSOLACAO;SAO PAULO;0;103697;NOSSA SENHORA DE SION COLEGIO;Itália;1
PRIVADA;CENTRO;CONSOLACAO;SAO PAULO;0;103697;NOSSA SENHORA DE SION COLEGIO;México;2
PRIVADA;CENTRO;CONSOLACAO;SAO PAULO;0;103697;NOSSA SENHORA DE SION COLEGIO;Países Baixos (Holanda);1
PRIVADA;CENTRO;CONSOLACAO;SAO PAULO;0;103792;CARLITOS ESCOLA UNIDADE II;Estados Unidos da América;2
PRIVADA;CENTRO;CONSOLACAO;SAO PAULO;0;103792;CARLITOS ESCOLA UNIDADE II;Jersey;1
PRIVADA;CENTRO;CONSOLACAO;SAO PAULO;0;103834;OFELIA FONSECA COLEGIO;Argentina;1
PRIVADA;CENTRO;CONSOLACAO;SAO PAULO;0;103834;OFELIA FONSECA COLEGIO;Itália;1
PRIVADA;CENTRO;CONSOLACAO;SAO PAULO;0;118898;TALMUD TORA MAGUEN AVRAHAM UNIDADE;Argentina;1
PRIVADA;CENTRO;CONSOLACAO;SAO PAULO;0;118898;TALMUD TORA MAGUEN AVRAHAM UNIDADE;Israel;5
PRIVADA;CENTRO;CONSOLACAO;SAO PAULO;0;131891;CARLITOS ESCOLA UNIDADE I;Estados Unidos da América;1
PRIVADA;CENTRO;CONSOLACAO;SAO PAULO;0;475786;RED HOUSE INTERNATIONAL SCHOOL;Dinamarca;1
PRIVADA;CENTRO;CONSOLACAO;SAO PAULO;0;498646;ALBERT EINSTEIN ETIEP UNIDADE II;Japão;1
PRIVADA;CENTRO;CONSOLACAO;SAO PAULO;0;498646;ALBERT EINSTEIN ETIEP UNIDADE II;Peru;1
PRIVADA;CENTRO;CONSOLACAO;SAO PAULO;0;576591;ESCOLA PRESBITERIANA AEJA MACKENZIE;Bolívia;2
PRIVADA;CENTRO;CONSOLACAO;SAO PAULO;40;103248;CLARETIANO  COLEGIO;Espanha;1
PRIVADA;CENTRO;CONSOLACAO;SAO PAULO;40;103248;CLARETIANO  COLEGIO;México;1
PRIVADA;CENTRO;CONSOLACAO;SAO PAULO;40;103248;CLARETIANO  COLEGIO;Peru;1
PRIVADA;CENTRO;CONSOLACAO;SAO PAULO;40;103718;RIO BRANCO UNIDADE HIGIENOPOLIS COLEGIO;Bolívia;1
PRIVADA;CENTRO;CONSOLACAO;SAO PAULO;40;103718;RIO BRANCO UNIDADE HIGIENOPOLIS COLEGIO;China;7
PRIVADA;CENTRO;CONSOLACAO;SAO PAULO;40;103718;RIO BRANCO UNIDADE HIGIENOPOLIS COLEGIO;Colômbia;1
PRIVADA;CENTRO;CONSOLACAO;SAO PAULO;40;103718;RIO BRANCO UNIDADE HIGIENOPOLIS COLEGIO;Coreia do Sul;1
PRIVADA;CENTRO;CONSOLACAO;SAO PAULO;40;103718;RIO BRANCO UNIDADE HIGIENOPOLIS COLEGIO;Dinamarca;1
PRIVADA;CENTRO;CONSOLACAO;SAO PAULO;40;103718;RIO BRANCO UNIDADE HIGIENOPOLIS COLEGIO;Espanha;1
PRIVADA;CENTRO;CONSOLACAO;SAO PAULO;40;103718;RIO BRANCO UNIDADE HIGIENOPOLIS COLEGIO;Estados Unidos da América;4
PRIVADA;CENTRO;CONSOLACAO;SAO PAULO;40;103718;RIO BRANCO UNIDADE HIGIENOPOLIS COLEGIO;México;3
PRIVADA;CENTRO;CONSOLACAO;SAO PAULO;40;103718;RIO BRANCO UNIDADE HIGIENOPOLIS COLEGIO;Qatar;1
PRIVADA;CENTRO;CONSOLACAO;SAO PAULO;40;103861;MACKENZIE COLEGIO PRESBITERIANO;Argentina;1
PRIVADA;CENTRO;CONSOLACAO;SAO PAULO;40;103861;MACKENZIE COLEGIO PRESBITERIANO;China;1
PRIVADA;CENTRO;CONSOLACAO;SAO PAULO;40;103861;MACKENZIE COLEGIO PRESBITERIANO;Coreia do Sul;9
PRIVADA;CENTRO;CONSOLACAO;SAO PAULO;40;103861;MACKENZIE COLEGIO PRESBITERIANO;Coreia, República Democrática da (Coreia do Norte);1
PRIVADA;CENTRO;CONSOLACAO;SAO PAULO;40;103861;MACKENZIE COLEGIO PRESBITERIANO;Estados Unidos da América;2
PRIVADA;CENTRO;LIMAO;SAO PAULO;0;124400;DOM BOSCO COLEGIO;Portugal;1
PRIVADA;CENTRO;LIMAO;SAO PAULO;0;167447;VAN GOGH COLEGIO;Portugal;1
PRIVADA;CENTRO;LIMAO;SAO PAULO;0;185802;NOVA EPOCA COLEGIO;Líbano;1
PRIVADA;CENTRO;LIMAO;SAO PAULO;0;431459;CLUBE DO MICKEY E COLEGIO DOM BOSCO;Bolívia;4
PRIVADA;CENTRO;PARI;SAO PAULO;0;101564;SANTA MARIA ESCOLA;Bolívia;5
PRIVADA;CENTRO;PARI;SAO PAULO;0;101564;SANTA MARIA ESCOLA;Equador;6
PRIVADA;CENTRO;PARI;SAO PAULO;0;101564;SANTA MARIA ESCOLA;Líbano;2
PRIVADA;CENTRO;PARI;SAO PAULO;0;101564;SANTA MARIA ESCOLA;Palestina;2
PRIVADA;CENTRO;PARI;SAO PAULO;0;101564;SANTA MARIA ESCOLA;Paraguai;1
PRIVADA;CENTRO;PARI;SAO PAULO;0;101564;SANTA MARIA ESCOLA;Peru;12
PRIVADA;CENTRO;PARI;SAO PAULO;0;101564;SANTA MARIA ESCOLA;Síria;3
PRIVADA;CENTRO;PARI;SAO PAULO;0;101564;SANTA MARIA ESCOLA;Turquia;1
PRIVADA;CENTRO;PARI;SAO PAULO;0;101564;SANTA MARIA ESCOLA;Venezuela;2
PRIVADA;CENTRO;PARI;SAO PAULO;0;130540;POLICIA MILITAR COLEGIO DA;Angola;3
PRIVADA;CENTRO;PARI;SAO PAULO;0;130540;POLICIA MILITAR COLEGIO DA;Argentina;1
PRIVADA;CENTRO;PARI;SAO PAULO;0;130540;POLICIA MILITAR COLEGIO DA;Bangladesh;2
PRIVADA;CENTRO;PARI;SAO PAULO;0;130540;POLICIA MILITAR COLEGIO DA;Bolívia;2
PRIVADA;CENTRO;PARI;SAO PAULO;0;130540;POLICIA MILITAR COLEGIO DA;China;34
PRIVADA;CENTRO;PARI;SAO PAULO;0;130540;POLICIA MILITAR COLEGIO DA;Equador;1
PRIVADA;CENTRO;PARI;SAO PAULO;0;130540;POLICIA MILITAR COLEGIO DA;Espanha;1
PRIVADA;CENTRO;PARI;SAO PAULO;0;130540;POLICIA MILITAR COLEGIO DA;Itália;6
PRIVADA;CENTRO;PARI;SAO PAULO;0;130540;POLICIA MILITAR COLEGIO DA;Peru;4
PRIVADA;CENTRO;PARI;SAO PAULO;0;130540;POLICIA MILITAR COLEGIO DA;Roménia;1
PRIVADA;CENTRO;PARI;SAO PAULO;0;130540;POLICIA MILITAR COLEGIO DA;Uruguai;1
PRIVADA;CENTRO;PARI;SAO PAULO;0;156231;SAINT CLAIR COLEGIO;Angola;2
PRIVADA;CENTRO;PARI;SAO PAULO;0;156231;SAINT CLAIR COLEGIO;Bolívia;4
PRIVADA;CENTRO;PARI;SAO PAULO;0;156231;SAINT CLAIR COLEGIO;China;4
PRIVADA;CENTRO;PARI;SAO PAULO;0;156231;SAINT CLAIR COLEGIO;Colômbia;3
PRIVADA;CENTRO;PARI;SAO PAULO;0;156231;SAINT CLAIR COLEGIO;Coreia do Sul;1
PRIVADA;CENTRO;PARI;SAO PAULO;0;156231;SAINT CLAIR COLEGIO;Equador;2
PRIVADA;CENTRO;PARI;SAO PAULO;0;156231;SAINT CLAIR COLEGIO;Espanha;1
PRIVADA;CENTRO;PARI;SAO PAULO;0;156231;SAINT CLAIR COLEGIO;Paquistão;1
PRIVADA;CENTRO;PERDIZES;SAO PAULO;0;4933;TEIA MULTICULTURAL ESCOLA DE ENSINO FUNDAMENTAL E MEDIO;Samoa Americana;1
PRIVADA;CENTRO;PERDIZES;SAO PAULO;0;7176;ESCOLA BILINGUE PUERI DOMUS  UNIDADE III  PERDIZES;Argentina;2
PRIVADA;CENTRO;PERDIZES;SAO PAULO;0;7176;ESCOLA BILINGUE PUERI DOMUS  UNIDADE III  PERDIZES;Venezuela;1
PRIVADA;CENTRO;PERDIZES;SAO PAULO;0;102751;BATISTA BRASILEIRO COLEGIO;China;1
PRIVADA;CENTRO;PERDIZES;SAO PAULO;0;102751;BATISTA BRASILEIRO COLEGIO;Congo, República do;1
PRIVADA;CENTRO;PERDIZES;SAO PAULO;0;102751;BATISTA BRASILEIRO COLEGIO;Madagáscar;1
PRIVADA;CENTRO;PERDIZES;SAO PAULO;0;102751;BATISTA BRASILEIRO COLEGIO;Síria;3
PRIVADA;CENTRO;PERDIZES;SAO PAULO;0;102829;SAO DOMINGOS COLEGIO;Argentina;3
PRIVADA;CENTRO;PERDIZES;SAO PAULO;0;102829;SAO DOMINGOS COLEGIO;Canadá;1
PRIVADA;CENTRO;PERDIZES;SAO PAULO;0;102854;BAKHITA ESCOLA;Malawi;1
PRIVADA;CENTRO;PERDIZES;SAO PAULO;0;103123;EMECE INTERNACIONAL COLEGIO;Venezuela;2
PRIVADA;CENTRO;PERDIZES;SAO PAULO;0;120169;GLOBAL COLEGIO;Estados Unidos da América;1
PRIVADA;CENTRO;PERDIZES;SAO PAULO;0;136232;INDAC INSTITUTO DE ARTE E CIENCIA;Canadá;2
PRIVADA;CENTRO;PERDIZES;SAO PAULO;0;136232;INDAC INSTITUTO DE ARTE E CIENCIA;França;2
PRIVADA;CENTRO;PERDIZES;SAO PAULO;0;139497;PENTAGONO COLEGIO UNIDADE CAIUBI;Colômbia;1
PRIVADA;CENTRO;PERDIZES;SAO PAULO;0;563298;GLOBAL COLEGIO UNIDADE II;Bolívia;1
PRIVADA;CENTRO;PERDIZES;SAO PAULO;0;563298;GLOBAL COLEGIO UNIDADE II;Estados Unidos da América;1
PRIVADA;CENTRO;PERDIZES;SAO PAULO;0;583261;MY SCHOOL;Reino Unido da Grã-Bretanha e Irlanda do Norte;1
PRIVADA;CENTRO;PERDIZES;SAO PAULO;0;813060;GRAO DE CHAO ESCOLA DE EDUCACAO INFANTIL ENSINO FUNDAMENTAL;Reino Unido da Grã-Bretanha e Irlanda do Norte;1
PRIVADA;CENTRO;PERDIZES;SAO PAULO;40;102787;NOTRE DAME COLEGIO;Argentina;2
PRIVADA;CENTRO;PERDIZES;SAO PAULO;40;102787;NOTRE DAME COLEGIO;Colômbia;1
PRIVADA;CENTRO;PERDIZES;SAO PAULO;40;102799;SAGRADO CORACAO DE JESUS COLEGIO;Espanha;1
PRIVADA;CENTRO;PERDIZES;SAO PAULO;40;102799;SAGRADO CORACAO DE JESUS COLEGIO;Estados Unidos da América;1
PRIVADA;CENTRO;SANTA CECILIA;SAO PAULO;0;6158;RED HOUSE INTERNACIONAL SCHOOL  UNIDADE II;África do Sul;1
PRIVADA;CENTRO;SANTA CECILIA;SAO PAULO;0;6158;RED HOUSE INTERNACIONAL SCHOOL  UNIDADE II;Argentina;1
PRIVADA;CENTRO;SANTA CECILIA;SAO PAULO;0;6158;RED HOUSE INTERNACIONAL SCHOOL  UNIDADE II;Dinamarca;1
PRIVADA;CENTRO;SANTA CECILIA;SAO PAULO;0;6158;RED HOUSE INTERNACIONAL SCHOOL  UNIDADE II;Itália;2
PRIVADA;CENTRO;SANTA CECILIA;SAO PAULO;0;6158;RED HOUSE INTERNACIONAL SCHOOL  UNIDADE II;México;1
PRIVADA;CENTRO;SANTA CECILIA;SAO PAULO;0;103263;CORACAO DE JESUS LICEU;Bolívia;4
PRIVADA;CENTRO;SANTA CECILIA;SAO PAULO;0;103263;CORACAO DE JESUS LICEU;Camarões;1
PRIVADA;CENTRO;SANTA CECILIA;SAO PAULO;0;103263;CORACAO DE JESUS LICEU;China;2
PRIVADA;CENTRO;SANTA CECILIA;SAO PAULO;0;103263;CORACAO DE JESUS LICEU;Coreia do Sul;3
PRIVADA;CENTRO;SANTA CECILIA;SAO PAULO;0;103263;CORACAO DE JESUS LICEU;Paraguai;3
PRIVADA;CENTRO;SANTA CECILIA;SAO PAULO;0;103263;CORACAO DE JESUS LICEU;Peru;2
PRIVADA;CENTRO;SANTA CECILIA;SAO PAULO;0;103275;OSWALDO CRUZ COLEGIOS INTEGRADOS PAIS LEME;Estados Unidos da América;1
PRIVADA;CENTRO;SANTA CECILIA;SAO PAULO;0;103275;OSWALDO CRUZ COLEGIOS INTEGRADOS PAIS LEME;Guiné-Conacri;1
PRIVADA;CENTRO;SANTA CECILIA;SAO PAULO;0;103445;EQUIPE COLEGIO;Chile;1
PRIVADA;CENTRO;SANTA CECILIA;SAO PAULO;0;103445;EQUIPE COLEGIO;Espanha;1
PRIVADA;CENTRO;SANTA CECILIA;SAO PAULO;0;139877;CAMINHANDO COLEGIO;Japão;2
PRIVADA;CENTRO;SANTA CECILIA;SAO PAULO;0;253923;SANTA CASA ESCOLA DE ENFERMAGEM DA;Nigéria;1
PRIVADA;CENTRO;SANTA CECILIA;SAO PAULO;0;255737;MACUNAIMA TEATRO ESCOLA;Colômbia;2
PRIVADA;CENTRO;SANTA CECILIA;SAO PAULO;0;255737;MACUNAIMA TEATRO ESCOLA;França;1
PRIVADA;CENTRO;SANTA CECILIA;SAO PAULO;0;262705;HOTELARIA E TURISMO DE SAO PAULO ESCOLA DE;Angola;1
PRIVADA;CENTRO;SANTA CECILIA;SAO PAULO;0;393236;ACADEMIA INTERNACIONAL DE CINEMA;Nigéria;1
PRIVADA;CENTRO;SANTA CECILIA;SAO PAULO;0;393236;ACADEMIA INTERNACIONAL DE CINEMA;Peru;1
PRIVADA;CENTRO;SANTA CECILIA;SAO PAULO;0;442379;BRASILEIRO ISLAMICO COLEGIO;China;1
PRIVADA;CENTRO;SANTA CECILIA;SAO PAULO;0;442379;BRASILEIRO ISLAMICO COLEGIO;Índia;2
PRIVADA;CENTRO;SANTA CECILIA;SAO PAULO;0;442379;BRASILEIRO ISLAMICO COLEGIO;Irão;2
PRIVADA;CENTRO;SANTA CECILIA;SAO PAULO;0;442379;BRASILEIRO ISLAMICO COLEGIO;Iraque;2
PRIVADA;CENTRO;SANTA CECILIA;SAO PAULO;0;442379;BRASILEIRO ISLAMICO COLEGIO;Líbano;14
PRIVADA;CENTRO;SANTA CECILIA;SAO PAULO;0;442379;BRASILEIRO ISLAMICO COLEGIO;Síria;1
PRIVADA;CENTRO;SANTA CECILIA;SAO PAULO;0;442379;BRASILEIRO ISLAMICO COLEGIO;Venezuela;1
PRIVADA;CENTRO;SANTA CECILIA;SAO PAULO;12;148623;SENAC FRANCISCO MATARAZZO;Colômbia;1
PRIVADA;CENTRO;SANTA CECILIA;SAO PAULO;13;192351;INFORMATICA ESCOLA SENAI;Bolívia;1
PRIVADA;CENTRO;SANTA CECILIA;SAO PAULO;13;192351;INFORMATICA ESCOLA SENAI;Estados Unidos da América;1
PRIVADA;CENTRO;SANTA CECILIA;SAO PAULO;40;103342;BONI CONSILII INSTITUTO EDUCACAO;China;1
PRIVADA;CENTRO;SANTA CECILIA;SAO PAULO;40;103342;BONI CONSILII INSTITUTO EDUCACAO;Peru;2
PRIVADA;CENTRO;SANTA CECILIA;SAO PAULO;40;103342;BONI CONSILII INSTITUTO EDUCACAO;Ucrânia;1
PRIVADA;CENTRO;SANTANA;SAO PAULO;0;4964;COLEGIO AUGUSTO MOREIRA;Haiti;1
PRIVADA;CENTRO;SANTANA;SAO PAULO;0;4964;COLEGIO AUGUSTO MOREIRA;Japão;1
PRIVADA;CENTRO;SANTANA;SAO PAULO;0;100420;IMPERATRIZ LEOPOLDINA COLEGIO;Alemanha;1
PRIVADA;CENTRO;SANTANA;SAO PAULO;0;100420;IMPERATRIZ LEOPOLDINA COLEGIO;Estados Unidos da América;1
PRIVADA;CENTRO;SANTANA;SAO PAULO;0;100432;JARDIM SAO PAULO COLEGIO;Bolívia;1
PRIVADA;CENTRO;SANTANA;SAO PAULO;0;100572;SAINT LUCAS COLEGIO;Peru;1
PRIVADA;CENTRO;SANTANA;SAO PAULO;0;118761;NOVA ERA COLEGIO;Japão;1
PRIVADA;CENTRO;SANTANA;SAO PAULO;0;119040;DELTA COLEGIO;Iraque;1
PRIVADA;CENTRO;SANTANA;SAO PAULO;0;131787;ELITE COLEGIO DE EIFM;África do Sul;1
PRIVADA;CENTRO;SANTANA;SAO PAULO;0;131787;ELITE COLEGIO DE EIFM;Argentina;2
PRIVADA;CENTRO;SANTANA;SAO PAULO;0;131787;ELITE COLEGIO DE EIFM;Líbano;1
PRIVADA;CENTRO;SANTANA;SAO PAULO;0;131799;BRAS LEME COLEGIO;Paquistão;1
PRIVADA;CENTRO;SANTANA;SAO PAULO;0;134119;GRUPO MIUDINHO SEGMENTO;Líbano;1
PRIVADA;CENTRO;SANTANA;SAO PAULO;0;161412;LEILA GUEDES COLEGIO;Japão;2
PRIVADA;CENTRO;SANTANA;SAO PAULO;0;163806;FLORESTA AZUL COLEGIO;Bolívia;1
PRIVADA;CENTRO;SANTANA;SAO PAULO;0;163806;FLORESTA AZUL COLEGIO;Líbano;2
PRIVADA;CENTRO;SANTANA;SAO PAULO;0;163806;FLORESTA AZUL COLEGIO;Peru;1
PRIVADA;CENTRO;SANTANA;SAO PAULO;0;257205;ALEXANDRE DE GUSMAO ESCOLA DE ENSINO SUPLETIVO;Colômbia;1
PRIVADA;CENTRO;SANTANA;SAO PAULO;0;257205;ALEXANDRE DE GUSMAO ESCOLA DE ENSINO SUPLETIVO;Espanha;1
PRIVADA;CENTRO;SANTANA;SAO PAULO;0;257205;ALEXANDRE DE GUSMAO ESCOLA DE ENSINO SUPLETIVO;Peru;1
PRIVADA;CENTRO;SANTANA;SAO PAULO;0;257205;ALEXANDRE DE GUSMAO ESCOLA DE ENSINO SUPLETIVO;Venezuela;1
PRIVADA;CENTRO;SANTANA;SAO PAULO;0;263928;CEMAH;Angola;2
PRIVADA;CENTRO;SANTANA;SAO PAULO;0;352652;COLEGIO PALAVRA VIVA  UNIDADE II;África do Sul;1
PRIVADA;CENTRO;SANTANA;SAO PAULO;0;352652;COLEGIO PALAVRA VIVA  UNIDADE II;Bolívia;1
PRIVADA;CENTRO;SANTANA;SAO PAULO;0;352652;COLEGIO PALAVRA VIVA  UNIDADE II;França;1
PRIVADA;CENTRO;SANTANA;SAO PAULO;0;352652;COLEGIO PALAVRA VIVA  UNIDADE II;Itália;1
PRIVADA;CENTRO;SANTANA;SAO PAULO;0;392315;EMPYRIUS COLEGIO;Japão;1
PRIVADA;CENTRO;SANTANA;SAO PAULO;0;483126;LEAO NORTE COLEGIO;Japão;1
PRIVADA;CENTRO;SANTANA;SAO PAULO;0;568200;MAPLE BEAR CANADIAN SCHOOL SANTANA;Argentina;1
PRIVADA;CENTRO;SANTANA;SAO PAULO;0;801197;PUER ESCOLA EDUCACIONAL;Bolívia;1
PRIVADA;CENTRO;SANTANA;SAO PAULO;12;148573;SENAC SANTANA;Rússia;1
PRIVADA;CENTRO;SANTANA;SAO PAULO;40;100444;COLEGIO MARILLAC;Nigéria;1
PRIVADA;CENTRO;SANTANA;SAO PAULO;40;100473;SANTA TERESINHA COLEGIO SALESIANO;Coreia do Sul;1
PRIVADA;CENTRO;SANTANA;SAO PAULO;40;100473;SANTA TERESINHA COLEGIO SALESIANO;Estados Unidos da América;1
PRIVADA;CENTRO;SANTANA;SAO PAULO;40;100473;SANTA TERESINHA COLEGIO SALESIANO;Itália;1
PRIVADA;CENTRO;SANTANA;SAO PAULO;40;100473;SANTA TERESINHA COLEGIO SALESIANO;Japão;1
PRIVADA;CENTRO;SANTANA;SAO PAULO;40;100547;NOSSA SENHORA CONSOLATA COLEGIO;Japão;1
PRIVADA;CENTRO;SANTANA;SAO PAULO;40;100663;MADRE MAZZARELLO INSTITUTO;Espanha;1
PRIVADA;CENTRO;SANTANA;SAO PAULO;40;100663;MADRE MAZZARELLO INSTITUTO;Estados Unidos da América;2
PRIVADA;CENTRO;SANTANA;SAO PAULO;40;100663;MADRE MAZZARELLO INSTITUTO;Japão;1
PRIVADA;CENTRO;SE;SAO PAULO;0;106999;COLEGIO DE SAO BENTO;China;11
PRIVADA;CENTRO;SE;SAO PAULO;0;106999;COLEGIO DE SAO BENTO;Colômbia;2
PRIVADA;CENTRO;SE;SAO PAULO;0;106999;COLEGIO DE SAO BENTO;Comores;1
PRIVADA;CENTRO;SE;SAO PAULO;0;106999;COLEGIO DE SAO BENTO;Equador;1
PRIVADA;CENTRO;SE;SAO PAULO;0;106999;COLEGIO DE SAO BENTO;México;1
PRIVADA;CENTRO;SE;SAO PAULO;0;106999;COLEGIO DE SAO BENTO;Peru;7
PRIVADA;CENTRO;SE;SAO PAULO;0;106999;COLEGIO DE SAO BENTO;Venezuela;2
PRIVADA;CENTRO;SE;SAO PAULO;0;250211;INSTITUTO EDISON;África do Sul;1
PRIVADA;CENTRO;SE;SAO PAULO;0;250211;INSTITUTO EDISON;Argentina;1
PRIVADA;CENTRO;SE;SAO PAULO;0;250211;INSTITUTO EDISON;Cuba;1
PRIVADA;CENTRO;SE;SAO PAULO;0;250211;INSTITUTO EDISON;Guiné-Conacri;1
PRIVADA;CENTRO;SE;SAO PAULO;0;250211;INSTITUTO EDISON;Haiti;11
PRIVADA;CENTRO;VILA GUILHERME;SAO PAULO;0;100730;AMORIM SANTA TERESA COLEGIO;Argentina;1
PRIVADA;CENTRO;VILA GUILHERME;SAO PAULO;0;100730;AMORIM SANTA TERESA COLEGIO;Peru;2
PRIVADA;CENTRO;VILA GUILHERME;SAO PAULO;0;118758;DOMINANTE COLEGIO;Bolívia;2
PRIVADA;CENTRO;VILA GUILHERME;SAO PAULO;0;118758;DOMINANTE COLEGIO;Oman;1
PRIVADA;CENTRO;VILA GUILHERME;SAO PAULO;0;177957;SANTA RITA ESCOLA;Bolívia;1
PRIVADA;CENTRO;VILA GUILHERME;SAO PAULO;0;372092;MACHADO COELHO COLEGIO;Costa do Marfim;1
PRIVADA;CENTRO;VILA GUILHERME;SAO PAULO;0;812481;ROCHA CARDOSO COLEGIO;Bolívia;1
PRIVADA;CENTRO;VILA GUILHERME;SAO PAULO;40;145002;ABADS ESCOLA DE EDUCACAO ESPECIAL;Bolívia;2
PRIVADA;CENTRO OESTE;ALTO DE PINHEIROS;SAO PAULO;0;138885;VERA CRUZ ESCOLA II;Estados Unidos da América;1
PRIVADA;CENTRO OESTE;ALTO DE PINHEIROS;SAO PAULO;0;480745;BEACON SCHOOL;Colômbia;1
PRIVADA;CENTRO OESTE;ALTO DE PINHEIROS;SAO PAULO;0;480745;BEACON SCHOOL;Estados Unidos da América;5
PRIVADA;CENTRO OESTE;ALTO DE PINHEIROS;SAO PAULO;0;507830;LIVRE ARETE ESCOLA;Argentina;1
PRIVADA;CENTRO OESTE;ALTO DE PINHEIROS;SAO PAULO;40;104620;SANTA CRUZ COLEGIO;Burkina Faso;2
PRIVADA;CENTRO OESTE;ALTO DE PINHEIROS;SAO PAULO;40;104620;SANTA CRUZ COLEGIO;Colômbia;1
PRIVADA;CENTRO OESTE;ALTO DE PINHEIROS;SAO PAULO;40;104620;SANTA CRUZ COLEGIO;Espanha;2
PRIVADA;CENTRO OESTE;ALTO DE PINHEIROS;SAO PAULO;40;104620;SANTA CRUZ COLEGIO;Estados Unidos da América;1
PRIVADA;CENTRO OESTE;ALTO DE PINHEIROS;SAO PAULO;40;104620;SANTA CRUZ COLEGIO;Japão;1
PRIVADA;CENTRO OESTE;ALTO DE PINHEIROS;SAO PAULO;40;104620;SANTA CRUZ COLEGIO;Porto Rico;2
PRIVADA;CENTRO OESTE;ALTO DE PINHEIROS;SAO PAULO;40;104875;RAINHA DA PAZ COLEGIO EIFM;Angola;1
PRIVADA;CENTRO OESTE;ALTO DE PINHEIROS;SAO PAULO;40;104875;RAINHA DA PAZ COLEGIO EIFM;Arábia Saudita;1
PRIVADA;CENTRO OESTE;ALTO DE PINHEIROS;SAO PAULO;40;104917;SANTA CLARA COLEGIO;Estados Unidos da América;1
PRIVADA;CENTRO OESTE;ALTO DE PINHEIROS;SAO PAULO;40;104917;SANTA CLARA COLEGIO;Haiti;1
PRIVADA;CENTRO OESTE;BUTANTA;SAO PAULO;0;5969;ARCO ESCOLACOOPERATIVA;Venezuela;2
PRIVADA;CENTRO OESTE;BUTANTA;SAO PAULO;0;105429;PORTO UNIAO COLEGIO;Colômbia;2
PRIVADA;CENTRO OESTE;BUTANTA;SAO PAULO;0;105961;BEATISSIMA VIRGEM MARIA INSTITUTO DE EDUCACAO;Argentina;1
PRIVADA;CENTRO OESTE;BUTANTA;SAO PAULO;0;105961;BEATISSIMA VIRGEM MARIA INSTITUTO DE EDUCACAO;Bolívia;1
PRIVADA;CENTRO OESTE;BUTANTA;SAO PAULO;0;105961;BEATISSIMA VIRGEM MARIA INSTITUTO DE EDUCACAO;Venezuela;1
PRIVADA;CENTRO OESTE;BUTANTA;SAO PAULO;0;124175;GIORDANO BRUNO COLEGIO;Reino Unido da Grã-Bretanha e Irlanda do Norte;1
PRIVADA;CENTRO OESTE;BUTANTA;SAO PAULO;0;139038;ESCOLA DA VILA;Argentina;1
PRIVADA;CENTRO OESTE;BUTANTA;SAO PAULO;0;139038;ESCOLA DA VILA;Equador;1
PRIVADA;CENTRO OESTE;BUTANTA;SAO PAULO;0;139038;ESCOLA DA VILA;Irlanda;1
PRIVADA;CENTRO OESTE;BUTANTA;SAO PAULO;0;139038;ESCOLA DA VILA;Rússia;1
PRIVADA;CENTRO OESTE;BUTANTA;SAO PAULO;0;153564;CHACARA A PIMENTINHA E COLEGIO MEIRELLES LEME EIFM;Espanha;1
PRIVADA;CENTRO OESTE;BUTANTA;SAO PAULO;0;162280;PRIMEIRO MUNDO COLEGIO;Japão;1
PRIVADA;CENTRO OESTE;BUTANTA;SAO PAULO;0;165359;DAVINA GASPARINI COLEGIO;Bolívia;1
PRIVADA;CENTRO OESTE;BUTANTA;SAO PAULO;0;165359;DAVINA GASPARINI COLEGIO;Reino Unido da Grã-Bretanha e Irlanda do Norte;3
PRIVADA;CENTRO OESTE;BUTANTA;SAO PAULO;0;256596;ESCOLA DE PROTESE DA FUND DES CIENT TEC ODONTOLOGIA;Peru;1
PRIVADA;CENTRO OESTE;BUTANTA;SAO PAULO;0;448783;AMAZING SCHOOL;Peru;1
PRIVADA;CENTRO OESTE;BUTANTA;SAO PAULO;0;450935;COLEGIO SOUZA E ALMEIDA;El Salvador;2
PRIVADA;CENTRO OESTE;BUTANTA;SAO PAULO;0;450935;COLEGIO SOUZA E ALMEIDA;Estados Unidos da América;2
PRIVADA;CENTRO OESTE;BUTANTA;SAO PAULO;0;450935;COLEGIO SOUZA E ALMEIDA;Irão;1
PRIVADA;CENTRO OESTE;BUTANTA;SAO PAULO;0;450935;COLEGIO SOUZA E ALMEIDA;Japão;1
PRIVADA;CENTRO OESTE;BUTANTA;SAO PAULO;0;450935;COLEGIO SOUZA E ALMEIDA;Portugal;1
PRIVADA;CENTRO OESTE;BUTANTA;SAO PAULO;0;463279;VITAL BRAZIL COLEGIO;Angola;2
PRIVADA;CENTRO OESTE;BUTANTA;SAO PAULO;0;463279;VITAL BRAZIL COLEGIO;China;1
PRIVADA;CENTRO OESTE;BUTANTA;SAO PAULO;0;463279;VITAL BRAZIL COLEGIO;Colômbia;1
PRIVADA;CENTRO OESTE;BUTANTA;SAO PAULO;0;463279;VITAL BRAZIL COLEGIO;Coreia do Sul;1
PRIVADA;CENTRO OESTE;BUTANTA;SAO PAULO;0;463279;VITAL BRAZIL COLEGIO;Costa Rica;1
PRIVADA;CENTRO OESTE;BUTANTA;SAO PAULO;0;463279;VITAL BRAZIL COLEGIO;Eslováquia;1
PRIVADA;CENTRO OESTE;BUTANTA;SAO PAULO;0;463279;VITAL BRAZIL COLEGIO;Estados Unidos da América;1
PRIVADA;CENTRO OESTE;BUTANTA;SAO PAULO;0;463279;VITAL BRAZIL COLEGIO;México;1
PRIVADA;CENTRO OESTE;BUTANTA;SAO PAULO;0;800612;REGGIO EMILIA COLEGIO;Estados Unidos da América;1
PRIVADA;CENTRO OESTE;BUTANTA;SAO PAULO;0;800612;REGGIO EMILIA COLEGIO;Japão;1
PRIVADA;CENTRO OESTE;CAMPO BELO;SAO PAULO;0;106008;BOSQUE ESCOLA;Austrália;2
PRIVADA;CENTRO OESTE;CAMPO BELO;SAO PAULO;0;106240;PAULICEIA COLEGIO;Reino Unido da Grã-Bretanha e Irlanda do Norte;1
PRIVADA;CENTRO OESTE;CAMPO BELO;SAO PAULO;0;124849;CECI COLEGIO DE ENSINO FUNDAMENTAL E MEDIO;Uruguai;1
PRIVADA;CENTRO OESTE;CAMPO BELO;SAO PAULO;0;126123;MAXIMO COLEGIO;Estados Unidos da América;1
PRIVADA;CENTRO OESTE;CAMPO BELO;SAO PAULO;0;137406;VERTICE COLEGIO UNIDADE I;Argentina;1
PRIVADA;CENTRO OESTE;CAMPO BELO;SAO PAULO;0;137406;VERTICE COLEGIO UNIDADE I;China;1
PRIVADA;CENTRO OESTE;CAMPO BELO;SAO PAULO;0;137406;VERTICE COLEGIO UNIDADE I;Portugal;1
PRIVADA;CENTRO OESTE;CAMPO BELO;SAO PAULO;0;137406;VERTICE COLEGIO UNIDADE I;Suécia;1
PRIVADA;CENTRO OESTE;CAMPO BELO;SAO PAULO;0;141239;SEMENTE ESCOLA COLEGIO BAYEUX;Estados Unidos da América;1
PRIVADA;CENTRO OESTE;CAMPO BELO;SAO PAULO;0;141240;VERTICE COLEGIO UNIDADE II;Canadá;2
PRIVADA;CENTRO OESTE;CAMPO BELO;SAO PAULO;0;141240;VERTICE COLEGIO UNIDADE II;Estados Unidos da América;2
PRIVADA;CENTRO OESTE;CAMPO BELO;SAO PAULO;0;141240;VERTICE COLEGIO UNIDADE II;Portugal;1
PRIVADA;CENTRO OESTE;CAMPO BELO;SAO PAULO;0;156772;CONSTELACAO ESCOLA;Venezuela;1
PRIVADA;CENTRO OESTE;CAMPO BELO;SAO PAULO;0;158811;MAGNO COLEGIO;Argentina;3
PRIVADA;CENTRO OESTE;CAMPO BELO;SAO PAULO;0;176163;CAMPO BELOBEM QUERER COLEGIO UNIDADE I;Espanha;1
PRIVADA;CENTRO OESTE;CAMPO BELO;SAO PAULO;0;259834;ABRA  ACADEMIA BRASILEIRA DE ARTE;França;1
PRIVADA;CENTRO OESTE;CAMPO BELO;SAO PAULO;0;259834;ABRA  ACADEMIA BRASILEIRA DE ARTE;Irlanda;1
PRIVADA;CENTRO OESTE;CAMPO BELO;SAO PAULO;0;344837;GREEN BOOK SCHOOL  ENSINO FUNDAMENTAL E MEDIO;Argentina;1
PRIVADA;CENTRO OESTE;CAMPO BELO;SAO PAULO;0;344837;GREEN BOOK SCHOOL  ENSINO FUNDAMENTAL E MEDIO;China;1
PRIVADA;CENTRO OESTE;CAMPO BELO;SAO PAULO;0;344837;GREEN BOOK SCHOOL  ENSINO FUNDAMENTAL E MEDIO;Colômbia;1
PRIVADA;CENTRO OESTE;CAMPO BELO;SAO PAULO;0;429612;AUBRICK ESCOLA BILINGUE MULTICULTURAL;Argentina;1
PRIVADA;CENTRO OESTE;CAMPO BELO;SAO PAULO;0;429612;AUBRICK ESCOLA BILINGUE MULTICULTURAL;Austrália;1
PRIVADA;CENTRO OESTE;CAMPO BELO;SAO PAULO;0;429612;AUBRICK ESCOLA BILINGUE MULTICULTURAL;Colômbia;1
PRIVADA;CENTRO OESTE;CAMPO BELO;SAO PAULO;0;429612;AUBRICK ESCOLA BILINGUE MULTICULTURAL;Espanha;2
PRIVADA;CENTRO OESTE;CAMPO BELO;SAO PAULO;0;429612;AUBRICK ESCOLA BILINGUE MULTICULTURAL;Estados Unidos da América;5
PRIVADA;CENTRO OESTE;CAMPO BELO;SAO PAULO;0;564597;CASA DO SOL INSTITUTO;Peru;1
PRIVADA;CENTRO OESTE;CAMPO BELO;SAO PAULO;0;580375;MAPLE BEAR CANADIAN SCHOOL VILA MASCOTE;Síria;1
PRIVADA;CENTRO OESTE;CAMPO BELO;SAO PAULO;0;800296;A E D ESCOLA;Argentina;1
PRIVADA;CENTRO OESTE;CAMPO BELO;SAO PAULO;40;5763;PUZZLE EDUCACAO BILINGUE MULTICULTURAL;Venezuela;2
PRIVADA;CENTRO OESTE;CAMPO BELO;SAO PAULO;40;105818;ADVENTISTA DO BROOKLIN COLEGIO;Argentina;1
PRIVADA;CENTRO OESTE;CAMPO BELO;SAO PAULO;40;105818;ADVENTISTA DO BROOKLIN COLEGIO;Espanha;1
PRIVADA;CENTRO OESTE;CAMPO BELO;SAO PAULO;40;105818;ADVENTISTA DO BROOKLIN COLEGIO;Estados Unidos da América;1
PRIVADA;CENTRO OESTE;CAMPO BELO;SAO PAULO;40;105818;ADVENTISTA DO BROOKLIN COLEGIO;Peru;1
PRIVADA;CENTRO OESTE;ITAIM BIBI;SAO PAULO;0;104218;AVANCO DE ENSINO PROGRAMADO COLEGIO;China;1
PRIVADA;CENTRO OESTE;ITAIM BIBI;SAO PAULO;0;104218;AVANCO DE ENSINO PROGRAMADO COLEGIO;Espanha;1
PRIVADA;CENTRO OESTE;ITAIM BIBI;SAO PAULO;0;104449;NOSSA SENHORA DAS GRACAS ESCOLA;Argentina;1
PRIVADA;CENTRO OESTE;ITAIM BIBI;SAO PAULO;0;104449;NOSSA SENHORA DAS GRACAS ESCOLA;Estados Unidos da América;2
PRIVADA;CENTRO OESTE;ITAIM BIBI;SAO PAULO;0;104449;NOSSA SENHORA DAS GRACAS ESCOLA;França;1
PRIVADA;CENTRO OESTE;ITAIM BIBI;SAO PAULO;0;104449;NOSSA SENHORA DAS GRACAS ESCOLA;Portugal;1
PRIVADA;CENTRO OESTE;ITAIM BIBI;SAO PAULO;0;105971;ANHEMBI MORUMBI COLEGIO;Canadá;1
PRIVADA;CENTRO OESTE;ITAIM BIBI;SAO PAULO;0;105971;ANHEMBI MORUMBI COLEGIO;Itália;1
PRIVADA;CENTRO OESTE;ITAIM BIBI;SAO PAULO;0;105971;ANHEMBI MORUMBI COLEGIO;Ucrânia;1
PRIVADA;CENTRO OESTE;ITAIM BIBI;SAO PAULO;0;134788;PUERI DOMUS ESCOLA ITAIM UNIDADE II;Argentina;1
PRIVADA;CENTRO OESTE;ITAIM BIBI;SAO PAULO;0;134788;PUERI DOMUS ESCOLA ITAIM UNIDADE II;China;1
PRIVADA;CENTRO OESTE;ITAIM BIBI;SAO PAULO;0;134788;PUERI DOMUS ESCOLA ITAIM UNIDADE II;México;1
PRIVADA;CENTRO OESTE;ITAIM BIBI;SAO PAULO;0;134788;PUERI DOMUS ESCOLA ITAIM UNIDADE II;Portugal;2
PRIVADA;CENTRO OESTE;ITAIM BIBI;SAO PAULO;0;138526;WALDORF DE SAO PAULO ESCOLA;Estados Unidos da América;2
PRIVADA;CENTRO OESTE;ITAIM BIBI;SAO PAULO;0;138526;WALDORF DE SAO PAULO ESCOLA;Suécia;1
PRIVADA;CENTRO OESTE;ITAIM BIBI;SAO PAULO;0;138526;WALDORF DE SAO PAULO ESCOLA;Suíça;1
PRIVADA;CENTRO OESTE;ITAIM BIBI;SAO PAULO;0;154210;VIVA ESCOLA;Alemanha;2
PRIVADA;CENTRO OESTE;ITAIM BIBI;SAO PAULO;0;154210;VIVA ESCOLA;Argentina;1
PRIVADA;CENTRO OESTE;ITAIM BIBI;SAO PAULO;0;154210;VIVA ESCOLA;México;1
PRIVADA;CENTRO OESTE;ITAIM BIBI;SAO PAULO;0;154210;VIVA ESCOLA;Peru;1
PRIVADA;CENTRO OESTE;ITAIM BIBI;SAO PAULO;0;154210;VIVA ESCOLA;Uruguai;1
PRIVADA;CENTRO OESTE;ITAIM BIBI;SAO PAULO;0;154945;COLEGIO CATAMARA VITA;Peru;1
PRIVADA;CENTRO OESTE;ITAIM BIBI;SAO PAULO;0;250296;CELIA HELENA TEATRO ESCOLA;Argentina;2
PRIVADA;CENTRO OESTE;ITAIM BIBI;SAO PAULO;0;250296;CELIA HELENA TEATRO ESCOLA;França;1
PRIVADA;CENTRO OESTE;ITAIM BIBI;SAO PAULO;0;250296;CELIA HELENA TEATRO ESCOLA;Peru;1
PRIVADA;CENTRO OESTE;ITAIM BIBI;SAO PAULO;0;449453;OR MENACHEM COLEGIO UNIDADE I ESCOLA FEMININA;Israel;1
PRIVADA;CENTRO OESTE;ITAIM BIBI;SAO PAULO;0;449490;OR MENACHEM COLEGIO UNIDADE II ESCOLA MASCULINA;Israel;1
PRIVADA;CENTRO OESTE;JAGUARE;SAO PAULO;0;176205;COLEGIO OBJETIVO JAGUARE;Irão;1
PRIVADA;CENTRO OESTE;JAGUARE;SAO PAULO;0;176205;COLEGIO OBJETIVO JAGUARE;Venezuela;2
PRIVADA;CENTRO OESTE;JAGUARE;SAO PAULO;0;583133;MAPLE BEAR JAGUARE;Nigéria;2
PRIVADA;CENTRO OESTE;JARDIM PAULISTA;SAO PAULO;0;103524;DANTE ALIGHIERI COLEGIO;Argentina;2
PRIVADA;CENTRO OESTE;JARDIM PAULISTA;SAO PAULO;0;103524;DANTE ALIGHIERI COLEGIO;Bolívia;1
PRIVADA;CENTRO OESTE;JARDIM PAULISTA;SAO PAULO;0;103524;DANTE ALIGHIERI COLEGIO;China;1
PRIVADA;CENTRO OESTE;JARDIM PAULISTA;SAO PAULO;0;103524;DANTE ALIGHIERI COLEGIO;Espanha;1
PRIVADA;CENTRO OESTE;JARDIM PAULISTA;SAO PAULO;0;103524;DANTE ALIGHIERI COLEGIO;Estados Unidos da América;3
PRIVADA;CENTRO OESTE;JARDIM PAULISTA;SAO PAULO;0;103524;DANTE ALIGHIERI COLEGIO;Itália;9
PRIVADA;CENTRO OESTE;JARDIM PAULISTA;SAO PAULO;0;103524;DANTE ALIGHIERI COLEGIO;Portugal;3
PRIVADA;CENTRO OESTE;JARDIM PAULISTA;SAO PAULO;0;103524;DANTE ALIGHIERI COLEGIO;Suíça;1
PRIVADA;CENTRO OESTE;JARDIM PAULISTA;SAO PAULO;0;103524;DANTE ALIGHIERI COLEGIO;Venezuela;2
PRIVADA;CENTRO OESTE;JARDIM PAULISTA;SAO PAULO;0;103536;IAVNE COLEGIO EFM;Estados Unidos da América;4
PRIVADA;CENTRO OESTE;JARDIM PAULISTA;SAO PAULO;0;103536;IAVNE COLEGIO EFM;Israel;7
PRIVADA;CENTRO OESTE;JARDIM PAULISTA;SAO PAULO;0;104334;COLEGIO MATER DEI;França;1
PRIVADA;CENTRO OESTE;JARDIM PAULISTA;SAO PAULO;0;104334;COLEGIO MATER DEI;Suíça;1
PRIVADA;CENTRO OESTE;JARDIM PAULISTA;SAO PAULO;0;104590;CENTRO INTERESCOLAR OBJETIVO UNIDADE TEODORO;Japão;1
PRIVADA;CENTRO OESTE;JARDIM PAULISTA;SAO PAULO;0;251008;CEFACS INCOR FUNDACAO ZERBINI;Argentina;1
PRIVADA;CENTRO OESTE;JARDIM PAULISTA;SAO PAULO;0;252323;MADRE VICUNHA INSTITUTO CURSO SUPLETIVO;Haiti;3
PRIVADA;CENTRO OESTE;JARDIM PAULISTA;SAO PAULO;0;252323;MADRE VICUNHA INSTITUTO CURSO SUPLETIVO;Paraguai;1
PRIVADA;CENTRO OESTE;JARDIM PAULISTA;SAO PAULO;0;259305;PANAMERICANA ESCOLA DE ARTE E DESIGN;Argentina;2
PRIVADA;CENTRO OESTE;JARDIM PAULISTA;SAO PAULO;0;259305;PANAMERICANA ESCOLA DE ARTE E DESIGN;Equador;1
PRIVADA;CENTRO OESTE;JARDIM PAULISTA;SAO PAULO;0;259305;PANAMERICANA ESCOLA DE ARTE E DESIGN;Marrocos;1
PRIVADA;CENTRO OESTE;JARDIM PAULISTA;SAO PAULO;0;263357;NILTON TRAVESSO OFICINA DE ATORES;Coreia do Sul;2
PRIVADA;CENTRO OESTE;JARDIM PAULISTA;SAO PAULO;40;103512;COLEGIO ASSUNCAO;Angola;4
PRIVADA;CENTRO OESTE;JARDIM PAULISTA;SAO PAULO;40;103512;COLEGIO ASSUNCAO;Argentina;3
PRIVADA;CENTRO OESTE;JARDIM PAULISTA;SAO PAULO;40;103512;COLEGIO ASSUNCAO;Portugal;2
PRIVADA;CENTRO OESTE;JARDIM PAULISTA;SAO PAULO;40;103512;COLEGIO ASSUNCAO;Reino Unido da Grã-Bretanha e Irlanda do Norte;1
PRIVADA;CENTRO OESTE;JARDIM PAULISTA;SAO PAULO;40;103512;COLEGIO ASSUNCAO;Suíça;1
PRIVADA;CENTRO OESTE;JARDIM PAULISTA;SAO PAULO;40;103512;COLEGIO ASSUNCAO;Venezuela;1
PRIVADA;CENTRO OESTE;LAPA;SAO PAULO;0;6083;ESCOLA INFANTUS;Argentina;1
PRIVADA;CENTRO OESTE;LAPA;SAO PAULO;0;7102;CAMINO SCHOOL;Portugal;2
PRIVADA;CENTRO OESTE;LAPA;SAO PAULO;0;102660;COLEGIO SANTO IVO;México;1
PRIVADA;CENTRO OESTE;LAPA;SAO PAULO;0;118928;MODULO COLEGIO;Colômbia;1
PRIVADA;CENTRO OESTE;LAPA;SAO PAULO;0;130369;PREMEDICO COLEGIO;Portugal;1
PRIVADA;CENTRO OESTE;LAPA;SAO PAULO;0;130369;PREMEDICO COLEGIO;Venezuela;1
PRIVADA;CENTRO OESTE;LAPA;SAO PAULO;0;131507;OSWALD DE ANDRADE COLEGIO UNIDADE II;Argentina;1
PRIVADA;CENTRO OESTE;LAPA;SAO PAULO;0;134144;PANTERINHA INSTITUTO DE EDUCACAOCOLEGIO IPE;Canadá;2
PRIVADA;CENTRO OESTE;LAPA;SAO PAULO;0;143042;LEMA COLEGIO;Japão;1
PRIVADA;CENTRO OESTE;LAPA;SAO PAULO;0;441739;BUILDERS EDUCACAO BILINGUE;Argentina;1
PRIVADA;CENTRO OESTE;LAPA;SAO PAULO;0;441739;BUILDERS EDUCACAO BILINGUE;Itália;1
PRIVADA;CENTRO OESTE;LAPA;SAO PAULO;0;800193;COLEGIO HEITOR GARCIA;Japão;1
PRIVADA;CENTRO OESTE;LAPA;SAO PAULO;13;147801;MARIANO FERRAZ ESCOLA SENAI;Bolívia;1
PRIVADA;CENTRO OESTE;LAPA;SAO PAULO;13;147801;MARIANO FERRAZ ESCOLA SENAI;Dominicana, República;1
PRIVADA;CENTRO OESTE;LAPA;SAO PAULO;13;147801;MARIANO FERRAZ ESCOLA SENAI;Estados Unidos da América;1
PRIVADA;CENTRO OESTE;LAPA;SAO PAULO;38;7406;CENTRO DE ENSINO GRAU TECNICO  LAPA;Bolívia;1
PRIVADA;CENTRO OESTE;LAPA;SAO PAULO;40;102465;CAMPOS SALLES COLEGIO UNIDADE I;Portugal;1
PRIVADA;CENTRO OESTE;LAPA;SAO PAULO;40;448369;ADVENTISTA DA LAPA COLEGIO;Japão;1
PRIVADA;CENTRO OESTE;MOEMA;SAO PAULO;0;5965;THE INTERNACIONAL SCHOOL OF SAO PAULO;Coreia do Sul;1
PRIVADA;CENTRO OESTE;MOEMA;SAO PAULO;0;5965;THE INTERNACIONAL SCHOOL OF SAO PAULO;Japão;2
PRIVADA;CENTRO OESTE;MOEMA;SAO PAULO;0;104206;COMPANHIA DE MARIA COLEGIO;Estados Unidos da América;1
PRIVADA;CENTRO OESTE;MOEMA;SAO PAULO;0;104206;COMPANHIA DE MARIA COLEGIO;Hungria;1
PRIVADA;CENTRO OESTE;MOEMA;SAO PAULO;0;104206;COMPANHIA DE MARIA COLEGIO;Portugal;1
PRIVADA;CENTRO OESTE;MOEMA;SAO PAULO;0;104450;ESCOLA NOVA LOURENCO UNIDADE I;México;1
PRIVADA;CENTRO OESTE;MOEMA;SAO PAULO;0;104450;ESCOLA NOVA LOURENCO UNIDADE I;Portugal;3
PRIVADA;CENTRO OESTE;MOEMA;SAO PAULO;0;106161;COMECINHO DE VIDA E CENTRO ED BRANDAO EEIEF;Argentina;1
PRIVADA;CENTRO OESTE;MOEMA;SAO PAULO;0;106161;COMECINHO DE VIDA E CENTRO ED BRANDAO EEIEF;Estados Unidos da América;2
PRIVADA;CENTRO OESTE;MOEMA;SAO PAULO;0;106161;COMECINHO DE VIDA E CENTRO ED BRANDAO EEIEF;Venezuela;1
PRIVADA;CENTRO OESTE;MOEMA;SAO PAULO;0;106367;INTERNACIONAL ITALO BRASILEIRO COLEGIO;Chile;1
PRIVADA;CENTRO OESTE;MOEMA;SAO PAULO;0;106367;INTERNACIONAL ITALO BRASILEIRO COLEGIO;Colômbia;2
PRIVADA;CENTRO OESTE;MOEMA;SAO PAULO;0;106367;INTERNACIONAL ITALO BRASILEIRO COLEGIO;Peru;2
PRIVADA;CENTRO OESTE;MOEMA;SAO PAULO;0;106367;INTERNACIONAL ITALO BRASILEIRO COLEGIO;Portugal;1
PRIVADA;CENTRO OESTE;MOEMA;SAO PAULO;0;106367;INTERNACIONAL ITALO BRASILEIRO COLEGIO;Reino Unido da Grã-Bretanha e Irlanda do Norte;1
PRIVADA;CENTRO OESTE;MOEMA;SAO PAULO;0;106367;INTERNACIONAL ITALO BRASILEIRO COLEGIO;Ucrânia;1
PRIVADA;CENTRO OESTE;MOEMA;SAO PAULO;0;106446;MOBILE ESCOLA PRATICA DE ESTUDOS ELEMENTARES;Bélgica;1
PRIVADA;CENTRO OESTE;MOEMA;SAO PAULO;0;106446;MOBILE ESCOLA PRATICA DE ESTUDOS ELEMENTARES;China;1
PRIVADA;CENTRO OESTE;MOEMA;SAO PAULO;0;106446;MOBILE ESCOLA PRATICA DE ESTUDOS ELEMENTARES;Coreia do Sul;1
PRIVADA;CENTRO OESTE;MOEMA;SAO PAULO;0;106446;MOBILE ESCOLA PRATICA DE ESTUDOS ELEMENTARES;Estados Unidos da América;1
PRIVADA;CENTRO OESTE;MOEMA;SAO PAULO;0;106446;MOBILE ESCOLA PRATICA DE ESTUDOS ELEMENTARES;Portugal;2
PRIVADA;CENTRO OESTE;MOEMA;SAO PAULO;0;106446;MOBILE ESCOLA PRATICA DE ESTUDOS ELEMENTARES;Venezuela;1
PRIVADA;CENTRO OESTE;MOEMA;SAO PAULO;0;120327;GAIVOTA I ESCOLA;Argentina;4
PRIVADA;CENTRO OESTE;MOEMA;SAO PAULO;0;120327;GAIVOTA I ESCOLA;Colômbia;1
PRIVADA;CENTRO OESTE;MOEMA;SAO PAULO;0;120327;GAIVOTA I ESCOLA;Portugal;1
PRIVADA;CENTRO OESTE;MOEMA;SAO PAULO;0;130114;HUMANIVERSIDADE HOLISTICA ESCOLA;Chile;1
PRIVADA;CENTRO OESTE;MOEMA;SAO PAULO;0;138903;ESCOLA NOVA LOURENCO UNIDADE II;Colômbia;1
PRIVADA;CENTRO OESTE;MOEMA;SAO PAULO;0;138903;ESCOLA NOVA LOURENCO UNIDADE II;Estados Unidos da América;1
PRIVADA;CENTRO OESTE;MOEMA;SAO PAULO;0;138915;ESCOLA NOVA LOURENCO UNIDADE III;México;1
PRIVADA;CENTRO OESTE;MOEMA;SAO PAULO;0;138988;SAO DOMINGOS SAVIO COLEGIO;Estados Unidos da América;1
PRIVADA;CENTRO OESTE;MOEMA;SAO PAULO;0;143406;AUGUSTO LARANJA COLEGIO UNIDADE I;Argentina;1
PRIVADA;CENTRO OESTE;MOEMA;SAO PAULO;0;143406;AUGUSTO LARANJA COLEGIO UNIDADE I;Portugal;1
PRIVADA;CENTRO OESTE;MOEMA;SAO PAULO;0;158483;STOCKLER COLEGIO;Síria;2
PRIVADA;CENTRO OESTE;MOEMA;SAO PAULO;0;161937;BRAZILIAN INTERNATIONAL SCHOOL;Argentina;8
PRIVADA;CENTRO OESTE;MOEMA;SAO PAULO;0;161937;BRAZILIAN INTERNATIONAL SCHOOL;China;1
PRIVADA;CENTRO OESTE;MOEMA;SAO PAULO;0;161937;BRAZILIAN INTERNATIONAL SCHOOL;Itália;1
PRIVADA;CENTRO OESTE;MOEMA;SAO PAULO;0;161937;BRAZILIAN INTERNATIONAL SCHOOL;Japão;1
PRIVADA;CENTRO OESTE;MOEMA;SAO PAULO;0;165347;MOBILE COLEGIO;Chile;1
PRIVADA;CENTRO OESTE;MOEMA;SAO PAULO;0;165347;MOBILE COLEGIO;Estados Unidos da América;2
PRIVADA;CENTRO OESTE;MOEMA;SAO PAULO;0;165347;MOBILE COLEGIO;Peru;1
PRIVADA;CENTRO OESTE;MOEMA;SAO PAULO;0;198959;OCTAGON COLEGIO;Argentina;1
PRIVADA;CENTRO OESTE;MOEMA;SAO PAULO;0;256547;CRUZ VERMELHA BRASILEIRA FILIAL DO EST SP CENTRO FORM DA;Angola;1
PRIVADA;CENTRO OESTE;MOEMA;SAO PAULO;0;256547;CRUZ VERMELHA BRASILEIRA FILIAL DO EST SP CENTRO FORM DA;Bolívia;1
PRIVADA;CENTRO OESTE;MOEMA;SAO PAULO;0;256547;CRUZ VERMELHA BRASILEIRA FILIAL DO EST SP CENTRO FORM DA;Haiti;1
PRIVADA;CENTRO OESTE;MOEMA;SAO PAULO;0;296752;MOVIMENTO ESCOLA;França;1
PRIVADA;CENTRO OESTE;MOEMA;SAO PAULO;0;449672;ESCOLA PRIMEIRA;Bélgica;1
PRIVADA;CENTRO OESTE;MOEMA;SAO PAULO;0;449672;ESCOLA PRIMEIRA;Estados Unidos da América;1
PRIVADA;CENTRO OESTE;MOEMA;SAO PAULO;0;449672;ESCOLA PRIMEIRA;França;1
PRIVADA;CENTRO OESTE;MOEMA;SAO PAULO;0;456342;MAPLE BEAR CANADIAN SCHOOL VILA NOVA CONCEICAO;Estados Unidos da América;4
PRIVADA;CENTRO OESTE;MOEMA;SAO PAULO;0;456342;MAPLE BEAR CANADIAN SCHOOL VILA NOVA CONCEICAO;Japão;1
PRIVADA;CENTRO OESTE;MOEMA;SAO PAULO;0;480939;BE LIVING ESCOLA UNIDADE MOEMA;Colômbia;1
PRIVADA;CENTRO OESTE;MOEMA;SAO PAULO;0;480939;BE LIVING ESCOLA UNIDADE MOEMA;Estados Unidos da América;1
PRIVADA;CENTRO OESTE;MOEMA;SAO PAULO;0;498002;MAPLE BEAR CANADIAN SCHOOL COLEGIO;Argentina;2
PRIVADA;CENTRO OESTE;MOEMA;SAO PAULO;0;498002;MAPLE BEAR CANADIAN SCHOOL COLEGIO;Canadá;1
PRIVADA;CENTRO OESTE;MOEMA;SAO PAULO;0;498002;MAPLE BEAR CANADIAN SCHOOL COLEGIO;Índia;1
PRIVADA;CENTRO OESTE;MOEMA;SAO PAULO;0;568193;MORUMBI ESCOLA UNIDADE MOEMA;Argentina;1
PRIVADA;CENTRO OESTE;MOEMA;SAO PAULO;40;103548;SAO LUIS COLEGIO EIFM;Argentina;1
PRIVADA;CENTRO OESTE;MOEMA;SAO PAULO;40;103548;SAO LUIS COLEGIO EIFM;Chile;2
PRIVADA;CENTRO OESTE;MOEMA;SAO PAULO;40;103548;SAO LUIS COLEGIO EIFM;China;1
PRIVADA;CENTRO OESTE;MOEMA;SAO PAULO;40;103548;SAO LUIS COLEGIO EIFM;Djibouti;1
PRIVADA;CENTRO OESTE;MOEMA;SAO PAULO;40;103548;SAO LUIS COLEGIO EIFM;Estados Unidos da América;1
PRIVADA;CENTRO OESTE;MOEMA;SAO PAULO;40;103548;SAO LUIS COLEGIO EIFM;Peru;3
PRIVADA;CENTRO OESTE;MOEMA;SAO PAULO;40;103548;SAO LUIS COLEGIO EIFM;Venezuela;1
PRIVADA;CENTRO OESTE;MOEMA;SAO PAULO;40;106148;NOSSA SENHORA APARECIDA COLEGIO FRANCISCANO;Alemanha;1
PRIVADA;CENTRO OESTE;MOEMA;SAO PAULO;40;106148;NOSSA SENHORA APARECIDA COLEGIO FRANCISCANO;Argentina;9
PRIVADA;CENTRO OESTE;MOEMA;SAO PAULO;40;106148;NOSSA SENHORA APARECIDA COLEGIO FRANCISCANO;Austrália;1
PRIVADA;CENTRO OESTE;MOEMA;SAO PAULO;40;106148;NOSSA SENHORA APARECIDA COLEGIO FRANCISCANO;Bolívia;2
PRIVADA;CENTRO OESTE;MOEMA;SAO PAULO;40;106148;NOSSA SENHORA APARECIDA COLEGIO FRANCISCANO;China;1
PRIVADA;CENTRO OESTE;MOEMA;SAO PAULO;40;106148;NOSSA SENHORA APARECIDA COLEGIO FRANCISCANO;Colômbia;2
PRIVADA;CENTRO OESTE;MOEMA;SAO PAULO;40;106148;NOSSA SENHORA APARECIDA COLEGIO FRANCISCANO;Dinamarca;1
PRIVADA;CENTRO OESTE;MOEMA;SAO PAULO;40;106148;NOSSA SENHORA APARECIDA COLEGIO FRANCISCANO;Espanha;7
PRIVADA;CENTRO OESTE;MOEMA;SAO PAULO;40;106148;NOSSA SENHORA APARECIDA COLEGIO FRANCISCANO;Estados Unidos da América;2
PRIVADA;CENTRO OESTE;MOEMA;SAO PAULO;40;106148;NOSSA SENHORA APARECIDA COLEGIO FRANCISCANO;Japão;2
PRIVADA;CENTRO OESTE;MOEMA;SAO PAULO;40;106148;NOSSA SENHORA APARECIDA COLEGIO FRANCISCANO;México;1
PRIVADA;CENTRO OESTE;MOEMA;SAO PAULO;40;106148;NOSSA SENHORA APARECIDA COLEGIO FRANCISCANO;Peru;4
PRIVADA;CENTRO OESTE;MOEMA;SAO PAULO;40;106148;NOSSA SENHORA APARECIDA COLEGIO FRANCISCANO;Portugal;7
PRIVADA;CENTRO OESTE;MOEMA;SAO PAULO;40;106148;NOSSA SENHORA APARECIDA COLEGIO FRANCISCANO;Roménia;1
PRIVADA;CENTRO OESTE;MOEMA;SAO PAULO;40;106148;NOSSA SENHORA APARECIDA COLEGIO FRANCISCANO;Venezuela;2
PRIVADA;CENTRO OESTE;MORUMBI;SAO PAULO;0;5594;AVENUES SAO PAULO;Alemanha;2
PRIVADA;CENTRO OESTE;MORUMBI;SAO PAULO;0;5594;AVENUES SAO PAULO;Argentina;7
PRIVADA;CENTRO OESTE;MORUMBI;SAO PAULO;0;5594;AVENUES SAO PAULO;Bolívia;1
PRIVADA;CENTRO OESTE;MORUMBI;SAO PAULO;0;5594;AVENUES SAO PAULO;Colômbia;1
PRIVADA;CENTRO OESTE;MORUMBI;SAO PAULO;0;5594;AVENUES SAO PAULO;Coreia do Sul;32
PRIVADA;CENTRO OESTE;MORUMBI;SAO PAULO;0;5594;AVENUES SAO PAULO;Costa Rica;2
PRIVADA;CENTRO OESTE;MORUMBI;SAO PAULO;0;5594;AVENUES SAO PAULO;Espanha;2
PRIVADA;CENTRO OESTE;MORUMBI;SAO PAULO;0;5594;AVENUES SAO PAULO;Estados Unidos da América;26
PRIVADA;CENTRO OESTE;MORUMBI;SAO PAULO;0;5594;AVENUES SAO PAULO;Hong Kong;1
PRIVADA;CENTRO OESTE;MORUMBI;SAO PAULO;0;5594;AVENUES SAO PAULO;Iraque;2
PRIVADA;CENTRO OESTE;MORUMBI;SAO PAULO;0;5594;AVENUES SAO PAULO;Itália;7
PRIVADA;CENTRO OESTE;MORUMBI;SAO PAULO;0;5594;AVENUES SAO PAULO;Japão;1
PRIVADA;CENTRO OESTE;MORUMBI;SAO PAULO;0;5594;AVENUES SAO PAULO;México;9
PRIVADA;CENTRO OESTE;MORUMBI;SAO PAULO;0;5594;AVENUES SAO PAULO;Países Baixos (Holanda);5
PRIVADA;CENTRO OESTE;MORUMBI;SAO PAULO;0;5594;AVENUES SAO PAULO;Reino Unido da Grã-Bretanha e Irlanda do Norte;3
PRIVADA;CENTRO OESTE;MORUMBI;SAO PAULO;0;5594;AVENUES SAO PAULO;Síria;4
PRIVADA;CENTRO OESTE;MORUMBI;SAO PAULO;0;5594;AVENUES SAO PAULO;Suíça;1
PRIVADA;CENTRO OESTE;MORUMBI;SAO PAULO;0;5594;AVENUES SAO PAULO;Tunísia;2
PRIVADA;CENTRO OESTE;MORUMBI;SAO PAULO;0;5594;AVENUES SAO PAULO;Venezuela;7
PRIVADA;CENTRO OESTE;MORUMBI;SAO PAULO;0;120285;MIGUEL DE CERVANTES COLEGIO;Argentina;18
PRIVADA;CENTRO OESTE;MORUMBI;SAO PAULO;0;120285;MIGUEL DE CERVANTES COLEGIO;Chile;7
PRIVADA;CENTRO OESTE;MORUMBI;SAO PAULO;0;120285;MIGUEL DE CERVANTES COLEGIO;China;1
PRIVADA;CENTRO OESTE;MORUMBI;SAO PAULO;0;120285;MIGUEL DE CERVANTES COLEGIO;Colômbia;4
PRIVADA;CENTRO OESTE;MORUMBI;SAO PAULO;0;120285;MIGUEL DE CERVANTES COLEGIO;Espanha;15
PRIVADA;CENTRO OESTE;MORUMBI;SAO PAULO;0;120285;MIGUEL DE CERVANTES COLEGIO;Estados Unidos da América;1
PRIVADA;CENTRO OESTE;MORUMBI;SAO PAULO;0;120285;MIGUEL DE CERVANTES COLEGIO;Itália;1
PRIVADA;CENTRO OESTE;MORUMBI;SAO PAULO;0;120285;MIGUEL DE CERVANTES COLEGIO;Japão;1
PRIVADA;CENTRO OESTE;MORUMBI;SAO PAULO;0;120285;MIGUEL DE CERVANTES COLEGIO;México;4
PRIVADA;CENTRO OESTE;MORUMBI;SAO PAULO;0;120285;MIGUEL DE CERVANTES COLEGIO;Peru;1
PRIVADA;CENTRO OESTE;MORUMBI;SAO PAULO;0;120285;MIGUEL DE CERVANTES COLEGIO;Portugal;1
PRIVADA;CENTRO OESTE;MORUMBI;SAO PAULO;0;120285;MIGUEL DE CERVANTES COLEGIO;Reino Unido da Grã-Bretanha e Irlanda do Norte;1
PRIVADA;CENTRO OESTE;MORUMBI;SAO PAULO;0;120285;MIGUEL DE CERVANTES COLEGIO;Venezuela;6
PRIVADA;CENTRO OESTE;MORUMBI;SAO PAULO;0;141203;CIDADE JARDIM ESCOLA;Argentina;2
PRIVADA;CENTRO OESTE;MORUMBI;SAO PAULO;0;141203;CIDADE JARDIM ESCOLA;Portugal;2
PRIVADA;CENTRO OESTE;MORUMBI;SAO PAULO;0;153606;MODULAR COLEGIO;Alemanha;1
PRIVADA;CENTRO OESTE;MORUMBI;SAO PAULO;0;170732;PANAMBY ESCOLA;Argentina;2
PRIVADA;CENTRO OESTE;MORUMBI;SAO PAULO;0;170732;PANAMBY ESCOLA;Estados Unidos da América;1
PRIVADA;CENTRO OESTE;MORUMBI;SAO PAULO;0;170732;PANAMBY ESCOLA;Itália;1
PRIVADA;CENTRO OESTE;MORUMBI;SAO PAULO;0;170732;PANAMBY ESCOLA;México;1
PRIVADA;CENTRO OESTE;MORUMBI;SAO PAULO;0;170732;PANAMBY ESCOLA;Venezuela;2
PRIVADA;CENTRO OESTE;MORUMBI;SAO PAULO;0;464211;THE BRITISH COLLEGE OF BRAZIL;Argentina;7
PRIVADA;CENTRO OESTE;MORUMBI;SAO PAULO;0;464211;THE BRITISH COLLEGE OF BRAZIL;Bielo-Rússia;1
PRIVADA;CENTRO OESTE;MORUMBI;SAO PAULO;0;464211;THE BRITISH COLLEGE OF BRAZIL;Cazaquistão;1
PRIVADA;CENTRO OESTE;MORUMBI;SAO PAULO;0;464211;THE BRITISH COLLEGE OF BRAZIL;China;4
PRIVADA;CENTRO OESTE;MORUMBI;SAO PAULO;0;464211;THE BRITISH COLLEGE OF BRAZIL;Coreia do Sul;15
PRIVADA;CENTRO OESTE;MORUMBI;SAO PAULO;0;464211;THE BRITISH COLLEGE OF BRAZIL;Espanha;13
PRIVADA;CENTRO OESTE;MORUMBI;SAO PAULO;0;464211;THE BRITISH COLLEGE OF BRAZIL;Estados Unidos da América;4
PRIVADA;CENTRO OESTE;MORUMBI;SAO PAULO;0;464211;THE BRITISH COLLEGE OF BRAZIL;França;2
PRIVADA;CENTRO OESTE;MORUMBI;SAO PAULO;0;464211;THE BRITISH COLLEGE OF BRAZIL;Índia;2
PRIVADA;CENTRO OESTE;MORUMBI;SAO PAULO;0;464211;THE BRITISH COLLEGE OF BRAZIL;Israel;2
PRIVADA;CENTRO OESTE;MORUMBI;SAO PAULO;0;464211;THE BRITISH COLLEGE OF BRAZIL;Itália;5
PRIVADA;CENTRO OESTE;MORUMBI;SAO PAULO;0;464211;THE BRITISH COLLEGE OF BRAZIL;Japão;14
PRIVADA;CENTRO OESTE;MORUMBI;SAO PAULO;0;464211;THE BRITISH COLLEGE OF BRAZIL;Reino Unido da Grã-Bretanha e Irlanda do Norte;7
PRIVADA;CENTRO OESTE;MORUMBI;SAO PAULO;0;464211;THE BRITISH COLLEGE OF BRAZIL;Suécia;3
PRIVADA;CENTRO OESTE;MORUMBI;SAO PAULO;40;105648;COLEGIO VISCONDE DE PORTO SEGURO  CAMPUS MORUMBI;África do Sul;1
PRIVADA;CENTRO OESTE;MORUMBI;SAO PAULO;40;105648;COLEGIO VISCONDE DE PORTO SEGURO  CAMPUS MORUMBI;Alemanha;14
PRIVADA;CENTRO OESTE;MORUMBI;SAO PAULO;40;105648;COLEGIO VISCONDE DE PORTO SEGURO  CAMPUS MORUMBI;Brasil;1
PRIVADA;CENTRO OESTE;MORUMBI;SAO PAULO;40;105648;COLEGIO VISCONDE DE PORTO SEGURO  CAMPUS MORUMBI;Chile;2
PRIVADA;CENTRO OESTE;MORUMBI;SAO PAULO;40;105648;COLEGIO VISCONDE DE PORTO SEGURO  CAMPUS MORUMBI;Colômbia;2
PRIVADA;CENTRO OESTE;MORUMBI;SAO PAULO;40;105648;COLEGIO VISCONDE DE PORTO SEGURO  CAMPUS MORUMBI;Estados Unidos da América;4
PRIVADA;CENTRO OESTE;MORUMBI;SAO PAULO;40;105648;COLEGIO VISCONDE DE PORTO SEGURO  CAMPUS MORUMBI;Honduras;1
PRIVADA;CENTRO OESTE;MORUMBI;SAO PAULO;40;105648;COLEGIO VISCONDE DE PORTO SEGURO  CAMPUS MORUMBI;México;3
PRIVADA;CENTRO OESTE;MORUMBI;SAO PAULO;40;105648;COLEGIO VISCONDE DE PORTO SEGURO  CAMPUS MORUMBI;Portugal;1
PRIVADA;CENTRO OESTE;MORUMBI;SAO PAULO;40;105648;COLEGIO VISCONDE DE PORTO SEGURO  CAMPUS MORUMBI;Venezuela;2
PRIVADA;CENTRO OESTE;MORUMBI;SAO PAULO;40;105910;COLEGIO NOSSA SENHORA DO MORUMBI;Argentina;2
PRIVADA;CENTRO OESTE;MORUMBI;SAO PAULO;40;105910;COLEGIO NOSSA SENHORA DO MORUMBI;Índia;2
PRIVADA;CENTRO OESTE;MORUMBI;SAO PAULO;40;105910;COLEGIO NOSSA SENHORA DO MORUMBI;Itália;1
PRIVADA;CENTRO OESTE;MORUMBI;SAO PAULO;40;105910;COLEGIO NOSSA SENHORA DO MORUMBI;Portugal;1
PRIVADA;CENTRO OESTE;MORUMBI;SAO PAULO;40;330401;ESCOLA DA COMUNIDADE VISCONDE DE PORTO SEGURO  CAMPUS JARDIM MORUMBI;Paraguai;1
PRIVADA;CENTRO OESTE;PINHEIROS;SAO PAULO;0;104607;PALMARES COLEGIO EFM;Argentina;1
PRIVADA;CENTRO OESTE;PINHEIROS;SAO PAULO;0;104607;PALMARES COLEGIO EFM;Estados Unidos da América;1
PRIVADA;CENTRO OESTE;PINHEIROS;SAO PAULO;0;118936;COLEGIO HORIZONTES;Argentina;1
PRIVADA;CENTRO OESTE;PINHEIROS;SAO PAULO;0;118936;COLEGIO HORIZONTES;Equador;1
PRIVADA;CENTRO OESTE;PINHEIROS;SAO PAULO;0;126724;ST NICHOLAS ESCOLA ANGLO BRASILEIRA;África do Sul;14
PRIVADA;CENTRO OESTE;PINHEIROS;SAO PAULO;0;126724;ST NICHOLAS ESCOLA ANGLO BRASILEIRA;Alemanha;3
PRIVADA;CENTRO OESTE;PINHEIROS;SAO PAULO;0;126724;ST NICHOLAS ESCOLA ANGLO BRASILEIRA;Argentina;22
PRIVADA;CENTRO OESTE;PINHEIROS;SAO PAULO;0;126724;ST NICHOLAS ESCOLA ANGLO BRASILEIRA;Checa, República;2
PRIVADA;CENTRO OESTE;PINHEIROS;SAO PAULO;0;126724;ST NICHOLAS ESCOLA ANGLO BRASILEIRA;Chile;2
PRIVADA;CENTRO OESTE;PINHEIROS;SAO PAULO;0;126724;ST NICHOLAS ESCOLA ANGLO BRASILEIRA;China;4
PRIVADA;CENTRO OESTE;PINHEIROS;SAO PAULO;0;126724;ST NICHOLAS ESCOLA ANGLO BRASILEIRA;Colômbia;3
PRIVADA;CENTRO OESTE;PINHEIROS;SAO PAULO;0;126724;ST NICHOLAS ESCOLA ANGLO BRASILEIRA;Coreia do Sul;27
PRIVADA;CENTRO OESTE;PINHEIROS;SAO PAULO;0;126724;ST NICHOLAS ESCOLA ANGLO BRASILEIRA;Espanha;8
PRIVADA;CENTRO OESTE;PINHEIROS;SAO PAULO;0;126724;ST NICHOLAS ESCOLA ANGLO BRASILEIRA;Estados Unidos da América;12
PRIVADA;CENTRO OESTE;PINHEIROS;SAO PAULO;0;126724;ST NICHOLAS ESCOLA ANGLO BRASILEIRA;Índia;21
PRIVADA;CENTRO OESTE;PINHEIROS;SAO PAULO;0;126724;ST NICHOLAS ESCOLA ANGLO BRASILEIRA;Israel;1
PRIVADA;CENTRO OESTE;PINHEIROS;SAO PAULO;0;126724;ST NICHOLAS ESCOLA ANGLO BRASILEIRA;Itália;6
PRIVADA;CENTRO OESTE;PINHEIROS;SAO PAULO;0;126724;ST NICHOLAS ESCOLA ANGLO BRASILEIRA;Japão;41
PRIVADA;CENTRO OESTE;PINHEIROS;SAO PAULO;0;126724;ST NICHOLAS ESCOLA ANGLO BRASILEIRA;México;4
PRIVADA;CENTRO OESTE;PINHEIROS;SAO PAULO;0;126724;ST NICHOLAS ESCOLA ANGLO BRASILEIRA;Países Baixos (Holanda);2
PRIVADA;CENTRO OESTE;PINHEIROS;SAO PAULO;0;126724;ST NICHOLAS ESCOLA ANGLO BRASILEIRA;Panamá;2
PRIVADA;CENTRO OESTE;PINHEIROS;SAO PAULO;0;126724;ST NICHOLAS ESCOLA ANGLO BRASILEIRA;Portugal;19
PRIVADA;CENTRO OESTE;PINHEIROS;SAO PAULO;0;126724;ST NICHOLAS ESCOLA ANGLO BRASILEIRA;Reino Unido da Grã-Bretanha e Irlanda do Norte;4
PRIVADA;CENTRO OESTE;PINHEIROS;SAO PAULO;0;126724;ST NICHOLAS ESCOLA ANGLO BRASILEIRA;Suíça;4
PRIVADA;CENTRO OESTE;PINHEIROS;SAO PAULO;0;127966;ESCOLA  LUMIAR;Estados Unidos da América;3
PRIVADA;CENTRO OESTE;PINHEIROS;SAO PAULO;0;130175;COLEGIO CATAMARA REFERENCIA;Estados Unidos da América;1
PRIVADA;CENTRO OESTE;PINHEIROS;SAO PAULO;0;130175;COLEGIO CATAMARA REFERENCIA;Peru;1
PRIVADA;CENTRO OESTE;PINHEIROS;SAO PAULO;0;130175;COLEGIO CATAMARA REFERENCIA;Suíça;1
PRIVADA;CENTRO OESTE;PINHEIROS;SAO PAULO;0;130175;COLEGIO CATAMARA REFERENCIA;Uruguai;2
PRIVADA;CENTRO OESTE;PINHEIROS;SAO PAULO;0;136189;BRITANICA DE SAO PAULO ESCOLA ST PAULS SCHOOL;África do Sul;1
PRIVADA;CENTRO OESTE;PINHEIROS;SAO PAULO;0;136189;BRITANICA DE SAO PAULO ESCOLA ST PAULS SCHOOL;Åland, Ilhas;2
PRIVADA;CENTRO OESTE;PINHEIROS;SAO PAULO;0;136189;BRITANICA DE SAO PAULO ESCOLA ST PAULS SCHOOL;Alemanha;2
PRIVADA;CENTRO OESTE;PINHEIROS;SAO PAULO;0;136189;BRITANICA DE SAO PAULO ESCOLA ST PAULS SCHOOL;Bélgica;2
PRIVADA;CENTRO OESTE;PINHEIROS;SAO PAULO;0;136189;BRITANICA DE SAO PAULO ESCOLA ST PAULS SCHOOL;Canadá;8
PRIVADA;CENTRO OESTE;PINHEIROS;SAO PAULO;0;136189;BRITANICA DE SAO PAULO ESCOLA ST PAULS SCHOOL;Chile;4
PRIVADA;CENTRO OESTE;PINHEIROS;SAO PAULO;0;136189;BRITANICA DE SAO PAULO ESCOLA ST PAULS SCHOOL;China;1
PRIVADA;CENTRO OESTE;PINHEIROS;SAO PAULO;0;136189;BRITANICA DE SAO PAULO ESCOLA ST PAULS SCHOOL;Colômbia;1
PRIVADA;CENTRO OESTE;PINHEIROS;SAO PAULO;0;136189;BRITANICA DE SAO PAULO ESCOLA ST PAULS SCHOOL;Coreia do Sul;2
PRIVADA;CENTRO OESTE;PINHEIROS;SAO PAULO;0;136189;BRITANICA DE SAO PAULO ESCOLA ST PAULS SCHOOL;Espanha;13
PRIVADA;CENTRO OESTE;PINHEIROS;SAO PAULO;0;136189;BRITANICA DE SAO PAULO ESCOLA ST PAULS SCHOOL;Estados Unidos da América;25
PRIVADA;CENTRO OESTE;PINHEIROS;SAO PAULO;0;136189;BRITANICA DE SAO PAULO ESCOLA ST PAULS SCHOOL;Índia;3
PRIVADA;CENTRO OESTE;PINHEIROS;SAO PAULO;0;136189;BRITANICA DE SAO PAULO ESCOLA ST PAULS SCHOOL;Indonésia;2
PRIVADA;CENTRO OESTE;PINHEIROS;SAO PAULO;0;136189;BRITANICA DE SAO PAULO ESCOLA ST PAULS SCHOOL;Irão;1
PRIVADA;CENTRO OESTE;PINHEIROS;SAO PAULO;0;136189;BRITANICA DE SAO PAULO ESCOLA ST PAULS SCHOOL;Itália;1
PRIVADA;CENTRO OESTE;PINHEIROS;SAO PAULO;0;136189;BRITANICA DE SAO PAULO ESCOLA ST PAULS SCHOOL;México;2
PRIVADA;CENTRO OESTE;PINHEIROS;SAO PAULO;0;136189;BRITANICA DE SAO PAULO ESCOLA ST PAULS SCHOOL;Mónaco;2
PRIVADA;CENTRO OESTE;PINHEIROS;SAO PAULO;0;136189;BRITANICA DE SAO PAULO ESCOLA ST PAULS SCHOOL;Países Baixos (Holanda);2
PRIVADA;CENTRO OESTE;PINHEIROS;SAO PAULO;0;136189;BRITANICA DE SAO PAULO ESCOLA ST PAULS SCHOOL;Panamá;2
PRIVADA;CENTRO OESTE;PINHEIROS;SAO PAULO;0;136189;BRITANICA DE SAO PAULO ESCOLA ST PAULS SCHOOL;Polónia;4
PRIVADA;CENTRO OESTE;PINHEIROS;SAO PAULO;0;136189;BRITANICA DE SAO PAULO ESCOLA ST PAULS SCHOOL;Reino Unido da Grã-Bretanha e Irlanda do Norte;12
PRIVADA;CENTRO OESTE;PINHEIROS;SAO PAULO;0;136189;BRITANICA DE SAO PAULO ESCOLA ST PAULS SCHOOL;Singapura;2
PRIVADA;CENTRO OESTE;PINHEIROS;SAO PAULO;0;136189;BRITANICA DE SAO PAULO ESCOLA ST PAULS SCHOOL;Suíça;4
PRIVADA;CENTRO OESTE;PINHEIROS;SAO PAULO;0;136189;BRITANICA DE SAO PAULO ESCOLA ST PAULS SCHOOL;Turquia;2
PRIVADA;CENTRO OESTE;PINHEIROS;SAO PAULO;0;136189;BRITANICA DE SAO PAULO ESCOLA ST PAULS SCHOOL;Virgens Britânicas, Ilhas;20
PRIVADA;CENTRO OESTE;PINHEIROS;SAO PAULO;0;198894;TEATRO ESCOLA MACUNAIMA;França;1
PRIVADA;CENTRO OESTE;PINHEIROS;SAO PAULO;0;198894;TEATRO ESCOLA MACUNAIMA;Portugal;1
PRIVADA;CENTRO OESTE;PINHEIROS;SAO PAULO;0;295450;APRENDENDO A APRENDER COLEGIO;Estados Unidos da América;1
PRIVADA;CENTRO OESTE;PINHEIROS;SAO PAULO;0;314547;24 DE MARCO UNIDADE III COLEGIO;Haiti;2
PRIVADA;CENTRO OESTE;PINHEIROS;SAO PAULO;0;441740;BRIGHT KIDS EDUCACAO BILINGUE;Países Baixos (Holanda);1
PRIVADA;CENTRO OESTE;PINHEIROS;SAO PAULO;0;445332;ST FRANCIS COLLEGE;Argentina;14
PRIVADA;CENTRO OESTE;PINHEIROS;SAO PAULO;0;445332;ST FRANCIS COLLEGE;Chile;4
PRIVADA;CENTRO OESTE;PINHEIROS;SAO PAULO;0;445332;ST FRANCIS COLLEGE;China;6
PRIVADA;CENTRO OESTE;PINHEIROS;SAO PAULO;0;445332;ST FRANCIS COLLEGE;Colômbia;5
PRIVADA;CENTRO OESTE;PINHEIROS;SAO PAULO;0;445332;ST FRANCIS COLLEGE;Coreia do Sul;2
PRIVADA;CENTRO OESTE;PINHEIROS;SAO PAULO;0;445332;ST FRANCIS COLLEGE;Espanha;21
PRIVADA;CENTRO OESTE;PINHEIROS;SAO PAULO;0;445332;ST FRANCIS COLLEGE;Estados Unidos da América;9
PRIVADA;CENTRO OESTE;PINHEIROS;SAO PAULO;0;445332;ST FRANCIS COLLEGE;França;8
PRIVADA;CENTRO OESTE;PINHEIROS;SAO PAULO;0;445332;ST FRANCIS COLLEGE;Índia;12
PRIVADA;CENTRO OESTE;PINHEIROS;SAO PAULO;0;445332;ST FRANCIS COLLEGE;Itália;2
PRIVADA;CENTRO OESTE;PINHEIROS;SAO PAULO;0;445332;ST FRANCIS COLLEGE;Japão;13
PRIVADA;CENTRO OESTE;PINHEIROS;SAO PAULO;0;445332;ST FRANCIS COLLEGE;México;5
PRIVADA;CENTRO OESTE;PINHEIROS;SAO PAULO;0;445332;ST FRANCIS COLLEGE;Países Baixos (Holanda);4
PRIVADA;CENTRO OESTE;PINHEIROS;SAO PAULO;0;445332;ST FRANCIS COLLEGE;Paquistão;1
PRIVADA;CENTRO OESTE;PINHEIROS;SAO PAULO;0;445332;ST FRANCIS COLLEGE;Peru;4
PRIVADA;CENTRO OESTE;PINHEIROS;SAO PAULO;0;445332;ST FRANCIS COLLEGE;Portugal;21
PRIVADA;CENTRO OESTE;PINHEIROS;SAO PAULO;0;445332;ST FRANCIS COLLEGE;Reino Unido da Grã-Bretanha e Irlanda do Norte;9
PRIVADA;CENTRO OESTE;PINHEIROS;SAO PAULO;0;445332;ST FRANCIS COLLEGE;Suécia;1
PRIVADA;CENTRO OESTE;PINHEIROS;SAO PAULO;0;802736;ALECRIM ESCOLA;Espanha;1
PRIVADA;CENTRO OESTE;PINHEIROS;SAO PAULO;0;802736;ALECRIM ESCOLA;Suíça;1
PRIVADA;CENTRO OESTE;PINHEIROS;SAO PAULO;0;814180;CAVALLIERI COLEGIO;Angola;1
PRIVADA;CENTRO OESTE;PINHEIROS;SAO PAULO;0;814180;CAVALLIERI COLEGIO;Equador;1
PRIVADA;CENTRO OESTE;PINHEIROS;SAO PAULO;0;814180;CAVALLIERI COLEGIO;França;1
PRIVADA;CENTRO OESTE;PINHEIROS;SAO PAULO;40;4991;ESCOLA CONCEPT;Estados Unidos da América;8
PRIVADA;CENTRO OESTE;PINHEIROS;SAO PAULO;40;4991;ESCOLA CONCEPT;Itália;1
PRIVADA;CENTRO OESTE;PINHEIROS;SAO PAULO;40;104097;COLEGIO MADRE ALIX;Estados Unidos da América;1
PRIVADA;CENTRO OESTE;PINHEIROS;SAO PAULO;40;104097;COLEGIO MADRE ALIX;França;1
PRIVADA;CENTRO OESTE;PINHEIROS;SAO PAULO;40;104644;STELLA MARIS COLEGIO SOC INSTRUCAO E BENEFICENCIA;Angola;3
PRIVADA;CENTRO OESTE;PINHEIROS;SAO PAULO;40;104711;ESCOLA ALEF PERETZ;Estados Unidos da América;3
PRIVADA;CENTRO OESTE;PINHEIROS;SAO PAULO;40;104711;ESCOLA ALEF PERETZ;Israel;3
PRIVADA;CENTRO OESTE;PINHEIROS;SAO PAULO;40;104711;ESCOLA ALEF PERETZ;Panamá;1
PRIVADA;CENTRO OESTE;RAPOSO TAVARES;SAO PAULO;0;6139;HIRANO BILINGUAL SCHOOL;Argentina;1
PRIVADA;CENTRO OESTE;RAPOSO TAVARES;SAO PAULO;0;143595;COLEGIO GIUSTO ZONZINI;África do Sul;1
PRIVADA;CENTRO OESTE;RAPOSO TAVARES;SAO PAULO;0;153624;SANTA BARBARA COLEGIO DE ENSINO FUNDAMENTAL;Japão;1
PRIVADA;CENTRO OESTE;RAPOSO TAVARES;SAO PAULO;40;137418;WALDORF MICAEL DE SAO PAULO COLEGIO;Argentina;1
PRIVADA;CENTRO OESTE;RAPOSO TAVARES;SAO PAULO;40;137418;WALDORF MICAEL DE SAO PAULO COLEGIO;Colômbia;1
PRIVADA;CENTRO OESTE;RIO PEQUENO;SAO PAULO;0;124199;ALBERT SABIN COLEGIO;Argentina;3
PRIVADA;CENTRO OESTE;RIO PEQUENO;SAO PAULO;0;124199;ALBERT SABIN COLEGIO;China;1
PRIVADA;CENTRO OESTE;RIO PEQUENO;SAO PAULO;0;124199;ALBERT SABIN COLEGIO;Estados Unidos da América;1
PRIVADA;CENTRO OESTE;RIO PEQUENO;SAO PAULO;0;124199;ALBERT SABIN COLEGIO;Suíça;1
PRIVADA;CENTRO OESTE;RIO PEQUENO;SAO PAULO;0;133152;COSTA ZAVAGLI COLEGIO;Colômbia;1
PRIVADA;CENTRO OESTE;RIO PEQUENO;SAO PAULO;0;143571;NICOLAU KERPEN COLEGIO;Japão;2
PRIVADA;CENTRO OESTE;RIO PEQUENO;SAO PAULO;0;143571;NICOLAU KERPEN COLEGIO;Peru;1
PRIVADA;CENTRO OESTE;RIO PEQUENO;SAO PAULO;0;144307;RICARDO RODRIGUES ALVES COLEGIO;Espanha;1
PRIVADA;CENTRO OESTE;RIO PEQUENO;SAO PAULO;0;144307;RICARDO RODRIGUES ALVES COLEGIO;Japão;1
PRIVADA;CENTRO OESTE;RIO PEQUENO;SAO PAULO;0;158823;FUTURO ESCOLA DO;Chile;2
PRIVADA;CENTRO OESTE;SAUDE;SAO PAULO;0;106159;CARNEIRO RIBEIRO PROF COLEGIO;China;1
PRIVADA;CENTRO OESTE;SAUDE;SAO PAULO;0;106159;CARNEIRO RIBEIRO PROF COLEGIO;Japão;1
PRIVADA;CENTRO OESTE;SAUDE;SAO PAULO;0;106159;CARNEIRO RIBEIRO PROF COLEGIO;Peru;1
PRIVADA;CENTRO OESTE;SAUDE;SAO PAULO;0;107165;PIONEIRO CENTRO EDUCACIONAL;China;1
PRIVADA;CENTRO OESTE;SAUDE;SAO PAULO;0;107165;PIONEIRO CENTRO EDUCACIONAL;Portugal;1
PRIVADA;CENTRO OESTE;SAUDE;SAO PAULO;0;107347;CONTE COLEGIO;Estados Unidos da América;1
PRIVADA;CENTRO OESTE;SAUDE;SAO PAULO;0;125398;REDE DECISAO  UNIDADE SAUDE;Coreia do Sul;6
PRIVADA;CENTRO OESTE;SAUDE;SAO PAULO;0;125398;REDE DECISAO  UNIDADE SAUDE;Japão;1
PRIVADA;CENTRO OESTE;SAUDE;SAO PAULO;0;130254;CENTRO INTERESCOLAR OBJETIVO  UNIDADE LUIS GOES;Espanha;1
PRIVADA;CENTRO OESTE;SAUDE;SAO PAULO;0;130254;CENTRO INTERESCOLAR OBJETIVO  UNIDADE LUIS GOES;Portugal;1
PRIVADA;CENTRO OESTE;SAUDE;SAO PAULO;0;132561;MONDRIAN COLEGIO;Cuba;1
PRIVADA;CENTRO OESTE;SAUDE;SAO PAULO;0;141860;COLEGIO UNIDADE VILA MARIANA;Espanha;1
PRIVADA;CENTRO OESTE;SAUDE;SAO PAULO;0;153692;ARCADIA COLEGIO;Estados Unidos da América;1
PRIVADA;CENTRO OESTE;SAUDE;SAO PAULO;0;165591;METODO CENTRO DE ENSINO;Bolívia;3
PRIVADA;CENTRO OESTE;SAUDE;SAO PAULO;0;165591;METODO CENTRO DE ENSINO;Venezuela;2
PRIVADA;CENTRO OESTE;SAUDE;SAO PAULO;0;184731;COLEGIO MIRASSOL UNIDADE I;Japão;1
PRIVADA;CENTRO OESTE;SAUDE;SAO PAULO;0;286394;VILA MONTEIRO LOBATO ESCOLA;Uruguai;1
PRIVADA;CENTRO OESTE;SAUDE;SAO PAULO;0;295462;INSTITUTO PROJETO EDUCACAO PARA O FUTURO;Angola;3
PRIVADA;CENTRO OESTE;SAUDE;SAO PAULO;0;314511;SAUDE ESCOLA;Japão;2
PRIVADA;CENTRO OESTE;SAUDE;SAO PAULO;0;314511;SAUDE ESCOLA;Síria;2
PRIVADA;CENTRO OESTE;SAUDE;SAO PAULO;0;433135;HENRY WALLON ESCOLA;Bolívia;3
PRIVADA;CENTRO OESTE;SAUDE;SAO PAULO;40;107402;SANTA AMALIA COLEGIO;Bolívia;1
PRIVADA;CENTRO OESTE;SAUDE;SAO PAULO;40;107402;SANTA AMALIA COLEGIO;Estados Unidos da América;1
PRIVADA;CENTRO OESTE;VILA LEOPOLDINA;SAO PAULO;0;102490;PAULA MONTALT MADRE COLEGIO;Estados Unidos da América;1
PRIVADA;CENTRO OESTE;VILA LEOPOLDINA;SAO PAULO;0;102490;PAULA MONTALT MADRE COLEGIO;França;1
PRIVADA;CENTRO OESTE;VILA LEOPOLDINA;SAO PAULO;0;102490;PAULA MONTALT MADRE COLEGIO;Suíça;1
PRIVADA;CENTRO OESTE;VILA LEOPOLDINA;SAO PAULO;14;102428;SESI 414 CENTRO EDUCACIONAL;Itália;1
PRIVADA;CENTRO OESTE;VILA LEOPOLDINA;SAO PAULO;14;102428;SESI 414 CENTRO EDUCACIONAL;Reino Unido da Grã-Bretanha e Irlanda do Norte;1
PRIVADA;CENTRO OESTE;VILA SONIA;SAO PAULO;0;131738;JOAO PAULO I COLEGIO;Estados Unidos da América;1
PRIVADA;CENTRO OESTE;VILA SONIA;SAO PAULO;0;137397;GUILHERME DUMONT VILLARES COLEGIO;Argentina;1
PRIVADA;CENTRO OESTE;VILA SONIA;SAO PAULO;0;137397;GUILHERME DUMONT VILLARES COLEGIO;Colômbia;2
PRIVADA;CENTRO OESTE;VILA SONIA;SAO PAULO;0;137397;GUILHERME DUMONT VILLARES COLEGIO;Estados Unidos da América;1
PRIVADA;CENTRO OESTE;VILA SONIA;SAO PAULO;0;137397;GUILHERME DUMONT VILLARES COLEGIO;México;2
PRIVADA;CENTRO OESTE;VILA SONIA;SAO PAULO;0;137397;GUILHERME DUMONT VILLARES COLEGIO;Venezuela;1
PRIVADA;CENTRO OESTE;VILA SONIA;SAO PAULO;0;142736;ESCOLA DA VILA UNIDADE MORUMBI;Argentina;1
PRIVADA;CENTRO OESTE;VILA SONIA;SAO PAULO;0;153989;ANGLO MORUMBI COLEGIO;Argentina;2
PRIVADA;CENTRO OESTE;VILA SONIA;SAO PAULO;0;807618;COLEGIO PORTAL DO FUTURO;Japão;1
PRIVADA;CENTRO OESTE;VILA SONIA;SAO PAULO;40;105521;JOAO XXIII FRANCISCANO COLEGIO;Guiné-Conacri;1
PRIVADA;CENTRO OESTE;VILA SONIA;SAO PAULO;40;105600;SANTO AMERICO COLEGIO;Argentina;1
PRIVADA;CENTRO OESTE;VILA SONIA;SAO PAULO;40;105600;SANTO AMERICO COLEGIO;Espanha;2
PRIVADA;CENTRO OESTE;VILA SONIA;SAO PAULO;40;105600;SANTO AMERICO COLEGIO;Hungria;1
PRIVADA;CENTRO OESTE;VILA SONIA;SAO PAULO;40;105600;SANTO AMERICO COLEGIO;Reino Unido da Grã-Bretanha e Irlanda do Norte;1
PRIVADA;CENTRO SUL;BELA VISTA;SAO PAULO;0;103433;OBJETIVO CENTRO INTERESCOLAR UNIDADE PAULISTA;Argentina;1
PRIVADA;CENTRO SUL;BELA VISTA;SAO PAULO;0;103433;OBJETIVO CENTRO INTERESCOLAR UNIDADE PAULISTA;Cambodja;1
PRIVADA;CENTRO SUL;BELA VISTA;SAO PAULO;0;103433;OBJETIVO CENTRO INTERESCOLAR UNIDADE PAULISTA;China;7
PRIVADA;CENTRO SUL;BELA VISTA;SAO PAULO;0;103433;OBJETIVO CENTRO INTERESCOLAR UNIDADE PAULISTA;Coreia do Sul;3
PRIVADA;CENTRO SUL;BELA VISTA;SAO PAULO;0;103433;OBJETIVO CENTRO INTERESCOLAR UNIDADE PAULISTA;Espanha;1
PRIVADA;CENTRO SUL;BELA VISTA;SAO PAULO;0;103433;OBJETIVO CENTRO INTERESCOLAR UNIDADE PAULISTA;Estados Unidos da América;1
PRIVADA;CENTRO SUL;BELA VISTA;SAO PAULO;0;103433;OBJETIVO CENTRO INTERESCOLAR UNIDADE PAULISTA;Hong Kong;1
PRIVADA;CENTRO SUL;BELA VISTA;SAO PAULO;0;103433;OBJETIVO CENTRO INTERESCOLAR UNIDADE PAULISTA;Irão;1
PRIVADA;CENTRO SUL;BELA VISTA;SAO PAULO;0;103433;OBJETIVO CENTRO INTERESCOLAR UNIDADE PAULISTA;Japão;3
PRIVADA;CENTRO SUL;BELA VISTA;SAO PAULO;0;103433;OBJETIVO CENTRO INTERESCOLAR UNIDADE PAULISTA;Portugal;3
PRIVADA;CENTRO SUL;BELA VISTA;SAO PAULO;0;103500;BELA VISTA COLEGIO;Angola;1
PRIVADA;CENTRO SUL;BELA VISTA;SAO PAULO;0;124989;STANCE DUAL ESCOLA;Bélgica;1
PRIVADA;CENTRO SUL;BELA VISTA;SAO PAULO;0;124989;STANCE DUAL ESCOLA;China;1
PRIVADA;CENTRO SUL;BELA VISTA;SAO PAULO;0;124989;STANCE DUAL ESCOLA;Estados Unidos da América;4
PRIVADA;CENTRO SUL;BELA VISTA;SAO PAULO;0;142025;VITAL BRASIL COLEGIO;Paraguai;1
PRIVADA;CENTRO SUL;BELA VISTA;SAO PAULO;0;260423;INTESP INSTITUTO EDUCACIONAL SAO PAULO;Argentina;1
PRIVADA;CENTRO SUL;BELA VISTA;SAO PAULO;0;260423;INTESP INSTITUTO EDUCACIONAL SAO PAULO;Bolívia;2
PRIVADA;CENTRO SUL;BELA VISTA;SAO PAULO;0;260423;INTESP INSTITUTO EDUCACIONAL SAO PAULO;Haiti;1
PRIVADA;CENTRO SUL;BELA VISTA;SAO PAULO;0;260423;INTESP INSTITUTO EDUCACIONAL SAO PAULO;Venezuela;1
PRIVADA;CENTRO SUL;BELA VISTA;SAO PAULO;0;399197;OBJETIVO COLEGIO INTEGRADO;Coreia do Sul;1
PRIVADA;CENTRO SUL;BELA VISTA;SAO PAULO;0;399197;OBJETIVO COLEGIO INTEGRADO;Itália;1
PRIVADA;CENTRO SUL;BELA VISTA;SAO PAULO;40;103494;JOAO E RAPHAELA PASSALACQUA COLEGIO;Colômbia;1
PRIVADA;CENTRO SUL;CAMBUCI;SAO PAULO;0;104012;BEIT YAKOV INSTITUTO EDUCACIONAL;Israel;12
PRIVADA;CENTRO SUL;CAMBUCI;SAO PAULO;0;104012;BEIT YAKOV INSTITUTO EDUCACIONAL;Reino Unido da Grã-Bretanha e Irlanda do Norte;2
PRIVADA;CENTRO SUL;CAMBUCI;SAO PAULO;0;106616;NOSSA SENHORA DA GLORIA COLEGIO MARISTA;Alemanha;1
PRIVADA;CENTRO SUL;CAMBUCI;SAO PAULO;0;106616;NOSSA SENHORA DA GLORIA COLEGIO MARISTA;China;3
PRIVADA;CENTRO SUL;CAMBUCI;SAO PAULO;0;106616;NOSSA SENHORA DA GLORIA COLEGIO MARISTA;França;1
PRIVADA;CENTRO SUL;CAMBUCI;SAO PAULO;0;106636;COLEGIO DR WALTER  BELIAN;Bolívia;1
PRIVADA;CENTRO SUL;CAMBUCI;SAO PAULO;0;106636;COLEGIO DR WALTER  BELIAN;Espanha;1
PRIVADA;CENTRO SUL;CAMBUCI;SAO PAULO;0;125908;PAULO DE TARSO COLEGIO;China;2
PRIVADA;CENTRO SUL;CAMBUCI;SAO PAULO;0;125908;PAULO DE TARSO COLEGIO;Portugal;1
PRIVADA;CENTRO SUL;CAMBUCI;SAO PAULO;0;137042;FIAP SCHOOL;Argentina;1
PRIVADA;CENTRO SUL;CAMBUCI;SAO PAULO;0;137042;FIAP SCHOOL;Austrália;1
PRIVADA;CENTRO SUL;CAMBUCI;SAO PAULO;0;137042;FIAP SCHOOL;Bolívia;1
PRIVADA;CENTRO SUL;CAMBUCI;SAO PAULO;0;137042;FIAP SCHOOL;China;8
PRIVADA;CENTRO SUL;CAMBUCI;SAO PAULO;0;137042;FIAP SCHOOL;Itália;1
PRIVADA;CENTRO SUL;CAMBUCI;SAO PAULO;0;169067;DIASPORA COLEGIO;Portugal;1
PRIVADA;CENTRO SUL;CAMBUCI;SAO PAULO;0;444479;ESTELA MARIS RECANTAO ENCANTADO COLEGIO;Congo, República Democrática do (antigo Zaire);1
PRIVADA;CENTRO SUL;CAMBUCI;SAO PAULO;0;445630;FIAP TECH SCHOOL;Espanha;1
PRIVADA;CENTRO SUL;CAMBUCI;SAO PAULO;0;445630;FIAP TECH SCHOOL;Estados Unidos da América;1
PRIVADA;CENTRO SUL;CAMBUCI;SAO PAULO;13;148155;ZERRENNER FUNDACAO ESCOLA SENAI;Bolívia;1
PRIVADA;CENTRO SUL;CAMBUCI;SAO PAULO;13;148155;ZERRENNER FUNDACAO ESCOLA SENAI;Haiti;1
PRIVADA;CENTRO SUL;CAMBUCI;SAO PAULO;40;148271;AMA ASSOCIACAO DE AMIGOS DO AUTISTA;Irão;1
PRIVADA;CENTRO SUL;CAMBUCI;SAO PAULO;40;148271;AMA ASSOCIACAO DE AMIGOS DO AUTISTA;Japão;1
PRIVADA;CENTRO SUL;CURSINO;SAO PAULO;0;7317;ESCOLA MAIS UNIDADE VILA DAS  MERCES;Japão;2
PRIVADA;CENTRO SUL;CURSINO;SAO PAULO;0;107396;SANTA TEREZINHA COLEGIO;Japão;1
PRIVADA;CENTRO SUL;CURSINO;SAO PAULO;0;132196;SUPER NOVA GERACAO COLEGIO;Alemanha;1
PRIVADA;CENTRO SUL;CURSINO;SAO PAULO;0;143397;PIRAMIS COLEGIO;Bolívia;1
PRIVADA;CENTRO SUL;CURSINO;SAO PAULO;0;152336;ESTRUTURA COLEGIO;Estónia;2
PRIVADA;CENTRO SUL;CURSINO;SAO PAULO;0;152336;ESTRUTURA COLEGIO;Japão;1
PRIVADA;CENTRO SUL;CURSINO;SAO PAULO;0;429569;PUERI VITAE COLEGIO;Argentina;1
PRIVADA;CENTRO SUL;IPIRANGA;SAO PAULO;0;5711;COLEGIO PETER PAN;Estados Unidos da América;1
PRIVADA;CENTRO SUL;IPIRANGA;SAO PAULO;0;106732;DOM PEDRO COLEGIO;China;1
PRIVADA;CENTRO SUL;IPIRANGA;SAO PAULO;0;106823;TRES DE MAIO COLEGIO UNIDADE I;Japão;1
PRIVADA;CENTRO SUL;IPIRANGA;SAO PAULO;0;125891;SAO MAURO COLEGIO;Itália;1
PRIVADA;CENTRO SUL;IPIRANGA;SAO PAULO;0;130382;COLEGIO SAO CAMILO;Angola;2
PRIVADA;CENTRO SUL;IPIRANGA;SAO PAULO;0;130382;COLEGIO SAO CAMILO;Bolívia;2
PRIVADA;CENTRO SUL;IPIRANGA;SAO PAULO;0;130382;COLEGIO SAO CAMILO;Japão;2
PRIVADA;CENTRO SUL;IPIRANGA;SAO PAULO;0;155019;RUMO INICIAL COLEGIO;Haiti;1
PRIVADA;CENTRO SUL;IPIRANGA;SAO PAULO;0;191577;ESCOLA FUTURA;Bolívia;1
PRIVADA;CENTRO SUL;IPIRANGA;SAO PAULO;0;250260;FENIX COLEGIO;Haiti;1
PRIVADA;CENTRO SUL;IPIRANGA;SAO PAULO;0;400973;TEMPLO DA ARTE CENTRO TECNICO;Argentina;1
PRIVADA;CENTRO SUL;IPIRANGA;SAO PAULO;0;456731;OBJETIVO CENTRO INTERESCOLAR UNIDADE IPIRANGA;China;12
PRIVADA;CENTRO SUL;IPIRANGA;SAO PAULO;0;456731;OBJETIVO CENTRO INTERESCOLAR UNIDADE IPIRANGA;Hong Kong;1
PRIVADA;CENTRO SUL;IPIRANGA;SAO PAULO;0;456731;OBJETIVO CENTRO INTERESCOLAR UNIDADE IPIRANGA;Síria;1
PRIVADA;CENTRO SUL;IPIRANGA;SAO PAULO;0;578551;ATHENA ESCOLA DE EDUCACAO INFANTIL E BERCARIO;Estados Unidos da América;1
PRIVADA;CENTRO SUL;IPIRANGA;SAO PAULO;13;147813;OSCAR RODRIGUES ALVES ESCOLA SENAI;México;1
PRIVADA;CENTRO SUL;IPIRANGA;SAO PAULO;13;147813;OSCAR RODRIGUES ALVES ESCOLA SENAI;Peru;1
PRIVADA;CENTRO SUL;IPIRANGA;SAO PAULO;13;147862;JOSE VICENTE DE AZEVEDO CONDE ESCOLA SENAI;Argentina;1
PRIVADA;CENTRO SUL;IPIRANGA;SAO PAULO;14;106677;SESI 111 CENTRO EDUCACIONAL;Japão;1
PRIVADA;CENTRO SUL;IPIRANGA;SAO PAULO;40;106628;NOTRE DAME RAINHA DOS APOSTOLOS COLEGIO;China;1
PRIVADA;CENTRO SUL;IPIRANGA;SAO PAULO;40;106628;NOTRE DAME RAINHA DOS APOSTOLOS COLEGIO;França;1
PRIVADA;CENTRO SUL;IPIRANGA;SAO PAULO;40;106628;NOTRE DAME RAINHA DOS APOSTOLOS COLEGIO;Itália;1
PRIVADA;CENTRO SUL;IPIRANGA;SAO PAULO;40;106756;SAO FRANCISCO XAVIER COLEGIO;China;1
PRIVADA;CENTRO SUL;IPIRANGA;SAO PAULO;40;106756;SAO FRANCISCO XAVIER COLEGIO;Peru;2
PRIVADA;CENTRO SUL;IPIRANGA;SAO PAULO;40;106756;SAO FRANCISCO XAVIER COLEGIO;Rússia;2
PRIVADA;CENTRO SUL;IPIRANGA;SAO PAULO;40;106756;SAO FRANCISCO XAVIER COLEGIO;Suíça;1
PRIVADA;CENTRO SUL;IPIRANGA;SAO PAULO;40;106756;SAO FRANCISCO XAVIER COLEGIO;Venezuela;3
PRIVADA;CENTRO SUL;IPIRANGA;SAO PAULO;40;106781;MARIA IMACULADA COLEGIO DR PIERO ROVERSI;China;4
PRIVADA;CENTRO SUL;IPIRANGA;SAO PAULO;40;106781;MARIA IMACULADA COLEGIO DR PIERO ROVERSI;Japão;1
PRIVADA;CENTRO SUL;IPIRANGA;SAO PAULO;40;106781;MARIA IMACULADA COLEGIO DR PIERO ROVERSI;Portugal;3
PRIVADA;CENTRO SUL;IPIRANGA;SAO PAULO;40;106811;SAO JOSE DOS PADRES DE SION COLEGIO;China;4
PRIVADA;CENTRO SUL;IPIRANGA;SAO PAULO;40;106811;SAO JOSE DOS PADRES DE SION COLEGIO;Equador;2
PRIVADA;CENTRO SUL;IPIRANGA;SAO PAULO;40;106811;SAO JOSE DOS PADRES DE SION COLEGIO;Espanha;1
PRIVADA;CENTRO SUL;LIBERDADE;SAO PAULO;0;106884;FECAP COLEGIO;Bolívia;1
PRIVADA;CENTRO SUL;LIBERDADE;SAO PAULO;0;106926;ADVENTISTA DA LIBERDADE COLEGIO;Angola;2
PRIVADA;CENTRO SUL;LIBERDADE;SAO PAULO;0;106926;ADVENTISTA DA LIBERDADE COLEGIO;Argentina;1
PRIVADA;CENTRO SUL;LIBERDADE;SAO PAULO;0;106926;ADVENTISTA DA LIBERDADE COLEGIO;Bolívia;2
PRIVADA;CENTRO SUL;LIBERDADE;SAO PAULO;0;106926;ADVENTISTA DA LIBERDADE COLEGIO;China;20
PRIVADA;CENTRO SUL;LIBERDADE;SAO PAULO;0;106926;ADVENTISTA DA LIBERDADE COLEGIO;Colômbia;2
PRIVADA;CENTRO SUL;LIBERDADE;SAO PAULO;0;106926;ADVENTISTA DA LIBERDADE COLEGIO;Coreia do Sul;1
PRIVADA;CENTRO SUL;LIBERDADE;SAO PAULO;0;106926;ADVENTISTA DA LIBERDADE COLEGIO;Coreia, República Democrática da (Coreia do Norte);1
PRIVADA;CENTRO SUL;LIBERDADE;SAO PAULO;0;106926;ADVENTISTA DA LIBERDADE COLEGIO;Emiratos Árabes Unidos;1
PRIVADA;CENTRO SUL;LIBERDADE;SAO PAULO;0;106926;ADVENTISTA DA LIBERDADE COLEGIO;Haiti;1
PRIVADA;CENTRO SUL;LIBERDADE;SAO PAULO;0;106926;ADVENTISTA DA LIBERDADE COLEGIO;Irão;1
PRIVADA;CENTRO SUL;LIBERDADE;SAO PAULO;0;106926;ADVENTISTA DA LIBERDADE COLEGIO;Itália;3
PRIVADA;CENTRO SUL;LIBERDADE;SAO PAULO;0;106926;ADVENTISTA DA LIBERDADE COLEGIO;Japão;1
PRIVADA;CENTRO SUL;LIBERDADE;SAO PAULO;0;106926;ADVENTISTA DA LIBERDADE COLEGIO;México;1
PRIVADA;CENTRO SUL;LIBERDADE;SAO PAULO;0;106926;ADVENTISTA DA LIBERDADE COLEGIO;Peru;6
PRIVADA;CENTRO SUL;LIBERDADE;SAO PAULO;0;106926;ADVENTISTA DA LIBERDADE COLEGIO;Síria;13
PRIVADA;CENTRO SUL;LIBERDADE;SAO PAULO;0;120339;OBJETIVO CENTRO INTERESCOLAR UNIDADE VERGUEIRO;China;14
PRIVADA;CENTRO SUL;LIBERDADE;SAO PAULO;0;120339;OBJETIVO CENTRO INTERESCOLAR UNIDADE VERGUEIRO;Hong Kong;2
PRIVADA;CENTRO SUL;LIBERDADE;SAO PAULO;0;120339;OBJETIVO CENTRO INTERESCOLAR UNIDADE VERGUEIRO;Japão;2
PRIVADA;CENTRO SUL;LIBERDADE;SAO PAULO;0;120339;OBJETIVO CENTRO INTERESCOLAR UNIDADE VERGUEIRO;Peru;2
PRIVADA;CENTRO SUL;LIBERDADE;SAO PAULO;0;126421;NOVA GERACAO COLEGIO;China;5
PRIVADA;CENTRO SUL;LIBERDADE;SAO PAULO;0;126421;NOVA GERACAO COLEGIO;Coreia do Sul;1
PRIVADA;CENTRO SUL;LIBERDADE;SAO PAULO;0;126421;NOVA GERACAO COLEGIO;Espanha;3
PRIVADA;CENTRO SUL;LIBERDADE;SAO PAULO;0;126421;NOVA GERACAO COLEGIO;Portugal;1
PRIVADA;CENTRO SUL;LIBERDADE;SAO PAULO;0;142669;VERGUEIRO COLEGIO UNIDADE;Albânia;1
PRIVADA;CENTRO SUL;LIBERDADE;SAO PAULO;0;142669;VERGUEIRO COLEGIO UNIDADE;China;30
PRIVADA;CENTRO SUL;LIBERDADE;SAO PAULO;0;142669;VERGUEIRO COLEGIO UNIDADE;Coreia do Sul;1
PRIVADA;CENTRO SUL;LIBERDADE;SAO PAULO;0;142669;VERGUEIRO COLEGIO UNIDADE;Espanha;1
PRIVADA;CENTRO SUL;LIBERDADE;SAO PAULO;0;142669;VERGUEIRO COLEGIO UNIDADE;Itália;1
PRIVADA;CENTRO SUL;LIBERDADE;SAO PAULO;0;142669;VERGUEIRO COLEGIO UNIDADE;Japão;2
PRIVADA;CENTRO SUL;LIBERDADE;SAO PAULO;0;142669;VERGUEIRO COLEGIO UNIDADE;Líbano;1
PRIVADA;CENTRO SUL;LIBERDADE;SAO PAULO;0;170173;ESCOLA  NOVA;China;1
PRIVADA;CENTRO SUL;LIBERDADE;SAO PAULO;0;170173;ESCOLA  NOVA;Japão;2
PRIVADA;CENTRO SUL;LIBERDADE;SAO PAULO;0;185449;META LUX COLEGIO;China;4
PRIVADA;CENTRO SUL;LIBERDADE;SAO PAULO;0;185449;META LUX COLEGIO;Paraguai;1
PRIVADA;CENTRO SUL;LIBERDADE;SAO PAULO;0;185449;META LUX COLEGIO;Ucrânia;1
PRIVADA;CENTRO SUL;LIBERDADE;SAO PAULO;0;269190;EDUTEC DATA BRASIL EDUCACAO PROFISSIONAL;Guiné-Bissau;1
PRIVADA;CENTRO SUL;LIBERDADE;SAO PAULO;0;269190;EDUTEC DATA BRASIL EDUCACAO PROFISSIONAL;Ucrânia;1
PRIVADA;CENTRO SUL;LIBERDADE;SAO PAULO;0;411814;COLEGIO NOVE DE JULHO UND IV;Bolívia;1
PRIVADA;CENTRO SUL;LIBERDADE;SAO PAULO;0;411814;COLEGIO NOVE DE JULHO UND IV;Haiti;3
PRIVADA;CENTRO SUL;LIBERDADE;SAO PAULO;0;411814;COLEGIO NOVE DE JULHO UND IV;Japão;2
PRIVADA;CENTRO SUL;LIBERDADE;SAO PAULO;12;449477;SENAC ACLIMACAO;Camarões;1
PRIVADA;CENTRO SUL;LIBERDADE;SAO PAULO;12;449477;SENAC ACLIMACAO;China;1
PRIVADA;CENTRO SUL;LIBERDADE;SAO PAULO;12;449477;SENAC ACLIMACAO;Colômbia;1
PRIVADA;CENTRO SUL;LIBERDADE;SAO PAULO;12;449477;SENAC ACLIMACAO;Coreia do Sul;1
PRIVADA;CENTRO SUL;LIBERDADE;SAO PAULO;12;449477;SENAC ACLIMACAO;França;1
PRIVADA;CENTRO SUL;LIBERDADE;SAO PAULO;12;449477;SENAC ACLIMACAO;Itália;1
PRIVADA;CENTRO SUL;LIBERDADE;SAO PAULO;12;449477;SENAC ACLIMACAO;Japão;1
PRIVADA;CENTRO SUL;LIBERDADE;SAO PAULO;12;449477;SENAC ACLIMACAO;Paraguai;3
PRIVADA;CENTRO SUL;LIBERDADE;SAO PAULO;12;449477;SENAC ACLIMACAO;Peru;1
PRIVADA;CENTRO SUL;LIBERDADE;SAO PAULO;13;131520;FRANCISCO MATARAZZO ESCOLA SENAI;Bolívia;5
PRIVADA;CENTRO SUL;LIBERDADE;SAO PAULO;13;131520;FRANCISCO MATARAZZO ESCOLA SENAI;Colômbia;1
PRIVADA;CENTRO SUL;LIBERDADE;SAO PAULO;13;131520;FRANCISCO MATARAZZO ESCOLA SENAI;Japão;1
PRIVADA;CENTRO SUL;LIBERDADE;SAO PAULO;40;106896;SANTO AGOSTINHO COLEGIO;Chile;1
PRIVADA;CENTRO SUL;LIBERDADE;SAO PAULO;40;106896;SANTO AGOSTINHO COLEGIO;China;15
PRIVADA;CENTRO SUL;LIBERDADE;SAO PAULO;40;106896;SANTO AGOSTINHO COLEGIO;Venezuela;1
PRIVADA;CENTRO SUL;LIBERDADE;SAO PAULO;40;250405;SAO JOAQUIM ESCOLA DE ENFERMAGEM;Portugal;1
PRIVADA;CENTRO SUL;MOOCA;SAO PAULO;0;101448;SAO JUDAS TADEU COLEGIO;China;7
PRIVADA;CENTRO SUL;MOOCA;SAO PAULO;0;101448;SAO JUDAS TADEU COLEGIO;Peru;1
PRIVADA;CENTRO SUL;MOOCA;SAO PAULO;0;101448;SAO JUDAS TADEU COLEGIO;Síria;1
PRIVADA;CENTRO SUL;MOOCA;SAO PAULO;0;101503;SAO RAFAEL EXTERNATO;China;2
PRIVADA;CENTRO SUL;MOOCA;SAO PAULO;0;101503;SAO RAFAEL EXTERNATO;Venezuela;1
PRIVADA;CENTRO SUL;MOOCA;SAO PAULO;0;101539;SANTA CRUZ LICEU;Austrália;1
PRIVADA;CENTRO SUL;MOOCA;SAO PAULO;0;136897;PRIMO TAPIA COLEGIO;Chile;1
PRIVADA;CENTRO SUL;MOOCA;SAO PAULO;0;136897;PRIMO TAPIA COLEGIO;Coreia do Sul;2
PRIVADA;CENTRO SUL;MOOCA;SAO PAULO;0;151348;CRUZ DE MALTA INSTITUTO DE EDUCACAO;Bolívia;1
PRIVADA;CENTRO SUL;MOOCA;SAO PAULO;0;151348;CRUZ DE MALTA INSTITUTO DE EDUCACAO;China;5
PRIVADA;CENTRO SUL;MOOCA;SAO PAULO;0;151348;CRUZ DE MALTA INSTITUTO DE EDUCACAO;Japão;1
PRIVADA;CENTRO SUL;MOOCA;SAO PAULO;0;151348;CRUZ DE MALTA INSTITUTO DE EDUCACAO;Peru;1
PRIVADA;CENTRO SUL;MOOCA;SAO PAULO;0;266528;SAPUCAIA COLEGIO;China;2
PRIVADA;CENTRO SUL;MOOCA;SAO PAULO;0;266528;SAPUCAIA COLEGIO;Portugal;1
PRIVADA;CENTRO SUL;MOOCA;SAO PAULO;0;565647;MAPLE BEAR MOOCA;Espanha;1
PRIVADA;CENTRO SUL;MOOCA;SAO PAULO;0;582840;COLEGIO ELIM EIRELI;China;5
PRIVADA;CENTRO SUL;MOOCA;SAO PAULO;13;131556;THEOBALDO DE NIGRIS ESCOLA SENAI;Colômbia;1
PRIVADA;CENTRO SUL;MOOCA;SAO PAULO;40;101175;SANTA CATARINA COLEGIO;Áustria;1
PRIVADA;CENTRO SUL;MOOCA;SAO PAULO;40;101175;SANTA CATARINA COLEGIO;China;7
PRIVADA;CENTRO SUL;MOOCA;SAO PAULO;40;101175;SANTA CATARINA COLEGIO;Itália;1
PRIVADA;CENTRO SUL;SACOMA;SAO PAULO;0;106800;LUTERANO COLEGIO SAO PAULO;Bolívia;2
PRIVADA;CENTRO SUL;SACOMA;SAO PAULO;0;106800;LUTERANO COLEGIO SAO PAULO;Cuba;1
PRIVADA;CENTRO SUL;SACOMA;SAO PAULO;0;106800;LUTERANO COLEGIO SAO PAULO;Portugal;1
PRIVADA;CENTRO SUL;SACOMA;SAO PAULO;0;120406;VERUSKA COLEGIO;Grécia;1
PRIVADA;CENTRO SUL;SACOMA;SAO PAULO;0;151841;IDEAL SAO PAULO COLEGIO UNIDADE I E II;Japão;1
PRIVADA;CENTRO SUL;SACOMA;SAO PAULO;0;156498;PEQUENO PRINCIPE NUCLEO DE INTEGRACAO LICEU SANTO ANTONIO;Itália;1
PRIVADA;CENTRO SUL;SACOMA;SAO PAULO;0;156498;PEQUENO PRINCIPE NUCLEO DE INTEGRACAO LICEU SANTO ANTONIO;Japão;1
PRIVADA;CENTRO SUL;SACOMA;SAO PAULO;0;174099;PORTO RICO COLEGIO;Bolívia;2
PRIVADA;CENTRO SUL;SACOMA;SAO PAULO;0;174099;PORTO RICO COLEGIO;Japão;1
PRIVADA;CENTRO SUL;SACOMA;SAO PAULO;0;260939;ALEXANDRA COLEGIO;Japão;3
PRIVADA;CENTRO SUL;SACOMA;SAO PAULO;40;106768;VIRGEM PODEROSA COLEGIO;Japão;1
PRIVADA;CENTRO SUL;SACOMA;SAO PAULO;40;106768;VIRGEM PODEROSA COLEGIO;Venezuela;1
PRIVADA;CENTRO SUL;VILA MARIANA;SAO PAULO;0;104985;BANDEIRANTES COLEGIO EFM;Argentina;1
PRIVADA;CENTRO SUL;VILA MARIANA;SAO PAULO;0;104985;BANDEIRANTES COLEGIO EFM;Canadá;1
PRIVADA;CENTRO SUL;VILA MARIANA;SAO PAULO;0;104985;BANDEIRANTES COLEGIO EFM;China;1
PRIVADA;CENTRO SUL;VILA MARIANA;SAO PAULO;0;104985;BANDEIRANTES COLEGIO EFM;Coreia do Sul;3
PRIVADA;CENTRO SUL;VILA MARIANA;SAO PAULO;0;104985;BANDEIRANTES COLEGIO EFM;Estados Unidos da América;8
PRIVADA;CENTRO SUL;VILA MARIANA;SAO PAULO;0;104985;BANDEIRANTES COLEGIO EFM;França;1
PRIVADA;CENTRO SUL;VILA MARIANA;SAO PAULO;0;104985;BANDEIRANTES COLEGIO EFM;Portugal;3
PRIVADA;CENTRO SUL;VILA MARIANA;SAO PAULO;0;104985;BANDEIRANTES COLEGIO EFM;Reino Unido da Grã-Bretanha e Irlanda do Norte;1
PRIVADA;CENTRO SUL;VILA MARIANA;SAO PAULO;0;104991;BENJAMIN CONSTANT COLEGIO;Alemanha;1
PRIVADA;CENTRO SUL;VILA MARIANA;SAO PAULO;0;104991;BENJAMIN CONSTANT COLEGIO;Argentina;2
PRIVADA;CENTRO SUL;VILA MARIANA;SAO PAULO;0;104991;BENJAMIN CONSTANT COLEGIO;China;7
PRIVADA;CENTRO SUL;VILA MARIANA;SAO PAULO;0;104991;BENJAMIN CONSTANT COLEGIO;Colômbia;1
PRIVADA;CENTRO SUL;VILA MARIANA;SAO PAULO;0;104991;BENJAMIN CONSTANT COLEGIO;Estados Unidos da América;1
PRIVADA;CENTRO SUL;VILA MARIANA;SAO PAULO;0;104991;BENJAMIN CONSTANT COLEGIO;Peru;1
PRIVADA;CENTRO SUL;VILA MARIANA;SAO PAULO;0;104991;BENJAMIN CONSTANT COLEGIO;Suíça;1
PRIVADA;CENTRO SUL;VILA MARIANA;SAO PAULO;0;105132;SANTI ESCOLA;Estados Unidos da América;2
PRIVADA;CENTRO SUL;VILA MARIANA;SAO PAULO;0;107414;PASTEUR LICEU UNIDADE MAYRINK;Canadá;1
PRIVADA;CENTRO SUL;VILA MARIANA;SAO PAULO;0;107414;PASTEUR LICEU UNIDADE MAYRINK;Líbano;1
PRIVADA;CENTRO SUL;VILA MARIANA;SAO PAULO;0;119350;ROBERTO NORIO EEIPG;Japão;5
PRIVADA;CENTRO SUL;VILA MARIANA;SAO PAULO;0;119453;OSHIMAN COLEGIO;Japão;1
PRIVADA;CENTRO SUL;VILA MARIANA;SAO PAULO;0;119453;OSHIMAN COLEGIO;México;1
PRIVADA;CENTRO SUL;VILA MARIANA;SAO PAULO;0;132287;POLIEDRO COLEGIO;Angola;1
PRIVADA;CENTRO SUL;VILA MARIANA;SAO PAULO;0;132287;POLIEDRO COLEGIO;Bélgica;2
PRIVADA;CENTRO SUL;VILA MARIANA;SAO PAULO;0;132287;POLIEDRO COLEGIO;Chile;1
PRIVADA;CENTRO SUL;VILA MARIANA;SAO PAULO;0;132287;POLIEDRO COLEGIO;Coreia do Sul;1
PRIVADA;CENTRO SUL;VILA MARIANA;SAO PAULO;0;132287;POLIEDRO COLEGIO;Itália;1
PRIVADA;CENTRO SUL;VILA MARIANA;SAO PAULO;0;133449;RODRIGUES ALVES COLEGIO ESGES;China;11
PRIVADA;CENTRO SUL;VILA MARIANA;SAO PAULO;0;133449;RODRIGUES ALVES COLEGIO ESGES;Paraguai;2
PRIVADA;CENTRO SUL;VILA MARIANA;SAO PAULO;0;133449;RODRIGUES ALVES COLEGIO ESGES;Venezuela;1
PRIVADA;CENTRO SUL;VILA MARIANA;SAO PAULO;0;133991;CAMINHO ABERTO CENTRO DE EDUCACAO;Estados Unidos da América;1
PRIVADA;CENTRO SUL;VILA MARIANA;SAO PAULO;0;134065;RECREARTE CEI ESCOLA E COLEGIO HENRI WALLON;Portugal;1
PRIVADA;CENTRO SUL;VILA MARIANA;SAO PAULO;0;134806;ETAPA COLEGIO DE EFM;Argentina;2
PRIVADA;CENTRO SUL;VILA MARIANA;SAO PAULO;0;134806;ETAPA COLEGIO DE EFM;China;29
PRIVADA;CENTRO SUL;VILA MARIANA;SAO PAULO;0;134806;ETAPA COLEGIO DE EFM;Coreia do Sul;2
PRIVADA;CENTRO SUL;VILA MARIANA;SAO PAULO;0;134806;ETAPA COLEGIO DE EFM;Cuba;1
PRIVADA;CENTRO SUL;VILA MARIANA;SAO PAULO;0;134806;ETAPA COLEGIO DE EFM;Egipto;1
PRIVADA;CENTRO SUL;VILA MARIANA;SAO PAULO;0;134806;ETAPA COLEGIO DE EFM;Espanha;1
PRIVADA;CENTRO SUL;VILA MARIANA;SAO PAULO;0;134806;ETAPA COLEGIO DE EFM;Estados Unidos da América;4
PRIVADA;CENTRO SUL;VILA MARIANA;SAO PAULO;0;134806;ETAPA COLEGIO DE EFM;Hong Kong;1
PRIVADA;CENTRO SUL;VILA MARIANA;SAO PAULO;0;134806;ETAPA COLEGIO DE EFM;Itália;1
PRIVADA;CENTRO SUL;VILA MARIANA;SAO PAULO;0;134806;ETAPA COLEGIO DE EFM;Japão;5
PRIVADA;CENTRO SUL;VILA MARIANA;SAO PAULO;0;134806;ETAPA COLEGIO DE EFM;Jordânia;1
PRIVADA;CENTRO SUL;VILA MARIANA;SAO PAULO;0;134806;ETAPA COLEGIO DE EFM;Líbano;1
PRIVADA;CENTRO SUL;VILA MARIANA;SAO PAULO;0;134806;ETAPA COLEGIO DE EFM;Peru;3
PRIVADA;CENTRO SUL;VILA MARIANA;SAO PAULO;0;134806;ETAPA COLEGIO DE EFM;Portugal;3
PRIVADA;CENTRO SUL;VILA MARIANA;SAO PAULO;0;134806;ETAPA COLEGIO DE EFM;Reino Unido da Grã-Bretanha e Irlanda do Norte;1
PRIVADA;CENTRO SUL;VILA MARIANA;SAO PAULO;0;134806;ETAPA COLEGIO DE EFM;Síria;3
PRIVADA;CENTRO SUL;VILA MARIANA;SAO PAULO;0;136608;LUMEN VITAE COLEGIO;Bolívia;2
PRIVADA;CENTRO SUL;VILA MARIANA;SAO PAULO;0;136608;LUMEN VITAE COLEGIO;Estados Unidos da América;1
PRIVADA;CENTRO SUL;VILA MARIANA;SAO PAULO;0;136608;LUMEN VITAE COLEGIO;Japão;1
PRIVADA;CENTRO SUL;VILA MARIANA;SAO PAULO;0;179000;ITATIAIA COLEGIO;Chile;1
PRIVADA;CENTRO SUL;VILA MARIANA;SAO PAULO;0;259329;SOUZA LIMA CONSERVATORIO MUSICAL;Polónia;1
PRIVADA;CENTRO SUL;VILA MARIANA;SAO PAULO;0;268948;INSTITUTO DE TERAPIA INTEGRADA E ORIENTAL;China;2
PRIVADA;CENTRO SUL;VILA MARIANA;SAO PAULO;0;268948;INSTITUTO DE TERAPIA INTEGRADA E ORIENTAL;França;1
PRIVADA;CENTRO SUL;VILA MARIANA;SAO PAULO;0;460825;CIMAS DE ENSINO INSTITUTO;Bolívia;1
PRIVADA;CENTRO SUL;VILA MARIANA;SAO PAULO;0;469300;MAPLE BEAR KLABIN;China;1
PRIVADA;CENTRO SUL;VILA MARIANA;SAO PAULO;0;469300;MAPLE BEAR KLABIN;Estados Unidos da América;1
PRIVADA;CENTRO SUL;VILA MARIANA;SAO PAULO;0;483023;ESCOLA TECNICA DE  EDUCACAO EM SAUDE DO HOSPITAL ALEMAO OSWALDO CRUZ;Venezuela;1
PRIVADA;CENTRO SUL;VILA MARIANA;SAO PAULO;0;563006;ETAPA III COLEGIO;Alemanha;1
PRIVADA;CENTRO SUL;VILA MARIANA;SAO PAULO;0;563006;ETAPA III COLEGIO;Bélgica;1
PRIVADA;CENTRO SUL;VILA MARIANA;SAO PAULO;0;563006;ETAPA III COLEGIO;Japão;1
PRIVADA;CENTRO SUL;VILA MARIANA;SAO PAULO;0;565751;MAPLE BEAR JARDINS;Estados Unidos da América;1
PRIVADA;CENTRO SUL;VILA MARIANA;SAO PAULO;0;565751;MAPLE BEAR JARDINS;Japão;2
PRIVADA;CENTRO SUL;VILA MARIANA;SAO PAULO;0;565751;MAPLE BEAR JARDINS;Portugal;1
PRIVADA;CENTRO SUL;VILA MARIANA;SAO PAULO;0;583509;ESCOLA WALDORF BERTA E EMIL MOLT;Canadá;1
PRIVADA;CENTRO SUL;VILA MARIANA;SAO PAULO;0;807813;LICEU PASTEUR UNIDADE VERGUEIRO;África do Sul;1
PRIVADA;CENTRO SUL;VILA MARIANA;SAO PAULO;0;807813;LICEU PASTEUR UNIDADE VERGUEIRO;Alemanha;2
PRIVADA;CENTRO SUL;VILA MARIANA;SAO PAULO;0;807813;LICEU PASTEUR UNIDADE VERGUEIRO;Angola;1
PRIVADA;CENTRO SUL;VILA MARIANA;SAO PAULO;0;807813;LICEU PASTEUR UNIDADE VERGUEIRO;Argentina;5
PRIVADA;CENTRO SUL;VILA MARIANA;SAO PAULO;0;807813;LICEU PASTEUR UNIDADE VERGUEIRO;Bélgica;7
PRIVADA;CENTRO SUL;VILA MARIANA;SAO PAULO;0;807813;LICEU PASTEUR UNIDADE VERGUEIRO;Bolívia;2
PRIVADA;CENTRO SUL;VILA MARIANA;SAO PAULO;0;807813;LICEU PASTEUR UNIDADE VERGUEIRO;Brasil;1
PRIVADA;CENTRO SUL;VILA MARIANA;SAO PAULO;0;807813;LICEU PASTEUR UNIDADE VERGUEIRO;Canadá;2
PRIVADA;CENTRO SUL;VILA MARIANA;SAO PAULO;0;807813;LICEU PASTEUR UNIDADE VERGUEIRO;Chile;4
PRIVADA;CENTRO SUL;VILA MARIANA;SAO PAULO;0;807813;LICEU PASTEUR UNIDADE VERGUEIRO;China;1
PRIVADA;CENTRO SUL;VILA MARIANA;SAO PAULO;0;807813;LICEU PASTEUR UNIDADE VERGUEIRO;Colômbia;5
PRIVADA;CENTRO SUL;VILA MARIANA;SAO PAULO;0;807813;LICEU PASTEUR UNIDADE VERGUEIRO;Croácia;1
PRIVADA;CENTRO SUL;VILA MARIANA;SAO PAULO;0;807813;LICEU PASTEUR UNIDADE VERGUEIRO;Emiratos Árabes Unidos;1
PRIVADA;CENTRO SUL;VILA MARIANA;SAO PAULO;0;807813;LICEU PASTEUR UNIDADE VERGUEIRO;Espanha;10
PRIVADA;CENTRO SUL;VILA MARIANA;SAO PAULO;0;807813;LICEU PASTEUR UNIDADE VERGUEIRO;Estados Unidos da América;9
PRIVADA;CENTRO SUL;VILA MARIANA;SAO PAULO;0;807813;LICEU PASTEUR UNIDADE VERGUEIRO;França;177
PRIVADA;CENTRO SUL;VILA MARIANA;SAO PAULO;0;807813;LICEU PASTEUR UNIDADE VERGUEIRO;Guadeloupe;1
PRIVADA;CENTRO SUL;VILA MARIANA;SAO PAULO;0;807813;LICEU PASTEUR UNIDADE VERGUEIRO;Haiti;1
PRIVADA;CENTRO SUL;VILA MARIANA;SAO PAULO;0;807813;LICEU PASTEUR UNIDADE VERGUEIRO;Índia;2
PRIVADA;CENTRO SUL;VILA MARIANA;SAO PAULO;0;807813;LICEU PASTEUR UNIDADE VERGUEIRO;Indonésia;1
PRIVADA;CENTRO SUL;VILA MARIANA;SAO PAULO;0;807813;LICEU PASTEUR UNIDADE VERGUEIRO;Itália;2
PRIVADA;CENTRO SUL;VILA MARIANA;SAO PAULO;0;807813;LICEU PASTEUR UNIDADE VERGUEIRO;Japão;1
PRIVADA;CENTRO SUL;VILA MARIANA;SAO PAULO;0;807813;LICEU PASTEUR UNIDADE VERGUEIRO;Líbano;5
PRIVADA;CENTRO SUL;VILA MARIANA;SAO PAULO;0;807813;LICEU PASTEUR UNIDADE VERGUEIRO;Luxemburgo;1
PRIVADA;CENTRO SUL;VILA MARIANA;SAO PAULO;0;807813;LICEU PASTEUR UNIDADE VERGUEIRO;Madagáscar;2
PRIVADA;CENTRO SUL;VILA MARIANA;SAO PAULO;0;807813;LICEU PASTEUR UNIDADE VERGUEIRO;Maurícia;2
PRIVADA;CENTRO SUL;VILA MARIANA;SAO PAULO;0;807813;LICEU PASTEUR UNIDADE VERGUEIRO;México;13
PRIVADA;CENTRO SUL;VILA MARIANA;SAO PAULO;0;807813;LICEU PASTEUR UNIDADE VERGUEIRO;Noruega;1
PRIVADA;CENTRO SUL;VILA MARIANA;SAO PAULO;0;807813;LICEU PASTEUR UNIDADE VERGUEIRO;Polónia;1
PRIVADA;CENTRO SUL;VILA MARIANA;SAO PAULO;0;807813;LICEU PASTEUR UNIDADE VERGUEIRO;Portugal;2
PRIVADA;CENTRO SUL;VILA MARIANA;SAO PAULO;0;807813;LICEU PASTEUR UNIDADE VERGUEIRO;Reino Unido da Grã-Bretanha e Irlanda do Norte;1
PRIVADA;CENTRO SUL;VILA MARIANA;SAO PAULO;0;807813;LICEU PASTEUR UNIDADE VERGUEIRO;Singapura;2
PRIVADA;CENTRO SUL;VILA MARIANA;SAO PAULO;0;807813;LICEU PASTEUR UNIDADE VERGUEIRO;Suíça;6
PRIVADA;CENTRO SUL;VILA MARIANA;SAO PAULO;0;807813;LICEU PASTEUR UNIDADE VERGUEIRO;Tailândia;1
PRIVADA;CENTRO SUL;VILA MARIANA;SAO PAULO;0;807813;LICEU PASTEUR UNIDADE VERGUEIRO;Turquia;1
PRIVADA;CENTRO SUL;VILA MARIANA;SAO PAULO;0;807813;LICEU PASTEUR UNIDADE VERGUEIRO;Uruguai;1
PRIVADA;CENTRO SUL;VILA MARIANA;SAO PAULO;0;807813;LICEU PASTEUR UNIDADE VERGUEIRO;Vietname;2
PRIVADA;CENTRO SUL;VILA MARIANA;SAO PAULO;40;105028;CRISTO REI COLEGIO;Bolívia;1
PRIVADA;CENTRO SUL;VILA MARIANA;SAO PAULO;40;105028;CRISTO REI COLEGIO;Chile;1
PRIVADA;CENTRO SUL;VILA MARIANA;SAO PAULO;40;105028;CRISTO REI COLEGIO;China;1
PRIVADA;CENTRO SUL;VILA MARIANA;SAO PAULO;40;105028;CRISTO REI COLEGIO;Estados Unidos da América;1
PRIVADA;CENTRO SUL;VILA MARIANA;SAO PAULO;40;105028;CRISTO REI COLEGIO;Itália;1
PRIVADA;CENTRO SUL;VILA MARIANA;SAO PAULO;40;105028;CRISTO REI COLEGIO;Japão;1
PRIVADA;CENTRO SUL;VILA MARIANA;SAO PAULO;40;105028;CRISTO REI COLEGIO;Síria;2
PRIVADA;CENTRO SUL;VILA MARIANA;SAO PAULO;40;105041;MARIA IMACULADA COLEGIO EEIFM;Argentina;1
PRIVADA;CENTRO SUL;VILA MARIANA;SAO PAULO;40;105041;MARIA IMACULADA COLEGIO EEIFM;China;1
PRIVADA;CENTRO SUL;VILA MARIANA;SAO PAULO;40;105041;MARIA IMACULADA COLEGIO EEIFM;Coreia do Sul;1
PRIVADA;CENTRO SUL;VILA MARIANA;SAO PAULO;40;105041;MARIA IMACULADA COLEGIO EEIFM;Cuba;1
PRIVADA;CENTRO SUL;VILA MARIANA;SAO PAULO;40;105041;MARIA IMACULADA COLEGIO EEIFM;Estados Unidos da América;1
PRIVADA;CENTRO SUL;VILA MARIANA;SAO PAULO;40;105041;MARIA IMACULADA COLEGIO EEIFM;Japão;1
PRIVADA;CENTRO SUL;VILA MARIANA;SAO PAULO;40;105041;MARIA IMACULADA COLEGIO EEIFM;Portugal;1
PRIVADA;CENTRO SUL;VILA MARIANA;SAO PAULO;40;105053;MADRE CABRINI COLEGIO EEIFM;Argentina;1
PRIVADA;CENTRO SUL;VILA MARIANA;SAO PAULO;40;105053;MADRE CABRINI COLEGIO EEIFM;Bolívia;1
PRIVADA;CENTRO SUL;VILA MARIANA;SAO PAULO;40;105053;MADRE CABRINI COLEGIO EEIFM;China;4
PRIVADA;CENTRO SUL;VILA MARIANA;SAO PAULO;40;105053;MADRE CABRINI COLEGIO EEIFM;Venezuela;1
PRIVADA;CENTRO SUL;VILA MARIANA;SAO PAULO;40;105077;SANTA CATARINA DE SENA COLEGIO EEIFM;China;12
PRIVADA;CENTRO SUL;VILA MARIANA;SAO PAULO;40;105077;SANTA CATARINA DE SENA COLEGIO EEIFM;Estados Unidos da América;1
PRIVADA;CENTRO SUL;VILA MARIANA;SAO PAULO;40;105077;SANTA CATARINA DE SENA COLEGIO EEIFM;Índia;1
PRIVADA;CENTRO SUL;VILA MARIANA;SAO PAULO;40;105077;SANTA CATARINA DE SENA COLEGIO EEIFM;Japão;1
PRIVADA;CENTRO SUL;VILA MARIANA;SAO PAULO;40;105077;SANTA CATARINA DE SENA COLEGIO EEIFM;México;1
PRIVADA;CENTRO SUL;VILA MARIANA;SAO PAULO;40;105077;SANTA CATARINA DE SENA COLEGIO EEIFM;Síria;2
PRIVADA;CENTRO SUL;VILA MARIANA;SAO PAULO;40;107177;ARQUIDIOCESANO DE SAO PAULO COLEGIO MARISTA;Argentina;1
PRIVADA;CENTRO SUL;VILA MARIANA;SAO PAULO;40;107177;ARQUIDIOCESANO DE SAO PAULO COLEGIO MARISTA;Bolívia;1
PRIVADA;CENTRO SUL;VILA MARIANA;SAO PAULO;40;107177;ARQUIDIOCESANO DE SAO PAULO COLEGIO MARISTA;China;2
PRIVADA;CENTRO SUL;VILA MARIANA;SAO PAULO;40;107177;ARQUIDIOCESANO DE SAO PAULO COLEGIO MARISTA;Coreia do Sul;3
PRIVADA;CENTRO SUL;VILA MARIANA;SAO PAULO;40;107177;ARQUIDIOCESANO DE SAO PAULO COLEGIO MARISTA;Costa Rica;3
PRIVADA;CENTRO SUL;VILA MARIANA;SAO PAULO;40;107177;ARQUIDIOCESANO DE SAO PAULO COLEGIO MARISTA;Equador;2
PRIVADA;CENTRO SUL;VILA MARIANA;SAO PAULO;40;107177;ARQUIDIOCESANO DE SAO PAULO COLEGIO MARISTA;Estados Unidos da América;1
PRIVADA;CENTRO SUL;VILA MARIANA;SAO PAULO;40;107177;ARQUIDIOCESANO DE SAO PAULO COLEGIO MARISTA;Itália;1
PRIVADA;CENTRO SUL;VILA MARIANA;SAO PAULO;40;155073;BATISTA DE VILA MARIANA COLEGIO;China;9
PRIVADA;CENTRO SUL;VILA PRUDENTE;SAO PAULO;0;6165;ESCOLA LUMINOVA;Colômbia;2
PRIVADA;CENTRO SUL;VILA PRUDENTE;SAO PAULO;0;101692;CIVITATIS COLEGIO;Bolívia;2
PRIVADA;CENTRO SUL;VILA PRUDENTE;SAO PAULO;0;101692;CIVITATIS COLEGIO;Estados Unidos da América;1
PRIVADA;CENTRO SUL;VILA PRUDENTE;SAO PAULO;0;101692;CIVITATIS COLEGIO;Países Baixos (Holanda);1
PRIVADA;CENTRO SUL;VILA PRUDENTE;SAO PAULO;0;101692;CIVITATIS COLEGIO;Reino Unido da Grã-Bretanha e Irlanda do Norte;1
PRIVADA;CENTRO SUL;VILA PRUDENTE;SAO PAULO;0;101692;CIVITATIS COLEGIO;Venezuela;1
PRIVADA;CENTRO SUL;VILA PRUDENTE;SAO PAULO;0;119124;AGNUS DEI COLEGIO;Colômbia;1
PRIVADA;CENTRO SUL;VILA PRUDENTE;SAO PAULO;0;134673;ADVENTISTA DE VILA ALPINA COLEGIO;Jordânia;2
PRIVADA;CENTRO SUL;VILA PRUDENTE;SAO PAULO;0;134673;ADVENTISTA DE VILA ALPINA COLEGIO;Palestina;1
PRIVADA;CENTRO SUL;VILA PRUDENTE;SAO PAULO;0;142505;MZ SCHOOL;Líbano;2
PRIVADA;CENTRO SUL;VILA PRUDENTE;SAO PAULO;0;269189;TABLEAU COLEGIO UNIDADE SAO PAULO;Paraguai;1
PRIVADA;CENTRO SUL;VILA PRUDENTE;SAO PAULO;12;148581;SENAC VILA PRUDENTE;Bolívia;4
PRIVADA;CENTRO SUL;VILA PRUDENTE;SAO PAULO;40;101643;COLEGIO NOSSA  SENHORA  APARECIDA;Bolívia;1
PRIVADA;CENTRO SUL;VILA PRUDENTE;SAO PAULO;40;101734;SAO MIGUEL ARCANJO COLEGIO FRANCISCANO;Reino Unido da Grã-Bretanha e Irlanda do Norte;1
PRIVADA;DIADEMA;DIADEMA;DIADEMA;0;6418;CENTRO DE ENSINO GRAU TECNICO  UNIDADE DE DIADEMA;Congo, República do;1
PRIVADA;DIADEMA;DIADEMA;DIADEMA;0;6418;CENTRO DE ENSINO GRAU TECNICO  UNIDADE DE DIADEMA;Haiti;4
PRIVADA;DIADEMA;DIADEMA;DIADEMA;0;7057;INSTITUICAO DE ENSINO CENTRO EDUCACIONAL FERREIRA E FONTANEZ LTDA;Venezuela;2
PRIVADA;DIADEMA;DIADEMA;DIADEMA;0;135136;ADVENTISTA DE DIADEMA COLEGIO;Cuba;1
PRIVADA;DIADEMA;DIADEMA;DIADEMA;0;135136;ADVENTISTA DE DIADEMA COLEGIO;Estados Unidos da América;1
PRIVADA;DIADEMA;DIADEMA;DIADEMA;0;140934;DIADEMA COLEGIO INTEGRADO;México;1
PRIVADA;DIADEMA;DIADEMA;DIADEMA;0;144125;CARLOS DRUMOND DE ANDRADE COLEGIO;Peru;1
PRIVADA;DIADEMA;DIADEMA;DIADEMA;0;170409;DIADEMA CENTRO EDUCACIONAL DE;Estados Unidos da América;2
PRIVADA;DIADEMA;DIADEMA;DIADEMA;0;253121;ESCOLA PAULISTA DE ENFERMAGEM;Argentina;1
PRIVADA;DIADEMA;DIADEMA;DIADEMA;0;253121;ESCOLA PAULISTA DE ENFERMAGEM;Bolívia;2
PRIVADA;DIADEMA;DIADEMA;DIADEMA;0;253121;ESCOLA PAULISTA DE ENFERMAGEM;Peru;1
PRIVADA;DIADEMA;DIADEMA;DIADEMA;0;440310;ALEXANDRE DUMAS COMPLEXO EDUCACIONAL;Peru;1
PRIVADA;DIADEMA;DIADEMA;DIADEMA;0;585518;COLEGIO CENTRO MORUMBI;Cuba;1
PRIVADA;DIADEMA;DIADEMA;DIADEMA;0;808040;NOVO IDEAL CENTRO EDUCACIONAL;Estados Unidos da América;1
PRIVADA;DIADEMA;DIADEMA;DIADEMA;13;147965;MANUEL GARCIA FILHO ESCOLA SENAI;Venezuela;2
PRIVADA;DIADEMA;DIADEMA;DIADEMA;48;120728;NAVEGANTES CRECHE;Venezuela;1
PRIVADA;DIADEMA;DIADEMA;DIADEMA;48;463024;SAO MARCOS CRECHE;Venezuela;1
PRIVADA;FERNANDOPOLIS;FERNANDOPOLIS;FERNANDOPOLIS;0;158409;INCENTIVO CENTRO DE EDUCACAO;Japão;1
PRIVADA;FERNANDOPOLIS;FERNANDOPOLIS;FERNANDOPOLIS;0;259160;ALBERTO SENRA DOUTOR ESCOLA PROFISSIONALIZANTE;Angola;2
PRIVADA;FRANCA;FRANCA;FRANCA;0;4827;COLEGIO DE EDUCACAO INFANTIL E ENSINO FUNDAMENTAL PESSOA  UNIDADE II;Estados Unidos da América;1
PRIVADA;FRANCA;FRANCA;FRANCA;0;114467;PESTALOZZI ESCOLA UNIDADE I;Austrália;1
PRIVADA;FRANCA;FRANCA;FRANCA;0;114467;PESTALOZZI ESCOLA UNIDADE I;Bolívia;1
PRIVADA;FRANCA;FRANCA;FRANCA;0;114492;LICEU DE ENSINO;Irlanda;1
PRIVADA;FRANCA;FRANCA;FRANCA;0;139373;TOULOUSE LAUTREC ESCOLA EDUC INFANTIL ENS FUNDAMENTAL MEDIO;Argentina;2
PRIVADA;FRANCA;FRANCA;FRANCA;0;139373;TOULOUSE LAUTREC ESCOLA EDUC INFANTIL ENS FUNDAMENTAL MEDIO;Estados Unidos da América;1
PRIVADA;FRANCA;FRANCA;FRANCA;0;139373;TOULOUSE LAUTREC ESCOLA EDUC INFANTIL ENS FUNDAMENTAL MEDIO;Portugal;2
PRIVADA;FRANCA;FRANCA;FRANCA;0;172613;COPERNICO COLEGIO;Colômbia;1
PRIVADA;FRANCA;FRANCA;FRANCA;0;172625;JEAN PIAGET COLEGIO;Canadá;1
PRIVADA;FRANCA;FRANCA;FRANCA;0;302478;VILLA LOBOS COLEGIO;México;1
PRIVADA;FRANCA;FRANCA;FRANCA;40;127309;PASTORAL DO MENOR E FAMILIA DA DIOCESE DE FRANCA;Venezuela;2
PRIVADA;FRANCA;FRANCA;FRANCA;48;483424;CCI OSIEP;Nigéria;1
PRIVADA;FRANCA;FRANCA;FRANCA;48;508901;BRENO MOACYR BASTOS MARSON CRECHE ESCOLA;Venezuela;1
PRIVADA;FRANCA;FRANCA;FRANCA;48;564400;AMELIA RODRIGUES CCI UNIDADE II;Cuba;1
PRIVADA;FRANCA;FRANCA;FRANCA;48;564400;AMELIA RODRIGUES CCI UNIDADE II;Venezuela;1
PRIVADA;FRANCA;FRANCA;FRANCA;48;586473;CRECHE ANTONIETA COVAS DO COUTO ROSA;Venezuela;1
PRIVADA;FRANCA;FRANCA;FRANCA;48;587175;CASA CRECHE SAO FILIPE NERI;Colômbia;1
PRIVADA;GUARATINGUETA;APARECIDA;APARECIDA;0;152924;MILLENNIUM COLEGIO EEIFM;China;1
PRIVADA;GUARATINGUETA;APARECIDA;APARECIDA;0;152924;MILLENNIUM COLEGIO EEIFM;Japão;1
PRIVADA;GUARATINGUETA;CACHOEIRA PAULISTA;CACHOEIRA PAULISTA;0;150514;DIFERENCIAL SERELEPE CENTRO EDUCACIONAL;Índia;1
PRIVADA;GUARATINGUETA;CACHOEIRA PAULISTA;CACHOEIRA PAULISTA;0;150514;DIFERENCIAL SERELEPE CENTRO EDUCACIONAL;Paraguai;2
PRIVADA;GUARATINGUETA;CACHOEIRA PAULISTA;CACHOEIRA PAULISTA;0;186173;CANCAO NOVA INSTITUTO;Estados Unidos da América;1
PRIVADA;GUARATINGUETA;CACHOEIRA PAULISTA;CACHOEIRA PAULISTA;0;451174;TUDO AZUL ESCOLA DE EDUCACAO INFANTIL;Países Baixos (Holanda);1
PRIVADA;GUARATINGUETA;CRUZEIRO;CRUZEIRO;0;110553;NOSSA SENHORA AUXILIADORA INSTITUTO;China;1
PRIVADA;GUARATINGUETA;CUNHA;CUNHA;0;113438;PENTAGONO COLEGIO DE EDUCACAO INFANTIL E ENSINO FUNDAMENTAL;Venezuela;1
PRIVADA;GUARATINGUETA;GUARATINGUETA;GUARATINGUETA;0;4887;COLEGIO FOCUS;Estados Unidos da América;1
PRIVADA;GUARATINGUETA;GUARATINGUETA;GUARATINGUETA;0;4887;COLEGIO FOCUS;Filipinas;1
PRIVADA;GUARATINGUETA;GUARATINGUETA;GUARATINGUETA;0;116701;TABLEAU COLEGIO;Alemanha;1
PRIVADA;GUARATINGUETA;GUARATINGUETA;GUARATINGUETA;0;125830;ALBERT EINSTEIN COLEGIO;China;2
PRIVADA;GUARATINGUETA;GUARATINGUETA;GUARATINGUETA;0;125830;ALBERT EINSTEIN COLEGIO;Portugal;1
PRIVADA;GUARATINGUETA;GUARATINGUETA;GUARATINGUETA;0;143625;FENIX COLEGIO;China;1
PRIVADA;GUARATINGUETA;GUARATINGUETA;GUARATINGUETA;0;143625;FENIX COLEGIO;Colômbia;1
PRIVADA;GUARATINGUETA;GUARATINGUETA;GUARATINGUETA;0;143625;FENIX COLEGIO;Estados Unidos da América;2
PRIVADA;GUARATINGUETA;GUARATINGUETA;GUARATINGUETA;0;443025;COLEGIO DOM;Colômbia;1
PRIVADA;GUARATINGUETA;GUARATINGUETA;GUARATINGUETA;0;803662;GIRASSOL COLEGIO;Japão;2
PRIVADA;GUARATINGUETA;GUARATINGUETA;GUARATINGUETA;0;806389;ARMANDO ZOLLNER ESCOLA UNIAO DE SISTEMA DE ENSINO FAZER;Japão;2
PRIVADA;GUARATINGUETA;GUARATINGUETA;GUARATINGUETA;40;110668;NOSSA SENHORA DO CARMO INSTITUTO;Filipinas;1
PRIVADA;GUARATINGUETA;GUARATINGUETA;GUARATINGUETA;40;110668;NOSSA SENHORA DO CARMO INSTITUTO;Guatemala;1
PRIVADA;GUARATINGUETA;GUARATINGUETA;GUARATINGUETA;40;186132;AMOR E LUZ SERVICO SOCIAL SESAL;Itália;1
PRIVADA;GUARATINGUETA;GUARATINGUETA;GUARATINGUETA;40;186144;GOTA DE LEITE INSTITUTO DE PROTECAO A INFANCIA;Japão;1
PRIVADA;GUARATINGUETA;LORENA;LORENA;0;119817;DRUMMOND COLEGIO;África do Sul;1
PRIVADA;GUARATINGUETA;LORENA;LORENA;0;150538;GENESIS COLEGIO EEIEF;França;1
PRIVADA;GUARATINGUETA;LORENA;LORENA;0;150538;GENESIS COLEGIO EEIEF;Venezuela;1
PRIVADA;GUARATINGUETA;LORENA;LORENA;14;110693;SESI 162 CENTRO EDUCACIONAL;Portugal;1
PRIVADA;GUARULHOS NORTE;GUARULHOS NORTE;GUARULHOS;0;4258;COLEGIO SANTA CLARA UNIDADE II;Japão;1
PRIVADA;GUARULHOS NORTE;GUARULHOS NORTE;GUARULHOS;0;114900;COLEGIO LARUCHI;Venezuela;1
PRIVADA;GUARULHOS NORTE;GUARULHOS NORTE;GUARULHOS;0;119581;SERRANO GUARDIA COLEGIO;Japão;1
PRIVADA;GUARULHOS NORTE;GUARULHOS NORTE;GUARULHOS;0;119581;SERRANO GUARDIA COLEGIO;Peru;1
PRIVADA;GUARULHOS NORTE;GUARULHOS NORTE;GUARULHOS;0;150198;PRESBITERIANO DE GUARULHOS COLEGIO;Colômbia;2
PRIVADA;GUARULHOS NORTE;GUARULHOS NORTE;GUARULHOS;0;150198;PRESBITERIANO DE GUARULHOS COLEGIO;Coreia do Sul;1
PRIVADA;GUARULHOS NORTE;GUARULHOS NORTE;GUARULHOS;0;150228;PARQUE CONTINENTAL EXTERNATO;Japão;1
PRIVADA;GUARULHOS NORTE;GUARULHOS NORTE;GUARULHOS;0;150228;PARQUE CONTINENTAL EXTERNATO;Síria;3
PRIVADA;GUARULHOS NORTE;GUARULHOS NORTE;GUARULHOS;0;154581;PAULO FREIRE CENTRO CONVIVENCIA EDUCACIONAL;Haiti;2
PRIVADA;GUARULHOS NORTE;GUARULHOS NORTE;GUARULHOS;0;160635;SAINT GERMAIN COLEGIO;Japão;4
PRIVADA;GUARULHOS NORTE;GUARULHOS NORTE;GUARULHOS;0;168543;GUGLIELMO MARCONI COLEGIO;Itália;1
PRIVADA;GUARULHOS NORTE;GUARULHOS NORTE;GUARULHOS;0;195259;KLAXON COLEGIO;Argentina;1
PRIVADA;GUARULHOS NORTE;GUARULHOS NORTE;GUARULHOS;0;195259;KLAXON COLEGIO;Japão;1
PRIVADA;GUARULHOS NORTE;GUARULHOS NORTE;GUARULHOS;0;250348;GUARULHOS COLEGIO;Bolívia;3
PRIVADA;GUARULHOS NORTE;GUARULHOS NORTE;GUARULHOS;0;269141;NATASHA FRANCO VIEIRA ESCOLA;Bolívia;5
PRIVADA;GUARULHOS NORTE;GUARULHOS NORTE;GUARULHOS;0;269141;NATASHA FRANCO VIEIRA ESCOLA;Cuba;2
PRIVADA;GUARULHOS NORTE;GUARULHOS NORTE;GUARULHOS;0;269141;NATASHA FRANCO VIEIRA ESCOLA;Haiti;1
PRIVADA;GUARULHOS NORTE;GUARULHOS NORTE;GUARULHOS;0;304049;AUTENTICO COLEGIO;Estados Unidos da América;1
PRIVADA;GUARULHOS NORTE;GUARULHOS NORTE;GUARULHOS;0;363674;MONTANHA ENCANTADA EEI E COLEGIO CONTINENTAL;Argentina;1
PRIVADA;GUARULHOS NORTE;GUARULHOS NORTE;GUARULHOS;0;580958;COLEGIO FUTURUM;Bolívia;1
PRIVADA;GUARULHOS NORTE;GUARULHOS NORTE;GUARULHOS;0;805683;DAVILOHN COLEGIO;Estados Unidos da América;1
PRIVADA;GUARULHOS NORTE;GUARULHOS NORTE;GUARULHOS;0;809724;AUGUSTO FREITAS CENTRO EDUCACIONAL;Japão;3
PRIVADA;GUARULHOS NORTE;GUARULHOS NORTE;GUARULHOS;51;805695;VILA FATIMA COLEGIO;Japão;2
PRIVADA;GUARULHOS NORTE;GUARULHOS SUL;GUARULHOS;13;147936;HERMENEGILDO CAMPOS DE ALMEIDA ESCOLA SENAI;Japão;1
PRIVADA;GUARULHOS SUL;GUARULHOS SUL;GUARULHOS;0;6292;GRAU TECNICO  UNIDADE GUARULHOS CENTRO;Bolívia;2
PRIVADA;GUARULHOS SUL;GUARULHOS SUL;GUARULHOS;0;6292;GRAU TECNICO  UNIDADE GUARULHOS CENTRO;Haiti;2
PRIVADA;GUARULHOS SUL;GUARULHOS SUL;GUARULHOS;0;108112;AUGUSTO RUSCHI COLEGIO;México;1
PRIVADA;GUARULHOS SUL;GUARULHOS SUL;GUARULHOS;0;108145;MATER AMABILIS COLEGIO;Peru;3
PRIVADA;GUARULHOS SUL;GUARULHOS SUL;GUARULHOS;0;108169;CIDADE MAIA COLEGIO;Japão;1
PRIVADA;GUARULHOS SUL;GUARULHOS SUL;GUARULHOS;0;108169;CIDADE MAIA COLEGIO;Líbano;1
PRIVADA;GUARULHOS SUL;GUARULHOS SUL;GUARULHOS;0;108200;ADVENTISTA DE VILA GALVAO COLEGIO;Colômbia;2
PRIVADA;GUARULHOS SUL;GUARULHOS SUL;GUARULHOS;0;108200;ADVENTISTA DE VILA GALVAO COLEGIO;Japão;1
PRIVADA;GUARULHOS SUL;GUARULHOS SUL;GUARULHOS;0;108200;ADVENTISTA DE VILA GALVAO COLEGIO;Qatar;1
PRIVADA;GUARULHOS SUL;GUARULHOS SUL;GUARULHOS;0;108261;NOSSA SENHORA DAS DORES COLEGIO;Japão;2
PRIVADA;GUARULHOS SUL;GUARULHOS SUL;GUARULHOS;0;122415;VITORELI COLEGIO;Bolívia;2
PRIVADA;GUARULHOS SUL;GUARULHOS SUL;GUARULHOS;0;125155;COLEGIO MARCONI  UNIDADE VILA AUGUSTA;Cuba;1
PRIVADA;GUARULHOS SUL;GUARULHOS SUL;GUARULHOS;0;125155;COLEGIO MARCONI  UNIDADE VILA AUGUSTA;Japão;1
PRIVADA;GUARULHOS SUL;GUARULHOS SUL;GUARULHOS;0;125179;SANTA RITA COLEGIO;Japão;2
PRIVADA;GUARULHOS SUL;GUARULHOS SUL;GUARULHOS;0;131945;GUILHERME DE ALMEIDA COLEGIO UNIDADE I;Bolívia;1
PRIVADA;GUARULHOS SUL;GUARULHOS SUL;GUARULHOS;0;131945;GUILHERME DE ALMEIDA COLEGIO UNIDADE I;Espanha;1
PRIVADA;GUARULHOS SUL;GUARULHOS SUL;GUARULHOS;0;131945;GUILHERME DE ALMEIDA COLEGIO UNIDADE I;Japão;1
PRIVADA;GUARULHOS SUL;GUARULHOS SUL;GUARULHOS;0;133115;T PARTHENON COLEGIO UNIDADE I;Emiratos Árabes Unidos;1
PRIVADA;GUARULHOS SUL;GUARULHOS SUL;GUARULHOS;0;133115;T PARTHENON COLEGIO UNIDADE I;Japão;2
PRIVADA;GUARULHOS SUL;GUARULHOS SUL;GUARULHOS;0;133942;GUARULHOS COLEGIO INTEGRADO;Portugal;2
PRIVADA;GUARULHOS SUL;GUARULHOS SUL;GUARULHOS;0;135586;NAHIM AHMAD COLEGIO;Japão;2
PRIVADA;GUARULHOS SUL;GUARULHOS SUL;GUARULHOS;0;137935;MARCONI CANTINHO DA ALEGRIA COLEGIO;Chile;1
PRIVADA;GUARULHOS SUL;GUARULHOS SUL;GUARULHOS;0;140132;PROGRESSO COLEGIO;Bolívia;2
PRIVADA;GUARULHOS SUL;GUARULHOS SUL;GUARULHOS;0;140132;PROGRESSO COLEGIO;Japão;1
PRIVADA;GUARULHOS SUL;GUARULHOS SUL;GUARULHOS;0;140806;CANADA COLEGIO;Colômbia;1
PRIVADA;GUARULHOS SUL;GUARULHOS SUL;GUARULHOS;0;140824;MARCONI COLEGIO;Bolívia;1
PRIVADA;GUARULHOS SUL;GUARULHOS SUL;GUARULHOS;0;140824;MARCONI COLEGIO;Estados Unidos da América;1
PRIVADA;GUARULHOS SUL;GUARULHOS SUL;GUARULHOS;0;140831;COLEGIO FARIAS GUARULHOS;Argentina;1
PRIVADA;GUARULHOS SUL;GUARULHOS SUL;GUARULHOS;0;142359;JULIO MESQUITA COLEGIO;Chile;1
PRIVADA;GUARULHOS SUL;GUARULHOS SUL;GUARULHOS;0;142359;JULIO MESQUITA COLEGIO;Estados Unidos da América;1
PRIVADA;GUARULHOS SUL;GUARULHOS SUL;GUARULHOS;0;152900;COLISEU COLEGIO;Bolívia;8
PRIVADA;GUARULHOS SUL;GUARULHOS SUL;GUARULHOS;0;152900;COLISEU COLEGIO;Qatar;1
PRIVADA;GUARULHOS SUL;GUARULHOS SUL;GUARULHOS;0;153801;MAHA DEI DE ESCOLA DESENVOLVIMENTO E EDUCACAO;Japão;1
PRIVADA;GUARULHOS SUL;GUARULHOS SUL;GUARULHOS;0;167496;O PEQUENO APRENDIZ ESCOLA DE EIEF;Bolívia;1
PRIVADA;GUARULHOS SUL;GUARULHOS SUL;GUARULHOS;0;174828;CLIP COLEGIO;Estados Unidos da América;1
PRIVADA;GUARULHOS SUL;GUARULHOS SUL;GUARULHOS;0;174828;CLIP COLEGIO;Portugal;1
PRIVADA;GUARULHOS SUL;GUARULHOS SUL;GUARULHOS;0;188840;COLEGIO BATISTA DE GUARULHOS;Japão;1
PRIVADA;GUARULHOS SUL;GUARULHOS SUL;GUARULHOS;0;188840;COLEGIO BATISTA DE GUARULHOS;Reino Unido da Grã-Bretanha e Irlanda do Norte;1
PRIVADA;GUARULHOS SUL;GUARULHOS SUL;GUARULHOS;0;188864;COLEGIO BONVENUTO;Espanha;1
PRIVADA;GUARULHOS SUL;GUARULHOS SUL;GUARULHOS;0;257503;STELLA MARIS SALUS INFIRMORUM ESC DE ENFERMAGEM DO HOSPITAL;Bolívia;2
PRIVADA;GUARULHOS SUL;GUARULHOS SUL;GUARULHOS;0;308833;EDUCAR COLEGIO;Argentina;1
PRIVADA;GUARULHOS SUL;GUARULHOS SUL;GUARULHOS;0;308833;EDUCAR COLEGIO;Bolívia;1
PRIVADA;GUARULHOS SUL;GUARULHOS SUL;GUARULHOS;0;422344;ANA MORAES ESCOLA;Venezuela;1
PRIVADA;GUARULHOS SUL;GUARULHOS SUL;GUARULHOS;0;442458;CAMINHO DO SABER COLEGIO;Bolívia;3
PRIVADA;GUARULHOS SUL;GUARULHOS SUL;GUARULHOS;0;442458;CAMINHO DO SABER COLEGIO;Japão;1
PRIVADA;GUARULHOS SUL;GUARULHOS SUL;GUARULHOS;0;442471;PAPIRO COLEGIO;Paraguai;1
PRIVADA;GUARULHOS SUL;GUARULHOS SUL;GUARULHOS;0;448497;RUIOS COLEGIO;Colômbia;1
PRIVADA;GUARULHOS SUL;GUARULHOS SUL;GUARULHOS;0;467741;NOVA PRANA COLEGIO INCLUSIVO;Japão;1
PRIVADA;GUARULHOS SUL;GUARULHOS SUL;GUARULHOS;0;481555;ENIAC COLEGIO;Austrália;1
PRIVADA;GUARULHOS SUL;GUARULHOS SUL;GUARULHOS;0;481555;ENIAC COLEGIO;Bolívia;1
PRIVADA;GUARULHOS SUL;GUARULHOS SUL;GUARULHOS;0;567760;BALUARTE COLEGIO;Bolívia;1
PRIVADA;GUARULHOS SUL;GUARULHOS SUL;GUARULHOS;0;583285;ESCOLA CANADENSE BOSQUE MAIA;Bolívia;1
PRIVADA;GUARULHOS SUL;GUARULHOS SUL;GUARULHOS;0;583285;ESCOLA CANADENSE BOSQUE MAIA;Ucrânia;1
PRIVADA;GUARULHOS SUL;GUARULHOS SUL;GUARULHOS;0;809559;UNICULTURA COLEGIO;Japão;1
PRIVADA;GUARULHOS SUL;GUARULHOS SUL;GUARULHOS;12;148726;SENAC GUARULHOS;Peru;1
PRIVADA;GUARULHOS SUL;GUARULHOS SUL;GUARULHOS;40;108182;ADVENTISTA DE GUARULHOS ESCOLA;Japão;1
PRIVADA;GUARULHOS SUL;GUARULHOS SUL;GUARULHOS;57;108224;ENIAC COLEGIO DE INFORMATICA;Japão;4
PRIVADA;ITAPECERICA DA SERRA;EMBU-GUACU;EMBU-GUACU;0;125349;ARCO IRIS EVOLUCAO COLEGIO;Japão;1
PRIVADA;ITAPECERICA DA SERRA;EMBU-GUACU;EMBU-GUACU;0;144770;REDE DECISAO  UNIDADE UNIAO;Argentina;1
PRIVADA;ITAPECERICA DA SERRA;EMBU-GUACU;EMBU-GUACU;0;144770;REDE DECISAO  UNIDADE UNIAO;Bolívia;1
PRIVADA;ITAPECERICA DA SERRA;EMBU-GUACU;EMBU-GUACU;0;144770;REDE DECISAO  UNIDADE UNIAO;Cuba;1
PRIVADA;ITAPECERICA DA SERRA;EMBU-GUACU;EMBU-GUACU;0;466232;JOAO PAULO II ESCOLA;Chile;1
PRIVADA;ITAPECERICA DA SERRA;EMBU-GUACU;EMBU-GUACU;40;132688;RECANTO BETANIA CENTRO EDUCACIONAL;Japão;1
PRIVADA;ITAPECERICA DA SERRA;ITAPECERICA DA SERRA;ITAPECERICA DA SERRA;0;137716;8 DE MAIO COLEGIO;Japão;1
PRIVADA;ITAPECERICA DA SERRA;ITAPECERICA DA SERRA;ITAPECERICA DA SERRA;0;150344;ADVENTISTA DE ITAPECERICA DA SERRA COLEGIO;Bolívia;1
PRIVADA;ITAPECERICA DA SERRA;ITAPECERICA DA SERRA;ITAPECERICA DA SERRA;0;150344;ADVENTISTA DE ITAPECERICA DA SERRA COLEGIO;Espanha;2
PRIVADA;ITAPECERICA DA SERRA;ITAPECERICA DA SERRA;ITAPECERICA DA SERRA;0;150344;ADVENTISTA DE ITAPECERICA DA SERRA COLEGIO;Japão;1
PRIVADA;ITAPECERICA DA SERRA;JUQUITIBA;JUQUITIBA;0;164677;SEMENTE DO AMANHA CENTRO EDUCATIVO;China;1
PRIVADA;ITAPETININGA;ITAPETININGA;ITAPETININGA;0;111569;IMACULADA CONCEICAO INSTITUTO;Estados Unidos da América;1
PRIVADA;ITAPETININGA;ITAPETININGA;ITAPETININGA;0;125696;ALPIS VEREDAS COLEGIO;Japão;1
PRIVADA;ITAPETININGA;ITAPETININGA;ITAPETININGA;0;134272;SANTA MARIA COLEGIO;Argentina;1
PRIVADA;ITAPETININGA;ITAPETININGA;ITAPETININGA;0;140703;QUINTAL SISTEMA EDUCACIONAL;Argentina;1
PRIVADA;ITAPETININGA;ITAPETININGA;ITAPETININGA;0;159141;ITAPETININGA SISTEMA EDUCACIONAL DE ENSINO DE;Bolívia;1
PRIVADA;ITAPETININGA;ITAPETININGA;ITAPETININGA;0;382619;SAO DOMINGOS SAVIO COLEGIO;Japão;2
PRIVADA;ITAPETININGA;ITAPETININGA;ITAPETININGA;0;432210;ITAPETININGA INSTITUTO UNIVERSITARIO DE;Japão;1
PRIVADA;ITAPETININGA;ITAPETININGA;ITAPETININGA;0;800077;DOM BOSCO DE ITAPETININGA COLEGIO;Japão;1
PRIVADA;ITAPETININGA;ITAPETININGA;ITAPETININGA;12;149020;SENAC ITAPETININGA;Japão;1
PRIVADA;ITAPETININGA;PARANAPANEMA;PARANAPANEMA;0;288100;CAMPOS DE HOLAMBRA ESCOLA COOPERATIVA DE EDUCACAO BASICA;Japão;1
PRIVADA;ITAPETININGA;PARANAPANEMA;PARANAPANEMA;0;288100;CAMPOS DE HOLAMBRA ESCOLA COOPERATIVA DE EDUCACAO BASICA;Países Baixos (Holanda);7
PRIVADA;ITAPETININGA;TATUI;TATUI;0;367990;OBJETIVO COLEGIO UNIDADE TATUI;Bolívia;1
PRIVADA;ITAPETININGA;TATUI;TATUI;0;367990;OBJETIVO COLEGIO UNIDADE TATUI;Itália;1
PRIVADA;ITAPEVA;CAPAO BONITO;CAPAO BONITO;0;144927;SACRE COEUR DES ENFANTS COLEGIO ANGLO;Líbano;1
PRIVADA;ITAPEVA;CAPAO BONITO;CAPAO BONITO;0;167988;POLITECNICO EDUCACIONAL INSTITUTO;Cuba;2
PRIVADA;ITAPEVA;ITAPEVA;ITAPEVA;0;135744;MONTEIRO LOBATO COLEGIO;Japão;2
PRIVADA;ITAPEVA;ITAPEVA;ITAPEVA;0;144617;COLEGIO LEME;Japão;1
PRIVADA;ITAPEVA;ITAPEVA;ITAPEVA;0;172522;METODISTA COLEGIO UNIDADE III;Japão;1
PRIVADA;ITAPEVA;ITAPEVA;ITAPEVA;0;175031;ITAPEVA INSTITUTO EDUCACIONAL EEB;Bolívia;1
PRIVADA;ITAPEVA;ITAPEVA;ITAPEVA;0;175031;ITAPEVA INSTITUTO EDUCACIONAL EEB;Venezuela;1
PRIVADA;ITAPEVA;ITAPEVA;ITAPEVA;40;187021;LAR DO AMOR CRECHE;Bolívia;1
PRIVADA;ITAPEVA;ITAPEVA;ITAPEVA;40;187021;LAR DO AMOR CRECHE;Venezuela;1
PRIVADA;ITAPEVA;ITAPEVA;ITAPEVA;44;4643;ASSOCIACAO AMIGOS DO PROJETO GURI;Portugal;1
PRIVADA;ITAPEVA;ITAPEVA;ITAPEVA;44;370344;RECANTO DA CRIANCA E ADOLESCENTE DA PAROQUIA SANTANNA RECRIA;Venezuela;1
PRIVADA;ITAPEVI;BARUERI;BARUERI;0;5707;ESCOLA DE EDUCACAO INFANTIL DOCE MAGIA;Argentina;1
PRIVADA;ITAPEVI;BARUERI;BARUERI;0;138009;CHALUPE COLEGIO;Peru;1
PRIVADA;ITAPEVI;BARUERI;BARUERI;0;138009;CHALUPE COLEGIO;Uruguai;1
PRIVADA;ITAPEVI;BARUERI;BARUERI;0;175614;INTERNACIONAL DE ALPHAVILLE ESCOLA;Alemanha;2
PRIVADA;ITAPEVI;BARUERI;BARUERI;0;175614;INTERNACIONAL DE ALPHAVILLE ESCOLA;Argentina;7
PRIVADA;ITAPEVI;BARUERI;BARUERI;0;175614;INTERNACIONAL DE ALPHAVILLE ESCOLA;Chile;6
PRIVADA;ITAPEVI;BARUERI;BARUERI;0;175614;INTERNACIONAL DE ALPHAVILLE ESCOLA;China;1
PRIVADA;ITAPEVI;BARUERI;BARUERI;0;175614;INTERNACIONAL DE ALPHAVILLE ESCOLA;Colômbia;2
PRIVADA;ITAPEVI;BARUERI;BARUERI;0;175614;INTERNACIONAL DE ALPHAVILLE ESCOLA;Espanha;1
PRIVADA;ITAPEVI;BARUERI;BARUERI;0;175614;INTERNACIONAL DE ALPHAVILLE ESCOLA;Índia;4
PRIVADA;ITAPEVI;BARUERI;BARUERI;0;175614;INTERNACIONAL DE ALPHAVILLE ESCOLA;México;9
PRIVADA;ITAPEVI;BARUERI;BARUERI;0;175614;INTERNACIONAL DE ALPHAVILLE ESCOLA;Peru;2
PRIVADA;ITAPEVI;BARUERI;BARUERI;0;175614;INTERNACIONAL DE ALPHAVILLE ESCOLA;Portugal;4
PRIVADA;ITAPEVI;BARUERI;BARUERI;0;175614;INTERNACIONAL DE ALPHAVILLE ESCOLA;Turquia;2
PRIVADA;ITAPEVI;BARUERI;BARUERI;0;175614;INTERNACIONAL DE ALPHAVILLE ESCOLA;Venezuela;1
PRIVADA;ITAPEVI;BARUERI;BARUERI;0;195005;COLEGIO ANGLO LEONARDO DA VINCI;Espanha;2
PRIVADA;ITAPEVI;BARUERI;BARUERI;0;195005;COLEGIO ANGLO LEONARDO DA VINCI;Estados Unidos da América;1
PRIVADA;ITAPEVI;BARUERI;BARUERI;0;195005;COLEGIO ANGLO LEONARDO DA VINCI;Portugal;1
PRIVADA;ITAPEVI;BARUERI;BARUERI;0;259743;ESCOLA JARDINS;Haiti;2
PRIVADA;ITAPEVI;BARUERI;BARUERI;0;291055;MACUNAIMA TEATRO ESCOLA;Chile;2
PRIVADA;ITAPEVI;BARUERI;BARUERI;0;291055;MACUNAIMA TEATRO ESCOLA;Itália;1
PRIVADA;ITAPEVI;BARUERI;BARUERI;0;291523;KIDS PLACE EDUCACAO INFANTIL;Colômbia;1
PRIVADA;ITAPEVI;BARUERI;BARUERI;0;291523;KIDS PLACE EDUCACAO INFANTIL;Estados Unidos da América;2
PRIVADA;ITAPEVI;BARUERI;BARUERI;0;326343;ANGLO ALDEIA DA SERRA;Argentina;1
PRIVADA;ITAPEVI;BARUERI;BARUERI;0;326343;ANGLO ALDEIA DA SERRA;Cuba;1
PRIVADA;ITAPEVI;BARUERI;BARUERI;40;135227;MACKENZIE TAMBORE COLEGIO PRESBITERIANO;Argentina;2
PRIVADA;ITAPEVI;BARUERI;BARUERI;40;135227;MACKENZIE TAMBORE COLEGIO PRESBITERIANO;Áustria;1
PRIVADA;ITAPEVI;BARUERI;BARUERI;40;135227;MACKENZIE TAMBORE COLEGIO PRESBITERIANO;China;2
PRIVADA;ITAPEVI;BARUERI;BARUERI;40;135227;MACKENZIE TAMBORE COLEGIO PRESBITERIANO;Espanha;2
PRIVADA;ITAPEVI;BARUERI;BARUERI;40;135227;MACKENZIE TAMBORE COLEGIO PRESBITERIANO;Estados Unidos da América;6
PRIVADA;ITAPEVI;BARUERI;BARUERI;40;135227;MACKENZIE TAMBORE COLEGIO PRESBITERIANO;Guatemala;2
PRIVADA;ITAPEVI;BARUERI;BARUERI;40;135227;MACKENZIE TAMBORE COLEGIO PRESBITERIANO;México;6
PRIVADA;ITAPEVI;BARUERI;BARUERI;40;135227;MACKENZIE TAMBORE COLEGIO PRESBITERIANO;Paraguai;1
PRIVADA;ITAPEVI;BARUERI;BARUERI;40;135227;MACKENZIE TAMBORE COLEGIO PRESBITERIANO;Peru;3
PRIVADA;ITAPEVI;BARUERI;BARUERI;40;135227;MACKENZIE TAMBORE COLEGIO PRESBITERIANO;Portugal;9
PRIVADA;ITAPEVI;BARUERI;BARUERI;40;135227;MACKENZIE TAMBORE COLEGIO PRESBITERIANO;Suécia;1
PRIVADA;ITAPEVI;BARUERI;BARUERI;40;135227;MACKENZIE TAMBORE COLEGIO PRESBITERIANO;Venezuela;5
PRIVADA;ITAPEVI;ITAPEVI;ITAPEVI;0;143029;BATISTA DE ITAPEVI ESCOLA;Espanha;1
PRIVADA;ITAPEVI;ITAPEVI;ITAPEVI;0;810575;NOVA GERACAO COLEGIO;Bolívia;1
PRIVADA;ITAPEVI;JANDIRA;JANDIRA;0;6302;CENTRO DE EDUCACAO INFANTIL GERACAO ALFA;Rússia;1
PRIVADA;ITAPEVI;JANDIRA;JANDIRA;0;126895;ELYTE INSTITUTO EDUCACIONAL;Austrália;1
PRIVADA;ITAPEVI;JANDIRA;JANDIRA;40;179673;SANTANA CENTRO COMUNITARIO DE EDUCACAO INFANTIL;Haiti;1
PRIVADA;ITAPEVI;JANDIRA;JANDIRA;40;179759;NOSSA SENHORA DE FATIMA CENTRO COMUNITARIO DE ED INFANTIL;Cuba;1
PRIVADA;ITAPEVI;JANDIRA;JANDIRA;40;291237;ASSOCIACAO DE PROTECAO A MATER E INFANCIA DE JANDIRA APAMI;China;1
PRIVADA;ITAPEVI;JANDIRA;JANDIRA;40;291237;ASSOCIACAO DE PROTECAO A MATER E INFANCIA DE JANDIRA APAMI;Cuba;1
PRIVADA;ITAPEVI;SANTANA DE PARNAIBA;SANTANA DE PARNAIBA;0;5959;COLEGIO ANGLO LEONARDO DA VINCI UNIDADE II;Austrália;1
PRIVADA;ITAPEVI;SANTANA DE PARNAIBA;SANTANA DE PARNAIBA;0;5959;COLEGIO ANGLO LEONARDO DA VINCI UNIDADE II;Espanha;1
PRIVADA;ITAPEVI;SANTANA DE PARNAIBA;SANTANA DE PARNAIBA;0;5959;COLEGIO ANGLO LEONARDO DA VINCI UNIDADE II;Países Baixos (Holanda);1
PRIVADA;ITAPEVI;SANTANA DE PARNAIBA;SANTANA DE PARNAIBA;0;5959;COLEGIO ANGLO LEONARDO DA VINCI UNIDADE II;Portugal;1
PRIVADA;ITAPEVI;SANTANA DE PARNAIBA;SANTANA DE PARNAIBA;0;5959;COLEGIO ANGLO LEONARDO DA VINCI UNIDADE II;Reino Unido da Grã-Bretanha e Irlanda do Norte;1
PRIVADA;ITAPEVI;SANTANA DE PARNAIBA;SANTANA DE PARNAIBA;0;121721;MORUMBI DE ALPHAVILLE ESCOLA DE ENSINO FUNDAMENTAL;China;1
PRIVADA;ITAPEVI;SANTANA DE PARNAIBA;SANTANA DE PARNAIBA;0;121721;MORUMBI DE ALPHAVILLE ESCOLA DE ENSINO FUNDAMENTAL;Estados Unidos da América;2
PRIVADA;ITAPEVI;SANTANA DE PARNAIBA;SANTANA DE PARNAIBA;0;121721;MORUMBI DE ALPHAVILLE ESCOLA DE ENSINO FUNDAMENTAL;Irlanda;1
PRIVADA;ITAPEVI;SANTANA DE PARNAIBA;SANTANA DE PARNAIBA;0;121721;MORUMBI DE ALPHAVILLE ESCOLA DE ENSINO FUNDAMENTAL;Portugal;4
PRIVADA;ITAPEVI;SANTANA DE PARNAIBA;SANTANA DE PARNAIBA;0;140089;FERNAO GAIVOTA ESCOLA DE ENS FUNDAMENTAL MEDIO E ED INFANTIL;Argentina;3
PRIVADA;ITAPEVI;SANTANA DE PARNAIBA;SANTANA DE PARNAIBA;0;140089;FERNAO GAIVOTA ESCOLA DE ENS FUNDAMENTAL MEDIO E ED INFANTIL;Irlanda;1
PRIVADA;ITAPEVI;SANTANA DE PARNAIBA;SANTANA DE PARNAIBA;0;140089;FERNAO GAIVOTA ESCOLA DE ENS FUNDAMENTAL MEDIO E ED INFANTIL;Paraguai;3
PRIVADA;ITAPEVI;SANTANA DE PARNAIBA;SANTANA DE PARNAIBA;0;140089;FERNAO GAIVOTA ESCOLA DE ENS FUNDAMENTAL MEDIO E ED INFANTIL;Venezuela;1
PRIVADA;ITAPEVI;SANTANA DE PARNAIBA;SANTANA DE PARNAIBA;0;141367;OBJETIVO COLEGIO UNIDADE ALPHAVILLE;Argentina;1
PRIVADA;ITAPEVI;SANTANA DE PARNAIBA;SANTANA DE PARNAIBA;0;141367;OBJETIVO COLEGIO UNIDADE ALPHAVILLE;Bolívia;1
PRIVADA;ITAPEVI;SANTANA DE PARNAIBA;SANTANA DE PARNAIBA;0;141367;OBJETIVO COLEGIO UNIDADE ALPHAVILLE;Canadá;1
PRIVADA;ITAPEVI;SANTANA DE PARNAIBA;SANTANA DE PARNAIBA;0;141367;OBJETIVO COLEGIO UNIDADE ALPHAVILLE;China;1
PRIVADA;ITAPEVI;SANTANA DE PARNAIBA;SANTANA DE PARNAIBA;0;141367;OBJETIVO COLEGIO UNIDADE ALPHAVILLE;Itália;1
PRIVADA;ITAPEVI;SANTANA DE PARNAIBA;SANTANA DE PARNAIBA;0;141367;OBJETIVO COLEGIO UNIDADE ALPHAVILLE;México;1
PRIVADA;ITAPEVI;SANTANA DE PARNAIBA;SANTANA DE PARNAIBA;0;141367;OBJETIVO COLEGIO UNIDADE ALPHAVILLE;Portugal;1
PRIVADA;ITAPEVI;SANTANA DE PARNAIBA;SANTANA DE PARNAIBA;0;141367;OBJETIVO COLEGIO UNIDADE ALPHAVILLE;Venezuela;1
PRIVADA;ITAPEVI;SANTANA DE PARNAIBA;SANTANA DE PARNAIBA;0;153163;PENTAGONO COLEGIO UNIDADE ALPHAVILLE;Argentina;2
PRIVADA;ITAPEVI;SANTANA DE PARNAIBA;SANTANA DE PARNAIBA;0;153163;PENTAGONO COLEGIO UNIDADE ALPHAVILLE;Chile;1
PRIVADA;ITAPEVI;SANTANA DE PARNAIBA;SANTANA DE PARNAIBA;0;153163;PENTAGONO COLEGIO UNIDADE ALPHAVILLE;Colômbia;2
PRIVADA;ITAPEVI;SANTANA DE PARNAIBA;SANTANA DE PARNAIBA;0;153163;PENTAGONO COLEGIO UNIDADE ALPHAVILLE;Espanha;1
PRIVADA;ITAPEVI;SANTANA DE PARNAIBA;SANTANA DE PARNAIBA;0;153163;PENTAGONO COLEGIO UNIDADE ALPHAVILLE;Estados Unidos da América;2
PRIVADA;ITAPEVI;SANTANA DE PARNAIBA;SANTANA DE PARNAIBA;0;153163;PENTAGONO COLEGIO UNIDADE ALPHAVILLE;Paraguai;1
PRIVADA;ITAPEVI;SANTANA DE PARNAIBA;SANTANA DE PARNAIBA;0;153163;PENTAGONO COLEGIO UNIDADE ALPHAVILLE;Portugal;1
PRIVADA;ITAPEVI;SANTANA DE PARNAIBA;SANTANA DE PARNAIBA;0;168658;TIP TOE ALPHAVILLES MONTESSORI SCHOOL;Argentina;4
PRIVADA;ITAPEVI;SANTANA DE PARNAIBA;SANTANA DE PARNAIBA;0;168658;TIP TOE ALPHAVILLES MONTESSORI SCHOOL;Colômbia;2
PRIVADA;ITAPEVI;SANTANA DE PARNAIBA;SANTANA DE PARNAIBA;0;168658;TIP TOE ALPHAVILLES MONTESSORI SCHOOL;Coreia do Sul;1
PRIVADA;ITAPEVI;SANTANA DE PARNAIBA;SANTANA DE PARNAIBA;0;168658;TIP TOE ALPHAVILLES MONTESSORI SCHOOL;Croácia;1
PRIVADA;ITAPEVI;SANTANA DE PARNAIBA;SANTANA DE PARNAIBA;0;168658;TIP TOE ALPHAVILLES MONTESSORI SCHOOL;Estados Unidos da América;3
PRIVADA;ITAPEVI;SANTANA DE PARNAIBA;SANTANA DE PARNAIBA;0;168658;TIP TOE ALPHAVILLES MONTESSORI SCHOOL;França;2
PRIVADA;ITAPEVI;SANTANA DE PARNAIBA;SANTANA DE PARNAIBA;0;168658;TIP TOE ALPHAVILLES MONTESSORI SCHOOL;México;2
PRIVADA;ITAPEVI;SANTANA DE PARNAIBA;SANTANA DE PARNAIBA;0;317056;PRIMEIRO PASSO ESCOLA;Chile;1
PRIVADA;ITAPEVI;SANTANA DE PARNAIBA;SANTANA DE PARNAIBA;0;369226;CASTANHEIRAS ESCOLA;Argentina;6
PRIVADA;ITAPEVI;SANTANA DE PARNAIBA;SANTANA DE PARNAIBA;0;369226;CASTANHEIRAS ESCOLA;Estados Unidos da América;1
PRIVADA;ITAPEVI;SANTANA DE PARNAIBA;SANTANA DE PARNAIBA;0;369226;CASTANHEIRAS ESCOLA;Portugal;3
PRIVADA;ITAPEVI;SANTANA DE PARNAIBA;SANTANA DE PARNAIBA;0;440863;VILA ALPHA COLEGIO;Espanha;1
PRIVADA;ITAPEVI;SANTANA DE PARNAIBA;SANTANA DE PARNAIBA;0;440863;VILA ALPHA COLEGIO;Ucrânia;1
PRIVADA;ITAPEVI;SANTANA DE PARNAIBA;SANTANA DE PARNAIBA;0;461507;URSINHO BRANCO ESCOLA;Argentina;2
PRIVADA;ITAPEVI;SANTANA DE PARNAIBA;SANTANA DE PARNAIBA;0;461507;URSINHO BRANCO ESCOLA;Coreia do Sul;1
PRIVADA;ITAPEVI;SANTANA DE PARNAIBA;SANTANA DE PARNAIBA;0;576761;ESCOLA DE EDUCACAO INFANTIL ARAPOTI;Espanha;1
PRIVADA;ITAPEVI;SANTANA DE PARNAIBA;SANTANA DE PARNAIBA;0;576761;ESCOLA DE EDUCACAO INFANTIL ARAPOTI;Estados Unidos da América;1
PRIVADA;ITAPEVI;SANTANA DE PARNAIBA;SANTANA DE PARNAIBA;0;587254;ST NICHOLAS ALPHAVILLE ESCOLA ANGLO BRASILEIRA;Argentina;8
PRIVADA;ITAPEVI;SANTANA DE PARNAIBA;SANTANA DE PARNAIBA;0;587254;ST NICHOLAS ALPHAVILLE ESCOLA ANGLO BRASILEIRA;Chile;3
PRIVADA;ITAPEVI;SANTANA DE PARNAIBA;SANTANA DE PARNAIBA;0;587254;ST NICHOLAS ALPHAVILLE ESCOLA ANGLO BRASILEIRA;Colômbia;2
PRIVADA;ITAPEVI;SANTANA DE PARNAIBA;SANTANA DE PARNAIBA;0;587254;ST NICHOLAS ALPHAVILLE ESCOLA ANGLO BRASILEIRA;Coreia do Sul;2
PRIVADA;ITAPEVI;SANTANA DE PARNAIBA;SANTANA DE PARNAIBA;0;587254;ST NICHOLAS ALPHAVILLE ESCOLA ANGLO BRASILEIRA;Costa Rica;4
PRIVADA;ITAPEVI;SANTANA DE PARNAIBA;SANTANA DE PARNAIBA;0;587254;ST NICHOLAS ALPHAVILLE ESCOLA ANGLO BRASILEIRA;Espanha;2
PRIVADA;ITAPEVI;SANTANA DE PARNAIBA;SANTANA DE PARNAIBA;0;587254;ST NICHOLAS ALPHAVILLE ESCOLA ANGLO BRASILEIRA;Estados Unidos da América;5
PRIVADA;ITAPEVI;SANTANA DE PARNAIBA;SANTANA DE PARNAIBA;0;587254;ST NICHOLAS ALPHAVILLE ESCOLA ANGLO BRASILEIRA;França;4
PRIVADA;ITAPEVI;SANTANA DE PARNAIBA;SANTANA DE PARNAIBA;0;587254;ST NICHOLAS ALPHAVILLE ESCOLA ANGLO BRASILEIRA;Índia;7
PRIVADA;ITAPEVI;SANTANA DE PARNAIBA;SANTANA DE PARNAIBA;0;587254;ST NICHOLAS ALPHAVILLE ESCOLA ANGLO BRASILEIRA;Israel;1
PRIVADA;ITAPEVI;SANTANA DE PARNAIBA;SANTANA DE PARNAIBA;0;587254;ST NICHOLAS ALPHAVILLE ESCOLA ANGLO BRASILEIRA;Itália;4
PRIVADA;ITAPEVI;SANTANA DE PARNAIBA;SANTANA DE PARNAIBA;0;587254;ST NICHOLAS ALPHAVILLE ESCOLA ANGLO BRASILEIRA;México;1
PRIVADA;ITAPEVI;SANTANA DE PARNAIBA;SANTANA DE PARNAIBA;48;6957;ESCOLA DE EDUCACAO INFANTIL ESPACO KANDO  BERCARIO E ECOLA DE EDUCACAO INFANTIL;Países Baixos (Holanda);1
PRIVADA;ITAQUAQUECETUBA;ITAQUAQUECETUBA;ITAQUAQUECETUBA;0;7430;CRECHE SUBVENCIONADA MARIA ADERITE DE ARAUJO;Colômbia;1
PRIVADA;ITAQUAQUECETUBA;ITAQUAQUECETUBA;ITAQUAQUECETUBA;0;149238;PAULISTA COLEGIO TECNICO;Bolívia;1
PRIVADA;ITAQUAQUECETUBA;ITAQUAQUECETUBA;ITAQUAQUECETUBA;0;150289;ITAQUA COLEGIO;Bolívia;3
PRIVADA;ITAQUAQUECETUBA;ITAQUAQUECETUBA;ITAQUAQUECETUBA;0;150289;ITAQUA COLEGIO;Qatar;1
PRIVADA;ITAQUAQUECETUBA;ITAQUAQUECETUBA;ITAQUAQUECETUBA;0;169328;DOM BOSCO COLEGIO;Arménia;1
PRIVADA;ITAQUAQUECETUBA;ITAQUAQUECETUBA;ITAQUAQUECETUBA;0;172856;APOLLO COLEGIO;Bolívia;1
PRIVADA;ITAQUAQUECETUBA;ITAQUAQUECETUBA;ITAQUAQUECETUBA;0;172856;APOLLO COLEGIO;China;1
PRIVADA;ITAQUAQUECETUBA;ITAQUAQUECETUBA;ITAQUAQUECETUBA;0;805048;ATHENEU COLEGIO;Bolívia;1
PRIVADA;ITAQUAQUECETUBA;ITAQUAQUECETUBA;ITAQUAQUECETUBA;48;6641;CRECHE SUBVENCIONADA SCAFFID;Bolívia;3
PRIVADA;ITAQUAQUECETUBA;ITAQUAQUECETUBA;ITAQUAQUECETUBA;48;336750;MARIO MARIA DUARTE PASTOR CRECHE COMUNITARIA;Bolívia;1
PRIVADA;ITAQUAQUECETUBA;ITAQUAQUECETUBA;ITAQUAQUECETUBA;48;376826;CARMEM DIAS DE LIMA DONA CRECHE COMUNITARIA;Bolívia;1
PRIVADA;ITAQUAQUECETUBA;ITAQUAQUECETUBA;ITAQUAQUECETUBA;48;392893;ELYDIA BERTAIOLLI DUARTE DONA CRECHE COMUNITARIA;Argentina;1
PRIVADA;ITAQUAQUECETUBA;ITAQUAQUECETUBA;ITAQUAQUECETUBA;48;392893;ELYDIA BERTAIOLLI DUARTE DONA CRECHE COMUNITARIA;Bolívia;1
PRIVADA;ITAQUAQUECETUBA;ITAQUAQUECETUBA;ITAQUAQUECETUBA;48;431187;NELSON FERREIRA SEIXEIRO CRECHE COMUNITARIA;Bolívia;1
PRIVADA;ITAQUAQUECETUBA;ITAQUAQUECETUBA;ITAQUAQUECETUBA;48;445599;ANTONIO PAULINO SOBRINHO CRECHE COMUNITARIA;Bolívia;1
PRIVADA;ITAQUAQUECETUBA;ITAQUAQUECETUBA;ITAQUAQUECETUBA;48;474563;MIGUEL ALVES PEREIRA CRECHE COMUNITARIA;Venezuela;1
PRIVADA;ITAQUAQUECETUBA;POA;POA;0;122956;COOPERATIVISTA DE POA COLEGIO;China;1
PRIVADA;ITAQUAQUECETUBA;POA;POA;0;151919;ARCANJO MICAEL WALDORF ESCOLA;Nova Zelândia (Aotearoa);1
PRIVADA;ITAQUAQUECETUBA;POA;POA;0;175493;DELIBERATO CENTRO EDUCACIONAL;China;1
PRIVADA;ITAQUAQUECETUBA;POA;POA;0;445952;MORANGUINHO CENTRO DE RECREACO INFANTIL;Japão;1
PRIVADA;ITAQUAQUECETUBA;POA;POA;0;475956;SANTA LUZIA COLEGIO TECNICO;Equador;1
PRIVADA;ITAQUAQUECETUBA;POA;POA;40;123985;REINO DA GAROTADA DE POA;Venezuela;1
PRIVADA;ITARARE;ITAPORANGA;ITAPORANGA;0;119933;ASSOCIACAO DE ENSINO ITAPORANGA;Japão;2
PRIVADA;ITARARE;ITARARE;ITARARE;0;6583;COLEGIO ANDALU;Japão;1
PRIVADA;ITU;BOITUVA;BOITUVA;0;4907;ESCOLA DE EDUCACAO INFANTIL E FUNDAMENTAL GIORDANO;Itália;1
PRIVADA;ITU;BOITUVA;BOITUVA;0;128659;ANGLO DE BOITUVA E FUNDAMENTAL E MEDIO COLEGIO;Espanha;1
PRIVADA;ITU;BOITUVA;BOITUVA;0;140727;VECTOR COLEGIO DE ENSINO DE 1 GRAU;Japão;1
PRIVADA;ITU;BOITUVA;BOITUVA;0;160271;TERRA MATER COLEGIO;Coreia do Sul;2
PRIVADA;ITU;BOITUVA;BOITUVA;0;563729;COLEGIO PORTINARI;Irlanda;1
PRIVADA;ITU;BOITUVA;BOITUVA;0;802098;PERES GUIMARAES COLEGIO;Canadá;1
PRIVADA;ITU;BOITUVA;BOITUVA;14;112012;SESI 332 CENTRO EDUCACIONAL;Japão;1
PRIVADA;ITU;ITU;ITU;0;111648;COLEGIO MERE MARIE THEODORE VOIRON;China;1
PRIVADA;ITU;ITU;ITU;0;143170;MONTEIRO LOBATO COLEGIO INTEGRADO;Japão;1
PRIVADA;ITU;ITU;ITU;0;143352;CIDADE DE ITU COLEGIO;Estados Unidos da América;1
PRIVADA;ITU;ITU;ITU;0;156164;VAGALUME ESCOLA DE EDUCACAO INFANTIL;Portugal;1
PRIVADA;ITU;ITU;ITU;0;172959;DIVINO SALVADOR COLEGIO ITU;Estados Unidos da América;1
PRIVADA;ITU;ITU;ITU;0;172959;DIVINO SALVADOR COLEGIO ITU;México;2
PRIVADA;ITU;ITU;ITU;0;172959;DIVINO SALVADOR COLEGIO ITU;Portugal;1
PRIVADA;ITU;ITU;ITU;0;301197;FORTE CASTELO PUERI DOMUS COLEGIO;Austrália;1
PRIVADA;ITU;ITU;ITU;0;457334;BRANTA DE EDUCACAO INSTITTUTO;Alemanha;1
PRIVADA;ITU;ITU;ITU;0;457334;BRANTA DE EDUCACAO INSTITTUTO;Coreia do Sul;3
PRIVADA;ITU;ITU;ITU;0;457334;BRANTA DE EDUCACAO INSTITTUTO;Japão;1
PRIVADA;ITU;ITU;ITU;0;457334;BRANTA DE EDUCACAO INSTITTUTO;México;3
PRIVADA;ITU;ITU;ITU;0;463036;RABISCO ESCOLA DE EDUCACAO INFANTIL;Argentina;1
PRIVADA;ITU;ITU;ITU;0;802086;ALMEIDA JUNIOR INSTITUTO DE EDUCACAO;Estados Unidos da América;1
PRIVADA;ITU;ITU;ITU;14;111636;SESI 031 CENTRO EDUCACIONAL;Estados Unidos da América;1
PRIVADA;ITU;PORTO FELIZ;PORTO FELIZ;0;371117;FELIPE MANOEL DE CAMPOS REV PROF COLEGIO PRESBITERIANO;Japão;1
PRIVADA;ITU;PORTO FELIZ;PORTO FELIZ;40;124357;ADVENTISTA DE PRIMEIRO GRAU DE PORTO FELIZ ESCOLA;Japão;1
PRIVADA;ITU;SALTO;SALTO;0;123675;PRUDENTE DE MORAES COLEGIO;Argentina;1
PRIVADA;ITU;SALTO;SALTO;0;123675;PRUDENTE DE MORAES COLEGIO;Bélgica;1
PRIVADA;ITU;SALTO;SALTO;0;123675;PRUDENTE DE MORAES COLEGIO;Bolívia;1
PRIVADA;ITU;SALTO;SALTO;0;123675;PRUDENTE DE MORAES COLEGIO;Japão;1
PRIVADA;ITU;SALTO;SALTO;0;165273;TOM E JERRY ESCOLA EDUCACAO INFANTIL E ENSINO FUNDAMENTAL;China;1
PRIVADA;ITU;SALTO;SALTO;0;583674;COLEGIO ANGLO CIDADE DE SALTO;Alemanha;1
PRIVADA;ITU;SALTO;SALTO;0;583674;COLEGIO ANGLO CIDADE DE SALTO;França;2
PRIVADA;ITU;SALTO;SALTO;0;583674;COLEGIO ANGLO CIDADE DE SALTO;Venezuela;1
PRIVADA;ITU;SALTO;SALTO;1;145269;MENINO JESUS ESCOLA DE EDUCACAO ESPECIAL;Venezuela;1
PRIVADA;ITU;TIETE;TIETE;0;161469;ABSOLUTO COLEGIO;Japão;2
PRIVADA;JABOTICABAL;BEBEDOURO;BEBEDOURO;0;6013;COLEGIO DOM MAGICO;Japão;2
PRIVADA;JABOTICABAL;BEBEDOURO;BEBEDOURO;0;141100;ESPACO LIVRE ESCOLA DE ED INFANTIL ENS FUNDAMENTAL ENS MEDIO;Estados Unidos da América;1
PRIVADA;JABOTICABAL;BEBEDOURO;BEBEDOURO;0;142924;PAIDEIA ESCOLA DE EDUCACAO INFANTIL E ENSINO FUNDAMENTAL;Itália;1
PRIVADA;JABOTICABAL;BEBEDOURO;BEBEDOURO;0;160829;CONVIVIO ESCOLA DE ENSINO FUNDAMENTAL;Colômbia;1
PRIVADA;JABOTICABAL;BEBEDOURO;BEBEDOURO;0;160829;CONVIVIO ESCOLA DE ENSINO FUNDAMENTAL;Egipto;1
PRIVADA;JABOTICABAL;BEBEDOURO;BEBEDOURO;0;419849;DELTA COLEGIO E CURSO;Japão;1
PRIVADA;JABOTICABAL;BEBEDOURO;BEBEDOURO;40;114327;ANJO DA GUARDA COLEGIO;Portugal;2
PRIVADA;JABOTICABAL;JABOTICABAL;JABOTICABAL;0;172935;MARIA COLEGIO;Japão;2
PRIVADA;JABOTICABAL;JABOTICABAL;JABOTICABAL;0;301224;COC CARDIOFISICO;Estados Unidos da América;2
PRIVADA;JABOTICABAL;JABOTICABAL;JABOTICABAL;40;189613;NOSSA SENHORA APARECIDA CENTRO VICENTINO EDUCACAO RECREACAO;Venezuela;2
PRIVADA;JABOTICABAL;MONTE ALTO;MONTE ALTO;0;433342;VISAO COLEGIO;Japão;1
PRIVADA;JACAREI;ARUJA;ARUJA;0;144150;SION COLEGIO;Venezuela;1
PRIVADA;JACAREI;ARUJA;ARUJA;0;151920;ALPHA COLEGIO EIFM;França;2
PRIVADA;JACAREI;ARUJA;ARUJA;0;161950;IPE COLEGIO;Venezuela;2
PRIVADA;JACAREI;ARUJA;ARUJA;0;811038;ARUJA INSTITUTO DE ENSINO;Portugal;1
PRIVADA;JACAREI;GUARAREMA;GUARAREMA;0;176072;VIRTUDE COLEGIO;Argentina;1
PRIVADA;JACAREI;GUARAREMA;GUARAREMA;0;176072;VIRTUDE COLEGIO;Japão;1
PRIVADA;JACAREI;JACAREI;JACAREI;0;110899;THEREZA PORTO MARQUES INSTITUTO DE EDUCACAO;China;2
PRIVADA;JACAREI;JACAREI;JACAREI;0;110899;THEREZA PORTO MARQUES INSTITUTO DE EDUCACAO;Estados Unidos da América;1
PRIVADA;JACAREI;JACAREI;JACAREI;0;126196;CASSIANO RICARDO COLEGIO ENSINO MEDIO;China;1
PRIVADA;JACAREI;JACAREI;JACAREI;0;126196;CASSIANO RICARDO COLEGIO ENSINO MEDIO;Estados Unidos da América;2
PRIVADA;JACAREI;JACAREI;JACAREI;0;126196;CASSIANO RICARDO COLEGIO ENSINO MEDIO;Japão;2
PRIVADA;JACAREI;JACAREI;JACAREI;0;135616;ADVENTISTA DE JACAREI ESCOLA DE EFM;Espanha;1
PRIVADA;JACAREI;JACAREI;JACAREI;0;135616;ADVENTISTA DE JACAREI ESCOLA DE EFM;Portugal;1
PRIVADA;JACAREI;JACAREI;JACAREI;0;138083;REZENDE E REZENDE COLEGIO;Japão;1
PRIVADA;JACAREI;JACAREI;JACAREI;0;141574;OBJETIVO JUNIOR COLEGIO;Estados Unidos da América;1
PRIVADA;JACAREI;JACAREI;JACAREI;0;155810;SEPP SAINT EXUPERY PEQUENO PRINCIPE COLEGIO II;México;1
PRIVADA;JACAREI;JACAREI;JACAREI;0;155861;DOMINO ESCOLA DE EDUCACAO INFANTIL;Estados Unidos da América;1
PRIVADA;JACAREI;JACAREI;JACAREI;0;155950;LOPES E LOPES INSTITUTO;Japão;1
PRIVADA;JACAREI;JACAREI;JACAREI;0;167794;ALCANCE COLEGIO;Estados Unidos da América;1
PRIVADA;JACAREI;JACAREI;JACAREI;0;167794;ALCANCE COLEGIO;Filipinas;1
PRIVADA;JACAREI;JACAREI;JACAREI;0;167794;ALCANCE COLEGIO;Panamá;1
PRIVADA;JACAREI;JACAREI;JACAREI;0;167794;ALCANCE COLEGIO;Portugal;1
PRIVADA;JACAREI;JACAREI;JACAREI;0;288822;CAMINHAR INSTITUTO EDUCACIONAL;Canadá;1
PRIVADA;JACAREI;JACAREI;JACAREI;0;288822;CAMINHAR INSTITUTO EDUCACIONAL;Japão;1
PRIVADA;JACAREI;JACAREI;JACAREI;0;288822;CAMINHAR INSTITUTO EDUCACIONAL;Portugal;1
PRIVADA;JACAREI;JACAREI;JACAREI;0;805804;MARQUES MORAES INSTITUTO EDUCACIONAL;Itália;1
PRIVADA;JACAREI;JACAREI;JACAREI;0;805853;MARIANA RIBEIRO INSTITUTO EDUCACIONAL;Portugal;1
PRIVADA;JACAREI;JACAREI;JACAREI;0;805853;MARIANA RIBEIRO INSTITUTO EDUCACIONAL;Reino Unido da Grã-Bretanha e Irlanda do Norte;1
PRIVADA;JACAREI;JACAREI;JACAREI;0;810964;VIDA EM CORES COLEGIO;Argentina;1
PRIVADA;JACAREI;JACAREI;JACAREI;14;110875;SESI 160 CENTRO EDUCACIONAL;Estados Unidos da América;1
PRIVADA;JACAREI;JACAREI;JACAREI;40;805725;CANTINHO DA PROVIDENCIA;Estados Unidos da América;2
PRIVADA;JACAREI;JACAREI;JACAREI;48;423592;CAMPO GRANDE CRECHE;Venezuela;1
PRIVADA;JACAREI;SANTA ISABEL;SANTA ISABEL;0;166406;SANTA ISABEL COLEGIO;China;1
PRIVADA;JACAREI;SANTA ISABEL;SANTA ISABEL;0;166406;SANTA ISABEL COLEGIO;Estados Unidos da América;1
PRIVADA;JACAREI;SANTA ISABEL;SANTA ISABEL;0;166406;SANTA ISABEL COLEGIO;Japão;1
PRIVADA;JACAREI;SANTA ISABEL;SANTA ISABEL;0;166406;SANTA ISABEL COLEGIO;Reino Unido da Grã-Bretanha e Irlanda do Norte;1
PRIVADA;JACAREI;SANTA ISABEL;SANTA ISABEL;0;807503;ARTUR FERREIRA COLEGIO EF E PRE ESCOLA CONCHINHA;Japão;2
PRIVADA;JALES;JALES;JALES;0;123473;XV DE ABRIL COLEGIO EIFM;Japão;1
PRIVADA;JALES;JALES;JALES;0;144885;INTEGRADA RUI BARBOSA ESCOLA;Japão;1
PRIVADA;JALES;SANTA FE DO SUL;SANTA FE DO SUL;0;126792;CAMINHO FELIZ CENTRO DE ENSINO CECAF;Espanha;1
PRIVADA;JALES;SANTA FE DO SUL;SANTA FE DO SUL;0;126792;CAMINHO FELIZ CENTRO DE ENSINO CECAF;Nicarágua;1
PRIVADA;JALES;SANTA FE DO SUL;SANTA FE DO SUL;0;158677;RUI BARBOSA COLEGIO;Colômbia;2
PRIVADA;JAU;BARIRI;BARIRI;0;153783;MINI MUNDO CENTRO DE DESENVOLVIMENTO E RECREACAO;Argentina;1
PRIVADA;JAU;BARIRI;BARIRI;0;159104;COOPERATIVA EDUCACIONAL DE BARIRI COEBA CENTRO DE ED BASICA;Portugal;1
PRIVADA;JAU;BARRA BONITA;BARRA BONITA;0;115848;NIVALDO SALCH STIPP PROF ESCOLAS INTEGRADAS;Itália;1
PRIVADA;JAU;BARRA BONITA;BARRA BONITA;0;439939;COLEGIO TYTO – BARRA BONITA;Japão;1
PRIVADA;JAU;JAU;JAU;0;115712;RAUL BAUAB DOUTOR FUNDACAO EDUCACIONAL COLEGIO;Canadá;1
PRIVADA;JAU;JAU;JAU;0;125982;COLEGIO PORTO ALVORADA  ENSINO FUNDAMENTAL E MEDIO;Canadá;1
PRIVADA;JAU;JAU;JAU;12;149068;SENAC JAU;Colômbia;1
PRIVADA;JAU;MINEIROS DO TIETE;MINEIROS DO TIETE;40;168063;MINEIROS DO TIETE CASA DA CRIANCA;Venezuela;1
PRIVADA;JOSE BONIFACIO;MIRASSOL;MIRASSOL;1;146742;MIRASSOL ESCOLA DE EDUCACAO ESPECIAL DE;Bolívia;1
PRIVADA;JOSE BONIFACIO;URUPES;URUPES;0;288445;OBJETIVO COLEGIO;Japão;1
PRIVADA;JUNDIAI;CAMPO LIMPO PAULISTA;CAMPO LIMPO PAULISTA;0;124928;COSMOS COLEGIO;Haiti;2
PRIVADA;JUNDIAI;CAMPO LIMPO PAULISTA;CAMPO LIMPO PAULISTA;0;151567;CRIACAO ESCOLA;Síria;1
PRIVADA;JUNDIAI;CAMPO LIMPO PAULISTA;CAMPO LIMPO PAULISTA;0;166182;ALFA LOGOS COLEGIO;Síria;1
PRIVADA;JUNDIAI;CAMPO LIMPO PAULISTA;CAMPO LIMPO PAULISTA;0;179085;PATELLI ESCOLA;China;1
PRIVADA;JUNDIAI;CAMPO LIMPO PAULISTA;CAMPO LIMPO PAULISTA;0;193938;EDUCARTE CENTRO EDUCACIONAL E CULTURAL;Canadá;1
PRIVADA;JUNDIAI;ITATIBA;ITATIBA;0;71092;BOM JESUS COLEGIO;Argentina;1
PRIVADA;JUNDIAI;ITATIBA;ITATIBA;0;85455;TRIACAO COLEGIO;Irlanda;1
PRIVADA;JUNDIAI;ITATIBA;ITATIBA;0;121526;EDUCATIVA UNIDADE DE ENSINO FUNDAMENTAL;México;1
PRIVADA;JUNDIAI;ITATIBA;ITATIBA;0;153126;LITTERATUS COLEGIO;Espanha;1
PRIVADA;JUNDIAI;ITATIBA;ITATIBA;0;179061;BRINKELANDIA RECREACAO INFANTIL;Estados Unidos da América;2
PRIVADA;JUNDIAI;ITATIBA;ITATIBA;0;194876;DOM BOSCO DE EDUCACAO INFANTIL COLEGIO;Estados Unidos da América;1
PRIVADA;JUNDIAI;ITATIBA;ITATIBA;0;811683;ANGLO ITATIBA CURSO E COLEGIO;Itália;1
PRIVADA;JUNDIAI;ITATIBA;ITATIBA;13;148039;LUIZ SCAVONE ESCOLA SENAI;Paraguai;1
PRIVADA;JUNDIAI;ITATIBA;ITATIBA;51;5020;COLEGIO MADRE TEREZA;Colômbia;1
PRIVADA;JUNDIAI;ITATIBA;ITATIBA;51;5020;COLEGIO MADRE TEREZA;Espanha;1
PRIVADA;JUNDIAI;ITATIBA;ITATIBA;51;5020;COLEGIO MADRE TEREZA;Guiana Francesa;1
PRIVADA;JUNDIAI;ITATIBA;ITATIBA;51;5946;BETHEL EDUCACIONAL;Estados Unidos da América;1
PRIVADA;JUNDIAI;ITUPEVA;ITUPEVA;0;116798;CIDADE DE ITUPEVA COLEGIO;Cuba;1
PRIVADA;JUNDIAI;ITUPEVA;ITUPEVA;0;116798;CIDADE DE ITUPEVA COLEGIO;Japão;1
PRIVADA;JUNDIAI;ITUPEVA;ITUPEVA;0;160234;NOVA VIDA ESCOLA;Espanha;1
PRIVADA;JUNDIAI;ITUPEVA;ITUPEVA;0;160234;NOVA VIDA ESCOLA;Japão;1
PRIVADA;JUNDIAI;JARINU;JARINU;0;165438;PILAR BONAS ASSOCIACAO DE ENSINO;Portugal;1
PRIVADA;JUNDIAI;JUNDIAI;JUNDIAI;0;4036;COLEGIO CAMPOS ELISEOS;Japão;1
PRIVADA;JUNDIAI;JUNDIAI;JUNDIAI;0;113207;DIVINO SALVADOR COLEGIO;Venezuela;3
PRIVADA;JUNDIAI;JUNDIAI;JUNDIAI;0;113256;DIVINA PROVIDENCIA ESCOLA;Estados Unidos da América;3
PRIVADA;JUNDIAI;JUNDIAI;JUNDIAI;0;113256;DIVINA PROVIDENCIA ESCOLA;Itália;1
PRIVADA;JUNDIAI;JUNDIAI;JUNDIAI;0;122506;COLEGIO FUTURA;Japão;1
PRIVADA;JUNDIAI;JUNDIAI;JUNDIAI;0;122518;GIORDANO BRUNO EEIEF;Haiti;1
PRIVADA;JUNDIAI;JUNDIAI;JUNDIAI;0;130588;LA FONTAINE ESCOLA EDUCACAO INFANTIL E FUNDAMENTAL;México;1
PRIVADA;JUNDIAI;JUNDIAI;JUNDIAI;0;130709;EVOLUT ESCOLAS TECNICAS;Haiti;3
PRIVADA;JUNDIAI;JUNDIAI;JUNDIAI;0;140648;SER COLEGIO;Alemanha;1
PRIVADA;JUNDIAI;JUNDIAI;JUNDIAI;0;140648;SER COLEGIO;Argentina;1
PRIVADA;JUNDIAI;JUNDIAI;JUNDIAI;0;142852;CRISTA JUNDIAI ESCOLA;Espanha;1
PRIVADA;JUNDIAI;JUNDIAI;JUNDIAI;0;150435;COLEGIO APICE;Espanha;1
PRIVADA;JUNDIAI;JUNDIAI;JUNDIAI;0;150435;COLEGIO APICE;Japão;1
PRIVADA;JUNDIAI;JUNDIAI;JUNDIAI;0;165475;LIGIA MACHADO ESCOLA;Japão;1
PRIVADA;JUNDIAI;JUNDIAI;JUNDIAI;0;175420;CRESCER DE JUNDIAI COLEGIO;Portugal;1
PRIVADA;JUNDIAI;JUNDIAI;JUNDIAI;0;175420;CRESCER DE JUNDIAI COLEGIO;Reino Unido da Grã-Bretanha e Irlanda do Norte;1
PRIVADA;JUNDIAI;JUNDIAI;JUNDIAI;0;259317;TABLEAU COLEGIO;Cuba;1
PRIVADA;JUNDIAI;JUNDIAI;JUNDIAI;0;265159;GLOBAL COLEGIO;Haiti;1
PRIVADA;JUNDIAI;JUNDIAI;JUNDIAI;0;290981;CRISTAO DE JUNDIAI COLEGIO;Bolívia;2
PRIVADA;JUNDIAI;JUNDIAI;JUNDIAI;0;291122;CRER COLEGIO;Argentina;1
PRIVADA;JUNDIAI;JUNDIAI;JUNDIAI;0;296478;DEGRAUS COLEGIO;Argentina;1
PRIVADA;JUNDIAI;JUNDIAI;JUNDIAI;0;341964;SABER DE EDUCACAO FUNDAMENTAL COLEGIO;Itália;2
PRIVADA;JUNDIAI;JUNDIAI;JUNDIAI;0;371610;INTEGRA ESCOLA DE FORMACAO ED INFANTIL E ENSINO FUNDAMENTAL;África do Sul;1
PRIVADA;JUNDIAI;JUNDIAI;JUNDIAI;0;371610;INTEGRA ESCOLA DE FORMACAO ED INFANTIL E ENSINO FUNDAMENTAL;Colômbia;1
PRIVADA;JUNDIAI;JUNDIAI;JUNDIAI;0;371610;INTEGRA ESCOLA DE FORMACAO ED INFANTIL E ENSINO FUNDAMENTAL;Estados Unidos da América;1
PRIVADA;JUNDIAI;JUNDIAI;JUNDIAI;0;371610;INTEGRA ESCOLA DE FORMACAO ED INFANTIL E ENSINO FUNDAMENTAL;França;2
PRIVADA;JUNDIAI;JUNDIAI;JUNDIAI;0;371610;INTEGRA ESCOLA DE FORMACAO ED INFANTIL E ENSINO FUNDAMENTAL;México;2
PRIVADA;JUNDIAI;JUNDIAI;JUNDIAI;0;429173;THE JOY SCHOOL;Coreia do Sul;1
PRIVADA;JUNDIAI;JUNDIAI;JUNDIAI;0;429173;THE JOY SCHOOL;Estados Unidos da América;1
PRIVADA;JUNDIAI;JUNDIAI;JUNDIAI;0;429173;THE JOY SCHOOL;Índia;1
PRIVADA;JUNDIAI;JUNDIAI;JUNDIAI;0;429173;THE JOY SCHOOL;Reino Unido da Grã-Bretanha e Irlanda do Norte;1
PRIVADA;JUNDIAI;JUNDIAI;JUNDIAI;0;429173;THE JOY SCHOOL;Singapura;1
PRIVADA;JUNDIAI;JUNDIAI;JUNDIAI;0;432994;DOMUS SAPIENS COLEGIO UNIDADE II;Alemanha;1
PRIVADA;JUNDIAI;JUNDIAI;JUNDIAI;0;432994;DOMUS SAPIENS COLEGIO UNIDADE II;Portugal;1
PRIVADA;JUNDIAI;JUNDIAI;JUNDIAI;0;439061;COLEGIO VIDEIRINHA;Estados Unidos da América;1
PRIVADA;JUNDIAI;JUNDIAI;JUNDIAI;0;449386;MANUS MATERNO BERCARIO E EDUCACAO INFANTIL;Venezuela;1
PRIVADA;JUNDIAI;JUNDIAI;JUNDIAI;0;456743;CENTRO TECNICO DE ENFERMAGEM CETEC;Haiti;2
PRIVADA;JUNDIAI;JUNDIAI;JUNDIAI;0;456743;CENTRO TECNICO DE ENFERMAGEM CETEC;Japão;1
PRIVADA;JUNDIAI;JUNDIAI;JUNDIAI;0;481397;ANTONI GAUDI COLEGIO;Estados Unidos da América;1
PRIVADA;JUNDIAI;JUNDIAI;JUNDIAI;0;584368;MANUS MATERNO UNIDADE II;Peru;1
PRIVADA;JUNDIAI;JUNDIAI;JUNDIAI;0;584939;COLEGIO VIDEIRA;Colômbia;1
PRIVADA;JUNDIAI;JUNDIAI;JUNDIAI;0;809445;CRIARTE COLEGIO;Bolívia;1
PRIVADA;JUNDIAI;JUNDIAI;JUNDIAI;0;809445;CRIARTE COLEGIO;Chile;1
PRIVADA;JUNDIAI;JUNDIAI;JUNDIAI;0;809445;CRIARTE COLEGIO;Colômbia;2
PRIVADA;JUNDIAI;JUNDIAI;JUNDIAI;0;809445;CRIARTE COLEGIO;Costa Rica;1
PRIVADA;JUNDIAI;JUNDIAI;JUNDIAI;0;809445;CRIARTE COLEGIO;Venezuela;2
PRIVADA;JUNDIAI;JUNDIAI;JUNDIAI;12;148957;SENAC JUNDIAI;Argentina;2
PRIVADA;JUNDIAI;JUNDIAI;JUNDIAI;12;148957;SENAC JUNDIAI;Chile;1
PRIVADA;JUNDIAI;JUNDIAI;JUNDIAI;12;148957;SENAC JUNDIAI;Colômbia;1
PRIVADA;JUNDIAI;JUNDIAI;JUNDIAI;12;148957;SENAC JUNDIAI;Venezuela;2
PRIVADA;JUNDIAI;JUNDIAI;JUNDIAI;13;148027;ALEXANDRE SICILIANO CONDE ESCOLA SENAI;Haiti;1
PRIVADA;JUNDIAI;JUNDIAI;JUNDIAI;40;113219;SAO VICENTE DE PAULO COLEGIO;Itália;1
PRIVADA;JUNDIAI;JUNDIAI;JUNDIAI;40;113219;SAO VICENTE DE PAULO COLEGIO;Japão;1
PRIVADA;JUNDIAI;JUNDIAI;JUNDIAI;40;113219;SAO VICENTE DE PAULO COLEGIO;Reino Unido da Grã-Bretanha e Irlanda do Norte;1
PRIVADA;JUNDIAI;JUNDIAI;JUNDIAI;40;113219;SAO VICENTE DE PAULO COLEGIO;Venezuela;1
PRIVADA;JUNDIAI;JUNDIAI;JUNDIAI;40;189704;APRENDIZADO DOM JOSE GASPAR;Venezuela;1
PRIVADA;JUNDIAI;JUNDIAI;JUNDIAI;51;4904;COLEGIO PENTAGUNUM  OBJETIVO JUNDIAI;Chile;1
PRIVADA;JUNDIAI;JUNDIAI;JUNDIAI;51;4904;COLEGIO PENTAGUNUM  OBJETIVO JUNDIAI;Itália;1
PRIVADA;JUNDIAI;LOUVEIRA;LOUVEIRA;0;568545;LOUVEIRA COLEGIO;Peru;1
PRIVADA;JUNDIAI;LOUVEIRA;LOUVEIRA;0;809986;VIA BRASIL COLEGIO;Estados Unidos da América;1
PRIVADA;JUNDIAI;LOUVEIRA;LOUVEIRA;0;809986;VIA BRASIL COLEGIO;Uruguai;1
PRIVADA;JUNDIAI;VARZEA PAULISTA;VARZEA PAULISTA;0;392200;SANTOS DUMONT COLEGIO;Haiti;1
PRIVADA;LESTE 1;CANGAIBA;SAO PAULO;0;102155;GOULART ENGENHEIRO ESCOLA ADVENTISTA ENSINO FUNDAMENTAL;Bolívia;5
PRIVADA;LESTE 1;CANGAIBA;SAO PAULO;0;165670;JOAQUIM MARIA MACHADO DE ASSIS COLEGIO;Bolívia;4
PRIVADA;LESTE 1;CANGAIBA;SAO PAULO;0;195078;COLEGIO NOVA JORNADA;Bolívia;1
PRIVADA;LESTE 1;CANGAIBA;SAO PAULO;0;266127;PUKAR COLEGIO;Bolívia;2
PRIVADA;LESTE 1;CANGAIBA;SAO PAULO;0;266127;PUKAR COLEGIO;Equador;1
PRIVADA;LESTE 1;CANGAIBA;SAO PAULO;0;375724;COLEGIO FORTH UNIDADE II;Bolívia;2
PRIVADA;LESTE 1;CANGAIBA;SAO PAULO;0;805452;SCARANNE COLEGIO;Bolívia;4
PRIVADA;LESTE 1;CANGAIBA;SAO PAULO;0;805452;SCARANNE COLEGIO;Espanha;1
PRIVADA;LESTE 1;CANGAIBA;SAO PAULO;0;805452;SCARANNE COLEGIO;Haiti;1
PRIVADA;LESTE 1;CANGAIBA;SAO PAULO;40;5222;CENTRO DE EDUCACAO INFANTIL AMOR DIVINO;Bolívia;1
PRIVADA;LESTE 1;ERMELINO MATARAZZO;SAO PAULO;0;115423;PEDRO PERALTA COLEGIO;Bolívia;1
PRIVADA;LESTE 1;ERMELINO MATARAZZO;SAO PAULO;0;135525;FLORESTA COLEGIO;Portugal;1
PRIVADA;LESTE 1;ERMELINO MATARAZZO;SAO PAULO;0;144952;ARGUMENTO COLEGIO;Albânia;1
PRIVADA;LESTE 1;ERMELINO MATARAZZO;SAO PAULO;0;163326;INTEGRACAO COLEGIO;Bolívia;1
PRIVADA;LESTE 1;ERMELINO MATARAZZO;SAO PAULO;0;163338;AMORIM COLEGIO;Argentina;1
PRIVADA;LESTE 1;ERMELINO MATARAZZO;SAO PAULO;0;185437;SENA DE MIRANDA COLEGIO UNIDADE II;Alemanha;1
PRIVADA;LESTE 1;ERMELINO MATARAZZO;SAO PAULO;0;185437;SENA DE MIRANDA COLEGIO UNIDADE II;Japão;2
PRIVADA;LESTE 1;ERMELINO MATARAZZO;SAO PAULO;0;185437;SENA DE MIRANDA COLEGIO UNIDADE II;Portugal;1
PRIVADA;LESTE 1;ERMELINO MATARAZZO;SAO PAULO;0;805476;CRIARE I COLEGIO;Bolívia;1
PRIVADA;LESTE 1;ITAQUERA;SAO PAULO;0;114339;ALMEIDA SANTOS ESCOLA;Bolívia;2
PRIVADA;LESTE 1;ITAQUERA;SAO PAULO;0;114339;ALMEIDA SANTOS ESCOLA;Haiti;2
PRIVADA;LESTE 1;ITAQUERA;SAO PAULO;0;137546;NOVA ESTRELA GUIA ESCOLA UNIDADE I;Portugal;2
PRIVADA;LESTE 1;ITAQUERA;SAO PAULO;0;161287;DOM FELIPE COLEGIO;Bolívia;1
PRIVADA;LESTE 1;ITAQUERA;SAO PAULO;0;173708;INTEGRADO COLEGIO;Peru;1
PRIVADA;LESTE 1;ITAQUERA;SAO PAULO;0;805440;COLEGIO NOVA ESTRELA GUIA JUNIOR;Chile;1
PRIVADA;LESTE 1;ITAQUERA;SAO PAULO;38;5641;ESSA ESCOLA TECNICA PROFISSIONALIZANTE;Bolívia;5
PRIVADA;LESTE 1;ITAQUERA;SAO PAULO;38;5641;ESSA ESCOLA TECNICA PROFISSIONALIZANTE;Camarões;1
PRIVADA;LESTE 1;ITAQUERA;SAO PAULO;38;5641;ESSA ESCOLA TECNICA PROFISSIONALIZANTE;Congo, República Democrática do (antigo Zaire);1
PRIVADA;LESTE 1;PENHA;SAO PAULO;0;5110;COLEGIO DOM BOSCO VILA MATILDE;Espanha;1
PRIVADA;LESTE 1;PENHA;SAO PAULO;0;5115;ESCOLA MAIS;Japão;1
PRIVADA;LESTE 1;PENHA;SAO PAULO;0;5115;ESCOLA MAIS;México;1
PRIVADA;LESTE 1;PENHA;SAO PAULO;0;5115;ESCOLA MAIS;Portugal;1
PRIVADA;LESTE 1;PENHA;SAO PAULO;0;5115;ESCOLA MAIS;Reino Unido da Grã-Bretanha e Irlanda do Norte;1
PRIVADA;LESTE 1;PENHA;SAO PAULO;0;102027;COLEGIO SANTORINI;Bolívia;1
PRIVADA;LESTE 1;PENHA;SAO PAULO;0;102040;JOAO XXIII ESCOLA;Bolívia;2
PRIVADA;LESTE 1;PENHA;SAO PAULO;0;102040;JOAO XXIII ESCOLA;Japão;1
PRIVADA;LESTE 1;PENHA;SAO PAULO;0;119192;DOURADO COLEGIO;Japão;1
PRIVADA;LESTE 1;PENHA;SAO PAULO;0;124527;PENHA DE FRANCA COLEGIO;Bolívia;5
PRIVADA;LESTE 1;PENHA;SAO PAULO;0;124527;PENHA DE FRANCA COLEGIO;Peru;1
PRIVADA;LESTE 1;PENHA;SAO PAULO;0;142529;BATISTA DA PENHA COLEGIO;Colômbia;1
PRIVADA;LESTE 1;PENHA;SAO PAULO;0;142864;FUTURO COLEGIO;Japão;2
PRIVADA;LESTE 1;PENHA;SAO PAULO;0;157405;CRISTAO DA PENHA COLEGIO;Bolívia;1
PRIVADA;LESTE 1;PENHA;SAO PAULO;0;157405;CRISTAO DA PENHA COLEGIO;Peru;2
PRIVADA;LESTE 1;PENHA;SAO PAULO;0;157405;CRISTAO DA PENHA COLEGIO;Portugal;1
PRIVADA;LESTE 1;PENHA;SAO PAULO;0;168853;COLEGIO MONTE VIRGEM;África do Sul;1
PRIVADA;LESTE 1;PENHA;SAO PAULO;0;168853;COLEGIO MONTE VIRGEM;Bolívia;1
PRIVADA;LESTE 1;PENHA;SAO PAULO;0;173685;MARTINS PENNA COLEGIO;Bolívia;1
PRIVADA;LESTE 1;PENHA;SAO PAULO;0;173712;FEREGUETTI COLEGIO;Irlanda;1
PRIVADA;LESTE 1;PENHA;SAO PAULO;0;173712;FEREGUETTI COLEGIO;Japão;1
PRIVADA;LESTE 1;PENHA;SAO PAULO;0;811385;PENHENSE ESCOLA ESP;Portugal;1
PRIVADA;LESTE 1;PENHA;SAO PAULO;12;149135;SENAC PENHA;Chile;1
PRIVADA;LESTE 1;PENHA;SAO PAULO;12;149135;SENAC PENHA;Mali;1
PRIVADA;LESTE 1;PENHA;SAO PAULO;40;102039;OLIVETANO COLEGIO;Reino Unido da Grã-Bretanha e Irlanda do Norte;1
PRIVADA;LESTE 1;PONTE RASA;SAO PAULO;0;135549;CARLOS DRUMMOND DE ANDRADE COLEGIO;Bolívia;3
PRIVADA;LESTE 1;PONTE RASA;SAO PAULO;0;158872;INOVACAO COLEGIO UNIDADE II;Bolívia;1
PRIVADA;LESTE 1;PONTE RASA;SAO PAULO;0;259639;COLEGIO SOUZA LOPEZ II;Angola;2
PRIVADA;LESTE 1;VILA JACUI;SAO PAULO;0;130758;CRUZEIRO DO SUL COLEGIO UNIDADE II;Irlanda;1
PRIVADA;LESTE 1;VILA JACUI;SAO PAULO;0;130758;CRUZEIRO DO SUL COLEGIO UNIDADE II;Japão;1
PRIVADA;LESTE 1;VILA JACUI;SAO PAULO;0;482134;CONVIVIO NUCLEO EDUCACIONAL ESPECIALIZADO;Japão;1
PRIVADA;LESTE 2;ITAIM PAULISTA;SAO PAULO;0;129653;AUBE CARRAN COLEGIO;Nigéria;1
PRIVADA;LESTE 2;ITAIM PAULISTA;SAO PAULO;0;187197;LUCKESI COLEGIO;Qatar;1
PRIVADA;LESTE 2;ITAIM PAULISTA;SAO PAULO;0;266930;REIKI LUZ DA NOVA ERA COLEGIO;Bolívia;1
PRIVADA;LESTE 2;ITAIM PAULISTA;SAO PAULO;0;443621;AGAPE COLEGIO;Paraguai;1
PRIVADA;LESTE 2;ITAIM PAULISTA;SAO PAULO;0;808210;VICTORINO COLEGIO;China;1
PRIVADA;LESTE 2;JARDIM HELENA;SAO PAULO;0;462962;SANTO AGOSTINHO CENTRO EDUCACIONAL UNIDADE II;Bolívia;1
PRIVADA;LESTE 2;JARDIM HELENA;SAO PAULO;0;802645;ARANDAS COLEGIO;China;1
PRIVADA;LESTE 2;JARDIM HELENA;SAO PAULO;0;802645;ARANDAS COLEGIO;Portugal;1
PRIVADA;LESTE 2;LAJEADO;SAO PAULO;0;157806;AMILTON DE OLIVEIRA TELLES INSTITUTO DE EDUCACAO UNIDADE II;Gana;1
PRIVADA;LESTE 2;SAO MIGUEL;SAO PAULO;0;6491;COLEGIO TECNICO VIEIRA LIMA;Haiti;1
PRIVADA;LESTE 2;SAO MIGUEL;SAO PAULO;0;7041;CENTRO EDUCACIONAL MARISTA IRMAO LOURENCO;Bolívia;1
PRIVADA;LESTE 2;SAO MIGUEL;SAO PAULO;0;124448;PASCHOAL DANTAS COLEGIO;Bolívia;1
PRIVADA;LESTE 2;SAO MIGUEL;SAO PAULO;0;139804;ADVENTISTA SAO MIGUEL PAULISTA EEIFM;Argentina;2
PRIVADA;LESTE 2;SAO MIGUEL;SAO PAULO;0;139804;ADVENTISTA SAO MIGUEL PAULISTA EEIFM;Arménia;1
PRIVADA;LESTE 2;SAO MIGUEL;SAO PAULO;0;153497;MIGUEL COLEGIO;Bolívia;1
PRIVADA;LESTE 2;SAO MIGUEL;SAO PAULO;0;165220;SOUZA E CRUZ COLEGIO;Portugal;1
PRIVADA;LESTE 2;SAO MIGUEL;SAO PAULO;0;191711;LIBERDADE COLEGIO UNIDADE II;Estados Unidos da América;1
PRIVADA;LESTE 2;SAO MIGUEL;SAO PAULO;0;258039;TOBIAS DE AGUIAR COLEGIO;Bolívia;1
PRIVADA;LESTE 2;SAO MIGUEL;SAO PAULO;0;300433;SILVA SANTO ESCOLA TECNICA DE ENFERMAGEM;Bolívia;1
PRIVADA;LESTE 2;SAO MIGUEL;SAO PAULO;0;422204;24 DE MAIO COLEGIO;Bolívia;1
PRIVADA;LESTE 2;SAO MIGUEL;SAO PAULO;0;568892;IMPERIO CHOCOLATE TEENS COLEGIO UNIDADE II;Angola;1
PRIVADA;LESTE 2;SAO MIGUEL;SAO PAULO;0;568892;IMPERIO CHOCOLATE TEENS COLEGIO UNIDADE II;Japão;1
PRIVADA;LESTE 2;SAO MIGUEL;SAO PAULO;0;807758;ANDRADE DORIGON COLEGIO;Nigéria;1
PRIVADA;LESTE 2;SAO MIGUEL;SAO PAULO;12;4682;SENAC SAO MIGUEL PAULISTA;Bolívia;2
PRIVADA;LESTE 2;VILA CURUCA;SAO PAULO;0;177179;CONSTELACAO COLEGIO;Cabo Verde;1
PRIVADA;LESTE 2;VILA CURUCA;SAO PAULO;0;387411;SEQUENCIAL ESCOLA TECNICA;Bolívia;1
PRIVADA;LESTE 2;VILA CURUCA;SAO PAULO;0;387411;SEQUENCIAL ESCOLA TECNICA;Chile;2
PRIVADA;LESTE 2;VILA CURUCA;SAO PAULO;0;387411;SEQUENCIAL ESCOLA TECNICA;Haiti;2
PRIVADA;LESTE 3;GUAIANASES;SAO PAULO;0;198882;ARRUDA PERSSET COLEGIO;Japão;1
PRIVADA;LESTE 3;GUAIANASES;SAO PAULO;0;255661;ALMEIDA SANTOS ESCOLA;Haiti;19
PRIVADA;LESTE 3;GUAIANASES;SAO PAULO;0;255661;ALMEIDA SANTOS ESCOLA;Nigéria;3
PRIVADA;LESTE 3;JOSE BONIFACIO;SAO PAULO;0;142220;AUGUSTO DOMINGUES ALVES MAIA PROF COLEGIO;Japão;1
PRIVADA;LESTE 3;SAO RAFAEL;SAO PAULO;0;118163;PRO CONHECER ESCOLA;África do Sul;1
PRIVADA;LESTE 3;SAO RAFAEL;SAO PAULO;0;144241;NOVA ERA COLEGIO;Venezuela;1
PRIVADA;LESTE 3;SAO RAFAEL;SAO PAULO;0;806298;SANTO ANDRE COLEGIO;Japão;1
PRIVADA;LESTE 4;ARTUR ALVIM;SAO PAULO;0;139774;ISAAC NEWTON ESCOLA;Bolívia;1
PRIVADA;LESTE 4;ARTUR ALVIM;SAO PAULO;0;139774;ISAAC NEWTON ESCOLA;Equador;2
PRIVADA;LESTE 4;ARTUR ALVIM;SAO PAULO;0;139774;ISAAC NEWTON ESCOLA;Paraguai;1
PRIVADA;LESTE 4;ARTUR ALVIM;SAO PAULO;0;151385;PAN TERRA COLEGIO E PRE ESCOLA;Japão;1
PRIVADA;LESTE 4;ARTUR ALVIM;SAO PAULO;0;157478;AUGUSTO SILVA COLEGIO;Japão;2
PRIVADA;LESTE 4;ARTUR ALVIM;SAO PAULO;14;133401;SESI 415 CENTRO EDUCACIONAL;Japão;1
PRIVADA;LESTE 4;ARTUR ALVIM;SAO PAULO;14;133401;SESI 415 CENTRO EDUCACIONAL;Nova Zelândia (Aotearoa);1
PRIVADA;LESTE 4;PARQUE DO CARMO;SAO PAULO;0;199710;ELVIRA LINARES COLEGIO;Colômbia;1
PRIVADA;LESTE 4;PARQUE DO CARMO;SAO PAULO;0;810538;PASCHOAL DANTAS II COLEGIO;Haiti;1
PRIVADA;LESTE 4;SAO MATEUS;SAO PAULO;0;102295;SAO MATHEUS COLEGIO;Bolívia;3
PRIVADA;LESTE 4;SAO MATEUS;SAO PAULO;0;102295;SAO MATHEUS COLEGIO;Peru;1
PRIVADA;LESTE 4;SAO MATEUS;SAO PAULO;0;124459;SATELITE COLEGIO;Haiti;1
PRIVADA;LESTE 4;SAO MATEUS;SAO PAULO;0;135562;SANTA BARBARA COLEGIO;Estados Unidos da América;1
PRIVADA;LESTE 4;SAO MATEUS;SAO PAULO;0;135562;SANTA BARBARA COLEGIO;Japão;2
PRIVADA;LESTE 4;SAO MATEUS;SAO PAULO;0;152511;SALMISTA COLEGIO;Peru;1
PRIVADA;LESTE 4;SAO MATEUS;SAO PAULO;0;156565;PRO SABER BIO COLEGIO;Japão;1
PRIVADA;LESTE 4;SAO MATEUS;SAO PAULO;0;174087;CARITAS ESCOLA;Japão;3
PRIVADA;LESTE 4;SAO MATEUS;SAO PAULO;0;475981;ISAQUE ESCOLA PROFISSIONALIZANTE;Bolívia;1
PRIVADA;LESTE 4;SAPOPEMBA;SAO PAULO;0;101618;REDE DECISAO  UNIDADE FATIMA;Síria;1
PRIVADA;LESTE 4;SAPOPEMBA;SAO PAULO;0;127197;COLEGIO GALILEU GALILEI;Chile;1
PRIVADA;LESTE 4;VILA MATILDE;SAO PAULO;0;102076;SAO JOSE DE VILA MATILDE ESCOLA;México;1
PRIVADA;LESTE 4;VILA MATILDE;SAO PAULO;0;102076;SAO JOSE DE VILA MATILDE ESCOLA;Peru;1
PRIVADA;LESTE 4;VILA MATILDE;SAO PAULO;0;102088;VILA MATILDE COLEGIO ADVENTISTA DE;Iraque;3
PRIVADA;LESTE 4;VILA MATILDE;SAO PAULO;0;102088;VILA MATILDE COLEGIO ADVENTISTA DE;Peru;3
PRIVADA;LESTE 4;VILA MATILDE;SAO PAULO;0;164458;SANTA LUZIA COLEGIO;Bolívia;1
PRIVADA;LESTE 4;VILA MATILDE;SAO PAULO;0;175936;POLICIA MILITAR COLEGIO DA UNIDADE VILA TALARICO;Bolívia;1
PRIVADA;LESTE 4;VILA MATILDE;SAO PAULO;0;250512;ONIKI ESCOLA TECNICA DE MASSOTERAPIA;Colômbia;2
PRIVADA;LESTE 4;VILA MATILDE;SAO PAULO;0;266231;CASTELLO BRANCO COLEGIO;Peru;1
PRIVADA;LESTE 4;VILA MATILDE;SAO PAULO;0;462858;SAO PEDRO UNIDADE II COLEGIO;Colômbia;1
PRIVADA;LESTE 4;VILA MATILDE;SAO PAULO;0;805567;SAINT GERMAIN COLEGIO;China;1
PRIVADA;LESTE 4;VILA MATILDE;SAO PAULO;0;809676;POLICIA MILITAR COLEGIO UNIDADE PENHA;Bolívia;1
PRIVADA;LESTE 4;VILA MATILDE;SAO PAULO;0;809676;POLICIA MILITAR COLEGIO UNIDADE PENHA;Estados Unidos da América;1
PRIVADA;LESTE 4;VILA MATILDE;SAO PAULO;40;102124;COLEGIO BOM JESUS  VICENTE PALLOTTI;Japão;1
PRIVADA;LESTE 4;VILA MATILDE;SAO PAULO;40;127231;LA SALLE SAO PAULO COLEGIO;Peru;1
PRIVADA;LESTE 5;AGUA RASA;SAO PAULO;0;63071;REDE DECISAO  UNIDADE ANALIA FRANCO;Bolívia;1
PRIVADA;LESTE 5;AGUA RASA;SAO PAULO;0;101722;NOSSA SENHORA MENINA EXTERNATO;Coreia do Sul;1
PRIVADA;LESTE 5;AGUA RASA;SAO PAULO;0;101722;NOSSA SENHORA MENINA EXTERNATO;Estados Unidos da América;1
PRIVADA;LESTE 5;AGUA RASA;SAO PAULO;0;120030;OURO PRETO COLEGIO;Reino Unido da Grã-Bretanha e Irlanda do Norte;1
PRIVADA;LESTE 5;AGUA RASA;SAO PAULO;0;477886;SAO JOSE ESPACO CULTURAL E INTERATIVO;Bolívia;1
PRIVADA;LESTE 5;AGUA RASA;SAO PAULO;0;477886;SAO JOSE ESPACO CULTURAL E INTERATIVO;Cuba;1
PRIVADA;LESTE 5;ARICANDUVA;SAO PAULO;0;6916;COLEGIO REFLEXO;Colômbia;3
PRIVADA;LESTE 5;ARICANDUVA;SAO PAULO;0;112987;VIDAL COLEGIO;Japão;1
PRIVADA;LESTE 5;ARICANDUVA;SAO PAULO;0;302156;CRESCER COLEGIO;Espanha;1
PRIVADA;LESTE 5;ARICANDUVA;SAO PAULO;0;449748;COSTA AGUIAR COLEGIO;Colômbia;1
PRIVADA;LESTE 5;ARICANDUVA;SAO PAULO;0;449748;COSTA AGUIAR COLEGIO;Equador;2
PRIVADA;LESTE 5;ARICANDUVA;SAO PAULO;0;449748;COSTA AGUIAR COLEGIO;Japão;1
PRIVADA;LESTE 5;ARICANDUVA;SAO PAULO;0;809305;CONQUISTA COLEGIO;México;1
PRIVADA;LESTE 5;BELEM;SAO PAULO;0;5920;COLEGIO GAMALLIEL;Bolívia;1
PRIVADA;LESTE 5;BELEM;SAO PAULO;0;6550;ESCOLA VEREDA  CAMPUS MOOCA;Colômbia;1
PRIVADA;LESTE 5;BELEM;SAO PAULO;0;187513;PRESBITERIANO DO BRAS COLEGIO;Bolívia;1
PRIVADA;LESTE 5;BELEM;SAO PAULO;0;187513;PRESBITERIANO DO BRAS COLEGIO;China;4
PRIVADA;LESTE 5;BELEM;SAO PAULO;0;187513;PRESBITERIANO DO BRAS COLEGIO;Colômbia;1
PRIVADA;LESTE 5;BELEM;SAO PAULO;0;287581;SAO PAULO COLEGIO;Chile;1
PRIVADA;LESTE 5;BELEM;SAO PAULO;0;287581;SAO PAULO COLEGIO;China;1
PRIVADA;LESTE 5;BELEM;SAO PAULO;0;287581;SAO PAULO COLEGIO;Colômbia;1
PRIVADA;LESTE 5;BELEM;SAO PAULO;0;809287;RANIERI COLEGIO;Bolívia;1
PRIVADA;LESTE 5;BELEM;SAO PAULO;0;809287;RANIERI COLEGIO;China;1
PRIVADA;LESTE 5;BELEM;SAO PAULO;40;101278;SAO JOSE COLEGIO AGOSTINIANO;Angola;1
PRIVADA;LESTE 5;BELEM;SAO PAULO;40;101278;SAO JOSE COLEGIO AGOSTINIANO;Bolívia;1
PRIVADA;LESTE 5;BELEM;SAO PAULO;40;101278;SAO JOSE COLEGIO AGOSTINIANO;China;3
PRIVADA;LESTE 5;BELEM;SAO PAULO;40;101278;SAO JOSE COLEGIO AGOSTINIANO;Estados Unidos da América;1
PRIVADA;LESTE 5;BELEM;SAO PAULO;40;101333;NOSSA SENHORA AUXILIADORA INSTITUTO;China;1
PRIVADA;LESTE 5;BELEM;SAO PAULO;40;101333;NOSSA SENHORA AUXILIADORA INSTITUTO;Equador;1
PRIVADA;LESTE 5;BELEM;SAO PAULO;40;182382;SAO FRANCISCO DE ASSIS CRECHE;Bolívia;1
PRIVADA;LESTE 5;CARRAO;SAO PAULO;0;101795;BRASIL COLEGIO;Arábia Saudita;5
PRIVADA;LESTE 5;CARRAO;SAO PAULO;0;101795;BRASIL COLEGIO;Japão;1
PRIVADA;LESTE 5;CARRAO;SAO PAULO;0;101795;BRASIL COLEGIO;Síria;3
PRIVADA;LESTE 5;CARRAO;SAO PAULO;0;101898;MARY WARD COLEGIO;China;1
PRIVADA;LESTE 5;CARRAO;SAO PAULO;0;101898;MARY WARD COLEGIO;Japão;1
PRIVADA;LESTE 5;CARRAO;SAO PAULO;0;101916;ISLAMICA BRASILEIRA ESCOLA;Arábia Saudita;1
PRIVADA;LESTE 5;CARRAO;SAO PAULO;0;101916;ISLAMICA BRASILEIRA ESCOLA;Egipto;1
PRIVADA;LESTE 5;CARRAO;SAO PAULO;0;101916;ISLAMICA BRASILEIRA ESCOLA;Indonésia;2
PRIVADA;LESTE 5;CARRAO;SAO PAULO;0;101916;ISLAMICA BRASILEIRA ESCOLA;Jordânia;3
PRIVADA;LESTE 5;CARRAO;SAO PAULO;0;101916;ISLAMICA BRASILEIRA ESCOLA;Líbano;3
PRIVADA;LESTE 5;CARRAO;SAO PAULO;0;101916;ISLAMICA BRASILEIRA ESCOLA;Moçambique;3
PRIVADA;LESTE 5;CARRAO;SAO PAULO;0;101916;ISLAMICA BRASILEIRA ESCOLA;Palestina;6
PRIVADA;LESTE 5;CARRAO;SAO PAULO;0;101916;ISLAMICA BRASILEIRA ESCOLA;Síria;38
PRIVADA;LESTE 5;CARRAO;SAO PAULO;0;101916;ISLAMICA BRASILEIRA ESCOLA;Venezuela;3
PRIVADA;LESTE 5;CARRAO;SAO PAULO;0;101941;SANTA MARINA ESCOLA;Colômbia;1
PRIVADA;LESTE 5;CARRAO;SAO PAULO;0;101941;SANTA MARINA ESCOLA;Estados Unidos da América;2
PRIVADA;LESTE 5;CARRAO;SAO PAULO;0;101941;SANTA MARINA ESCOLA;Japão;2
PRIVADA;LESTE 5;CARRAO;SAO PAULO;0;140788;COLEGIO SANTA ISABEL;Japão;3
PRIVADA;LESTE 5;CARRAO;SAO PAULO;0;153285;COMUNIDADE COLEGIO DA;Estados Unidos da América;3
PRIVADA;LESTE 5;CARRAO;SAO PAULO;0;153285;COMUNIDADE COLEGIO DA;Moçambique;1
PRIVADA;LESTE 5;CARRAO;SAO PAULO;0;165311;MARUPIARA COLEGIO;Austrália;1
PRIVADA;LESTE 5;CARRAO;SAO PAULO;0;165311;MARUPIARA COLEGIO;Japão;2
PRIVADA;LESTE 5;CARRAO;SAO PAULO;48;353280;ESPACO DA COMUNIDADE III CRECHE CONVENIADA;Colômbia;1
PRIVADA;LESTE 5;CARRAO;SAO PAULO;48;586870;CEI CANTINHO DA LAURINHA;Colômbia;1
PRIVADA;LESTE 5;SAO LUCAS;SAO PAULO;0;101667;PARQUE SEVILHA COLEGIO;Japão;1
PRIVADA;LESTE 5;SAO LUCAS;SAO PAULO;0;101679;CASTRO ALVES COLEGIO;Angola;2
PRIVADA;LESTE 5;SAO LUCAS;SAO PAULO;0;136906;SANTA CLARA COLEGIO;Itália;1
PRIVADA;LESTE 5;SAO LUCAS;SAO PAULO;0;142700;BRASILIENSE COLEGIO;Japão;1
PRIVADA;LESTE 5;SAO LUCAS;SAO PAULO;0;142700;BRASILIENSE COLEGIO;Líbano;2
PRIVADA;LESTE 5;SAO LUCAS;SAO PAULO;0;153631;NOVO DINAMICO INSTITUTO DE ENSINO;Japão;3
PRIVADA;LESTE 5;SAO LUCAS;SAO PAULO;0;177398;AGHAPE COLEGIO DE;Japão;1
PRIVADA;LESTE 5;TATUAPE;SAO PAULO;0;6407;CENTRO EDUCACIONAL A;Angola;1
PRIVADA;LESTE 5;TATUAPE;SAO PAULO;0;60574;CONDE DOMINGOS COLEGIO;África do Sul;1
PRIVADA;LESTE 5;TATUAPE;SAO PAULO;0;60574;CONDE DOMINGOS COLEGIO;Bolívia;2
PRIVADA;LESTE 5;TATUAPE;SAO PAULO;0;60574;CONDE DOMINGOS COLEGIO;Portugal;1
PRIVADA;LESTE 5;TATUAPE;SAO PAULO;0;132986;LUMIERE COLEGIO;China;1
PRIVADA;LESTE 5;TATUAPE;SAO PAULO;0;132986;LUMIERE COLEGIO;Cuba;2
PRIVADA;LESTE 5;TATUAPE;SAO PAULO;0;132986;LUMIERE COLEGIO;Espanha;2
PRIVADA;LESTE 5;TATUAPE;SAO PAULO;0;133395;CENTRO INTERESCOLAR OBJETIVO UNIDADE TATUAPE;China;6
PRIVADA;LESTE 5;TATUAPE;SAO PAULO;0;133395;CENTRO INTERESCOLAR OBJETIVO UNIDADE TATUAPE;Colômbia;1
PRIVADA;LESTE 5;TATUAPE;SAO PAULO;0;133395;CENTRO INTERESCOLAR OBJETIVO UNIDADE TATUAPE;Coreia do Sul;1
PRIVADA;LESTE 5;TATUAPE;SAO PAULO;0;133395;CENTRO INTERESCOLAR OBJETIVO UNIDADE TATUAPE;Irlanda;1
PRIVADA;LESTE 5;TATUAPE;SAO PAULO;0;133395;CENTRO INTERESCOLAR OBJETIVO UNIDADE TATUAPE;Japão;1
PRIVADA;LESTE 5;TATUAPE;SAO PAULO;0;142759;CARLOS DRUMMOND DE ANDRADE COLEGIO;Åland, Ilhas;1
PRIVADA;LESTE 5;TATUAPE;SAO PAULO;0;142759;CARLOS DRUMMOND DE ANDRADE COLEGIO;Estados Unidos da América;1
PRIVADA;LESTE 5;TATUAPE;SAO PAULO;0;142759;CARLOS DRUMMOND DE ANDRADE COLEGIO;Japão;1
PRIVADA;LESTE 5;TATUAPE;SAO PAULO;0;142759;CARLOS DRUMMOND DE ANDRADE COLEGIO;Peru;1
PRIVADA;LESTE 5;TATUAPE;SAO PAULO;0;144228;EXATUS COLEGIO E VESTIBULARES;China;1
PRIVADA;LESTE 5;TATUAPE;SAO PAULO;0;144228;EXATUS COLEGIO E VESTIBULARES;Japão;5
PRIVADA;LESTE 5;TATUAPE;SAO PAULO;0;144824;DISCERE LABORATUM COLEGIO;Estados Unidos da América;1
PRIVADA;LESTE 5;TATUAPE;SAO PAULO;0;157016;SAAB COLEGIO;Bolívia;2
PRIVADA;LESTE 5;TATUAPE;SAO PAULO;0;157016;SAAB COLEGIO;China;1
PRIVADA;LESTE 5;TATUAPE;SAO PAULO;0;168661;SAO JOSE DO MARANHAO COLEGIO;Espanha;1
PRIVADA;LESTE 5;TATUAPE;SAO PAULO;0;168661;SAO JOSE DO MARANHAO COLEGIO;Japão;1
PRIVADA;LESTE 5;TATUAPE;SAO PAULO;0;190469;INTEGRAR COLEGIO;China;1
PRIVADA;LESTE 5;TATUAPE;SAO PAULO;0;190469;INTEGRAR COLEGIO;Japão;1
PRIVADA;LESTE 5;TATUAPE;SAO PAULO;0;190469;INTEGRAR COLEGIO;Portugal;1
PRIVADA;LESTE 5;TATUAPE;SAO PAULO;0;257175;TANIA FERREIRA ACADEMIA DE BALLET;Rússia;2
PRIVADA;LESTE 5;TATUAPE;SAO PAULO;0;420451;KINDY ESCOLA AMERICANA;Itália;1
PRIVADA;LESTE 5;TATUAPE;SAO PAULO;0;420451;KINDY ESCOLA AMERICANA;Líbano;1
PRIVADA;LESTE 5;TATUAPE;SAO PAULO;0;808301;AMORIM COLEGIO;Argentina;1
PRIVADA;LESTE 5;TATUAPE;SAO PAULO;0;808301;AMORIM COLEGIO;Colômbia;1
PRIVADA;LESTE 5;TATUAPE;SAO PAULO;0;808301;AMORIM COLEGIO;Coreia do Sul;3
PRIVADA;LESTE 5;TATUAPE;SAO PAULO;0;808301;AMORIM COLEGIO;Estados Unidos da América;2
PRIVADA;LESTE 5;TATUAPE;SAO PAULO;0;808301;AMORIM COLEGIO;Japão;2
PRIVADA;LESTE 5;TATUAPE;SAO PAULO;0;808301;AMORIM COLEGIO;Lituânia;1
PRIVADA;LESTE 5;TATUAPE;SAO PAULO;0;808301;AMORIM COLEGIO;Palestina;3
PRIVADA;LESTE 5;TATUAPE;SAO PAULO;0;808301;AMORIM COLEGIO;Paraguai;2
PRIVADA;LESTE 5;TATUAPE;SAO PAULO;0;808301;AMORIM COLEGIO;Síria;3
PRIVADA;LESTE 5;TATUAPE;SAO PAULO;12;148593;SENAC TATUAPE;Haiti;1
PRIVADA;LESTE 5;TATUAPE;SAO PAULO;13;147412;FREDERICO JACOB ESCOLA SENAI;Peru;1
PRIVADA;LESTE 5;TATUAPE;SAO PAULO;13;147412;FREDERICO JACOB ESCOLA SENAI;Venezuela;1
PRIVADA;LESTE 5;TATUAPE;SAO PAULO;13;147849;ORLANDO LAVIERO FERRAIUOLO ESCOLA SENAI;Venezuela;1
PRIVADA;LESTE 5;TATUAPE;SAO PAULO;14;419588;SESI 434 CENTRO EDUCACIONAL;Síria;2
PRIVADA;LESTE 5;TATUAPE;SAO PAULO;40;101850;SANTA AMALIA COLEGIO UNIDADE TATUAPE;China;1
PRIVADA;LESTE 5;TATUAPE;SAO PAULO;40;101850;SANTA AMALIA COLEGIO UNIDADE TATUAPE;França;1
PRIVADA;LESTE 5;TATUAPE;SAO PAULO;40;101850;SANTA AMALIA COLEGIO UNIDADE TATUAPE;Japão;1
PRIVADA;LESTE 5;TATUAPE;SAO PAULO;40;101850;SANTA AMALIA COLEGIO UNIDADE TATUAPE;Portugal;1
PRIVADA;LESTE 5;TATUAPE;SAO PAULO;40;101886;ESPIRITO SANTO COLEGIO;Bolívia;3
PRIVADA;LESTE 5;TATUAPE;SAO PAULO;40;101904;SANTO ANTONIO DE LISBOA COLEGIO;Bolívia;2
PRIVADA;LESTE 5;TATUAPE;SAO PAULO;40;101904;SANTO ANTONIO DE LISBOA COLEGIO;Japão;1
PRIVADA;LESTE 5;TATUAPE;SAO PAULO;40;136931;AGOSTINIANO MENDEL COLEGIO;Argentina;1
PRIVADA;LESTE 5;TATUAPE;SAO PAULO;40;136931;AGOSTINIANO MENDEL COLEGIO;China;17
PRIVADA;LESTE 5;TATUAPE;SAO PAULO;40;136931;AGOSTINIANO MENDEL COLEGIO;Coreia do Sul;4
PRIVADA;LESTE 5;TATUAPE;SAO PAULO;40;136931;AGOSTINIANO MENDEL COLEGIO;Espanha;1
PRIVADA;LESTE 5;TATUAPE;SAO PAULO;40;136931;AGOSTINIANO MENDEL COLEGIO;Itália;1
PRIVADA;LESTE 5;TATUAPE;SAO PAULO;40;136931;AGOSTINIANO MENDEL COLEGIO;Japão;1
PRIVADA;LESTE 5;TATUAPE;SAO PAULO;40;136931;AGOSTINIANO MENDEL COLEGIO;Portugal;1
PRIVADA;LESTE 5;TATUAPE;SAO PAULO;40;136931;AGOSTINIANO MENDEL COLEGIO;Uruguai;1
PRIVADA;LESTE 5;VILA FORMOSA;SAO PAULO;0;101965;ALVORADA COLEGIO;Argentina;1
PRIVADA;LESTE 5;VILA FORMOSA;SAO PAULO;0;101965;ALVORADA COLEGIO;Peru;1
PRIVADA;LESTE 5;VILA FORMOSA;SAO PAULO;0;101965;ALVORADA COLEGIO;Portugal;1
PRIVADA;LESTE 5;VILA FORMOSA;SAO PAULO;0;136918;JARDIM ANALIA FRANCO COLEGIO;Colômbia;1
PRIVADA;LESTE 5;VILA FORMOSA;SAO PAULO;0;157028;COLEGIO MELO ARAGAO;Síria;1
PRIVADA;LESTE 5;VILA FORMOSA;SAO PAULO;0;445484;WISH EDUCACAO BILINGUE;Canadá;1
PRIVADA;LESTE 5;VILA MARIA;SAO PAULO;0;100808;NOVE DE JULHO COLEGIO UNIDADE I;Bolívia;9
PRIVADA;LESTE 5;VILA MARIA;SAO PAULO;0;100808;NOVE DE JULHO COLEGIO UNIDADE I;Colômbia;1
PRIVADA;LESTE 5;VILA MARIA;SAO PAULO;0;100808;NOVE DE JULHO COLEGIO UNIDADE I;Japão;1
PRIVADA;LESTE 5;VILA MARIA;SAO PAULO;0;100808;NOVE DE JULHO COLEGIO UNIDADE I;Portugal;7
PRIVADA;LESTE 5;VILA MARIA;SAO PAULO;0;100833;SAO JUDAS EXTERNATO;Japão;1
PRIVADA;LESTE 5;VILA MARIA;SAO PAULO;0;134569;ALIADO COLEGIO UNIDADE JOAO PAULO II;Bolívia;2
PRIVADA;LESTE 5;VILA MARIA;SAO PAULO;0;135434;NEOLATINO COLEGIO;Bolívia;3
PRIVADA;LESTE 5;VILA MARIA;SAO PAULO;0;135434;NEOLATINO COLEGIO;China;1
PRIVADA;LESTE 5;VILA MARIA;SAO PAULO;0;157685;COLEGIO CENA;Bolívia;1
PRIVADA;LESTE 5;VILA MARIA;SAO PAULO;0;171360;LAZI COLEGIO;Argentina;2
PRIVADA;LESTE 5;VILA MARIA;SAO PAULO;0;171360;LAZI COLEGIO;Bolívia;8
PRIVADA;LESTE 5;VILA MARIA;SAO PAULO;0;288561;DEO VOLENTE COLEGIO;Bolívia;1
PRIVADA;LESTE 5;VILA MARIA;SAO PAULO;0;288561;DEO VOLENTE COLEGIO;Peru;1
PRIVADA;LESTE 5;VILA MARIA;SAO PAULO;0;288561;DEO VOLENTE COLEGIO;Venezuela;1
PRIVADA;LESTE 5;VILA MARIA;SAO PAULO;0;288573;CANDELARIA INSTITUTO EDUCACIONAL;Bolívia;4
PRIVADA;LESTE 5;VILA MARIA;SAO PAULO;0;288573;CANDELARIA INSTITUTO EDUCACIONAL;Espanha;1
PRIVADA;LESTE 5;VILA MARIA;SAO PAULO;0;288573;CANDELARIA INSTITUTO EDUCACIONAL;Síria;1
PRIVADA;LESTE 5;VILA MARIA;SAO PAULO;0;568466;COLEGIO CAPITULINO;Bolívia;3
PRIVADA;LIMEIRA;ARTUR NOGUEIRA;ARTUR NOGUEIRA;0;289863;ARTUR NOGUEIRA COLEGIO ANGLO DE;Japão;2
PRIVADA;LIMEIRA;ARTUR NOGUEIRA;ARTUR NOGUEIRA;0;289863;ARTUR NOGUEIRA COLEGIO ANGLO DE;Venezuela;2
PRIVADA;LIMEIRA;ARTUR NOGUEIRA;ARTUR NOGUEIRA;0;499833;SOLARIUM NUCLEO DE EDUCACAO INFANTIL;Peru;1
PRIVADA;LIMEIRA;COSMOPOLIS;COSMOPOLIS;0;165086;ARTE EMPREENDIMENTOS EDUCACIONAIS ESCOLA;Japão;1
PRIVADA;LIMEIRA;COSMOPOLIS;COSMOPOLIS;0;456093;COLEGIO MONTESSORI;Japão;1
PRIVADA;LIMEIRA;ENGENHEIRO COELHO;ENGENHEIRO COELHO;40;139968;ADVENTISTA UNASP COLEGIO;Angola;6
PRIVADA;LIMEIRA;ENGENHEIRO COELHO;ENGENHEIRO COELHO;40;139968;ADVENTISTA UNASP COLEGIO;Bolívia;1
PRIVADA;LIMEIRA;ENGENHEIRO COELHO;ENGENHEIRO COELHO;40;139968;ADVENTISTA UNASP COLEGIO;Chile;1
PRIVADA;LIMEIRA;ENGENHEIRO COELHO;ENGENHEIRO COELHO;40;139968;ADVENTISTA UNASP COLEGIO;Coreia do Sul;1
PRIVADA;LIMEIRA;ENGENHEIRO COELHO;ENGENHEIRO COELHO;40;139968;ADVENTISTA UNASP COLEGIO;Equador;2
PRIVADA;LIMEIRA;ENGENHEIRO COELHO;ENGENHEIRO COELHO;40;139968;ADVENTISTA UNASP COLEGIO;Estados Unidos da América;11
PRIVADA;LIMEIRA;ENGENHEIRO COELHO;ENGENHEIRO COELHO;40;139968;ADVENTISTA UNASP COLEGIO;Japão;1
PRIVADA;LIMEIRA;IRACEMAPOLIS;IRACEMAPOLIS;0;561629;ALEGRIA ESCOLA DE EDUCACAO INFANTIL;Argentina;1
PRIVADA;LIMEIRA;LIMEIRA;LIMEIRA;0;7151;ESCOLA DE EDUCACAO JANDYRA INFANTIL;Argentina;1
PRIVADA;LIMEIRA;LIMEIRA;LIMEIRA;0;113487;GASPARZINHO EEI E COL SAO BENEDITO DE ENSINO FUND E MEDIO;Estados Unidos da América;1
PRIVADA;LIMEIRA;LIMEIRA;LIMEIRA;0;136074;PROCOTIL EDUCACIONAL;Haiti;4
PRIVADA;LIMEIRA;LIMEIRA;LIMEIRA;0;152812;JANDYRA ANTUNES ROSA PROFESSORA COLEGIO;Argentina;1
PRIVADA;LIMEIRA;LIMEIRA;LIMEIRA;0;152812;JANDYRA ANTUNES ROSA PROFESSORA COLEGIO;México;1
PRIVADA;LIMEIRA;LIMEIRA;LIMEIRA;0;152812;JANDYRA ANTUNES ROSA PROFESSORA COLEGIO;Ucrânia;2
PRIVADA;LIMEIRA;LIMEIRA;LIMEIRA;0;152821;SAO FRANCISCO COLEGIO;China;1
PRIVADA;LIMEIRA;LIMEIRA;LIMEIRA;0;187598;INTEGRACAO ESCOLA DE EDUCACAO INFANTIL;Egipto;1
PRIVADA;LIMEIRA;LIMEIRA;LIMEIRA;0;297938;DA VINCI COLEGIO;Emiratos Árabes Unidos;1
PRIVADA;LIMEIRA;LIMEIRA;LIMEIRA;0;297938;DA VINCI COLEGIO;Estados Unidos da América;1
PRIVADA;LIMEIRA;LIMEIRA;LIMEIRA;0;388786;LICEU PORTINARI DE ENSINO MEDIO;Itália;1
PRIVADA;LIMEIRA;LIMEIRA;LIMEIRA;0;481580;APROVADO COLEGIO E CURSO;Bolívia;1
PRIVADA;LIMEIRA;LIMEIRA;LIMEIRA;0;481580;APROVADO COLEGIO E CURSO;Espanha;3
PRIVADA;LIMEIRA;LIMEIRA;LIMEIRA;0;811142;PORTAL DE LIMEIRA COLEGIO;Japão;1
PRIVADA;LIMEIRA;LIMEIRA;LIMEIRA;12;149032;SENAC LIMEIRA;Venezuela;1
PRIVADA;LIMEIRA;LIMEIRA;LIMEIRA;40;139932;ADVENTISTA COLEGIO;Japão;1
PRIVADA;LIMEIRA;LIMEIRA;LIMEIRA;48;286849;PEQUENO URSO ESCOLA DE EDUCACAO INFANTIL;Peru;1
PRIVADA;LIMEIRA;RIO CLARO;RIO CLARO;0;4193;COLEGIO DOM BOSCO RIO CLARO;Reino Unido da Grã-Bretanha e Irlanda do Norte;1
PRIVADA;LIMEIRA;RIO CLARO;RIO CLARO;0;114078;KOELLE COLEGIO;Austrália;1
PRIVADA;LIMEIRA;RIO CLARO;RIO CLARO;0;114078;KOELLE COLEGIO;Canadá;1
PRIVADA;LIMEIRA;RIO CLARO;RIO CLARO;0;114078;KOELLE COLEGIO;Japão;1
PRIVADA;LIMEIRA;RIO CLARO;RIO CLARO;0;159037;RIO CLARO COMPLEXO EDUCACIONAL;Argentina;1
PRIVADA;LIMEIRA;RIO CLARO;RIO CLARO;0;263072;EDUQ COMPLEXO EDUCACIONAL;Argentina;1
PRIVADA;LIMEIRA;RIO CLARO;RIO CLARO;0;263072;EDUQ COMPLEXO EDUCACIONAL;Colômbia;1
PRIVADA;LIMEIRA;RIO CLARO;RIO CLARO;0;263072;EDUQ COMPLEXO EDUCACIONAL;Estados Unidos da América;1
PRIVADA;LIMEIRA;RIO CLARO;RIO CLARO;0;263072;EDUQ COMPLEXO EDUCACIONAL;Reino Unido da Grã-Bretanha e Irlanda do Norte;1
PRIVADA;LINS;LINS;LINS;0;130618;SAO FRANCISCO INSTITUTO EDUCACIONAL;Japão;1
PRIVADA;LINS;LINS;LINS;0;154556;ADVENTISTA DE LINS ESCOLA;Japão;1
PRIVADA;LINS;LINS;LINS;0;154556;ADVENTISTA DE LINS ESCOLA;Peru;1
PRIVADA;LINS;LINS;LINS;40;115915;NOSSA SENHORA AUXILIADORA CENTRO EDUCACIONAL;Estados Unidos da América;1
PRIVADA;LINS;LINS;LINS;40;115927;AMERICANO DE LINS INSTITUTO;Portugal;1
PRIVADA;LINS;PROMISSAO;PROMISSAO;0;808660;LC COLEGIO;Japão;1
PRIVADA;MARILIA;GARCA;GARCA;0;150745;LUMEN COLEGIO;Estados Unidos da América;1
PRIVADA;MARILIA;GARCA;GARCA;40;117481;SANTO ANTONIO COLEGIO;Japão;2
PRIVADA;MARILIA;MARILIA;MARILIA;0;117500;INTERACAO DE MARILIA COLEGIO;Japão;12
PRIVADA;MARILIA;MARILIA;MARILIA;0;117500;INTERACAO DE MARILIA COLEGIO;Suíça;1
PRIVADA;MARILIA;MARILIA;MARILIA;0;117547;CRIATIVO COLEGIO;Estados Unidos da América;1
PRIVADA;MARILIA;MARILIA;MARILIA;0;117547;CRIATIVO COLEGIO;Japão;2
PRIVADA;MARILIA;MARILIA;MARILIA;0;126007;COMPACTO DE MARILIA COLEGIO;Japão;2
PRIVADA;MARILIA;MARILIA;MARILIA;0;126044;CURSOS PROVE  ESCOLA DE ENSINO FUNDAMENTAL E MEDIO;Japão;3
PRIVADA;MARILIA;MARILIA;MARILIA;0;150654;AGUA VIVA COLEGIO;Japão;2
PRIVADA;MARILIA;MARILIA;MARILIA;0;173241;ASSEMBLEIANO DE MARILIA COLEGIO;Japão;1
PRIVADA;MARILIA;MARILIA;MARILIA;0;268744;SAGRADA FAMILIA INSTITUTO EDUCACIONAL;Japão;1
PRIVADA;MARILIA;MARILIA;MARILIA;0;342956;ESMERALDAS DE MARILIA COLEGIO;Coreia do Sul;2
PRIVADA;MARILIA;MARILIA;MARILIA;0;342956;ESMERALDAS DE MARILIA COLEGIO;Coreia, República Democrática da (Coreia do Norte);1
PRIVADA;MARILIA;MARILIA;MARILIA;0;342956;ESMERALDAS DE MARILIA COLEGIO;Japão;1
PRIVADA;MARILIA;MARILIA;MARILIA;0;569148;COLEGIO DA POLICIA MILITAR  UNIDADE MARILIA;Japão;1
PRIVADA;MARILIA;MARILIA;MARILIA;0;810095;ESQUEMA UNICO COLEGIO;Chile;1
PRIVADA;MARILIA;MARILIA;MARILIA;0;810095;ESQUEMA UNICO COLEGIO;China;1
PRIVADA;MARILIA;MARILIA;MARILIA;0;810095;ESQUEMA UNICO COLEGIO;Japão;2
PRIVADA;MARILIA;MARILIA;MARILIA;0;810095;ESQUEMA UNICO COLEGIO;Portugal;3
PRIVADA;MARILIA;MARILIA;MARILIA;12;148933;SENAC MARILIA;Angola;1
PRIVADA;MARILIA;MARILIA;MARILIA;12;148933;SENAC MARILIA;Colômbia;2
PRIVADA;MARILIA;MARILIA;MARILIA;14;117535;SESI 308 CENTRO EDUCACIONAL;Japão;1
PRIVADA;MARILIA;MARILIA;MARILIA;40;5744;ESCOLA ADVENTISTA DE MARILIA;Japão;1
PRIVADA;MARILIA;MARILIA;MARILIA;40;117560;BEZERRA DE MENEZES COLEGIO EIFM E TECNICO;Rússia;1
PRIVADA;MARILIA;MARILIA;MARILIA;40;117572;CRISTO REI COLEGIO;Estados Unidos da América;4
PRIVADA;MARILIA;MARILIA;MARILIA;40;117572;CRISTO REI COLEGIO;Japão;2
PRIVADA;MARILIA;MARILIA;MARILIA;40;117572;CRISTO REI COLEGIO;Lituânia;1
PRIVADA;MARILIA;MARILIA;MARILIA;40;169808;LAR DA CRIANCA;Venezuela;1
PRIVADA;MARILIA;POMPEIA;POMPEIA;0;141616;SHUNJI NISHIMURA COLEGIO;Japão;1
PRIVADA;MARILIA;POMPEIA;POMPEIA;13;442720;SHUNJI NISHIMURA ESCOLA SENAI;Japão;2
PRIVADA;MAUA;MAUA;MAUA;0;5005;NUCLEO EDUCACIONAL JARDIM RENILKIDS;Estados Unidos da América;1
PRIVADA;MAUA;MAUA;MAUA;0;108613;BARAO DE MAUA COLEGIO;Japão;1
PRIVADA;MAUA;MAUA;MAUA;0;125817;OPCAO ESCOLA UNIDADE II;Bolívia;1
PRIVADA;MAUA;MAUA;MAUA;0;125817;OPCAO ESCOLA UNIDADE II;México;1
PRIVADA;MAUA;MAUA;MAUA;0;125817;OPCAO ESCOLA UNIDADE II;Portugal;1
PRIVADA;MAUA;MAUA;MAUA;0;150548;METODO COLEGIO;China;1
PRIVADA;MAUA;MAUA;MAUA;0;185383;OBJETIVO MAUA CENTRO EDUCACIONAL;Japão;1
PRIVADA;MAUA;MAUA;MAUA;0;286059;STANDARD COLEGIO TECNICO UNIDADE II;Haiti;1
PRIVADA;MAUA;MAUA;MAUA;0;447080;MPV IBE INSTITUTO BRASILEIRO DOS ESTETICISTAS;Peru;1
PRIVADA;MAUA;MAUA;MAUA;0;464259;DRUMMOND COLEGIO;Cuba;1
PRIVADA;MAUA;MAUA;MAUA;0;464259;DRUMMOND COLEGIO;Itália;1
PRIVADA;MAUA;MAUA;MAUA;0;464259;DRUMMOND COLEGIO;Venezuela;1
PRIVADA;MAUA;MAUA;MAUA;0;810940;RAIOS DE SOL COLEGIO;Japão;1
PRIVADA;MAUA;MAUA;MAUA;40;108601;ALEXANDRE VENANCIO ARMINAS MONS COLEGIO;Chile;2
PRIVADA;MAUA;MAUA;MAUA;40;108601;ALEXANDRE VENANCIO ARMINAS MONS COLEGIO;China;1
PRIVADA;MAUA;MAUA;MAUA;40;108601;ALEXANDRE VENANCIO ARMINAS MONS COLEGIO;Japão;1
PRIVADA;MAUA;MAUA;MAUA;51;4671;COLEGIO ADVENTISTA DE MAUA;Itália;1
PRIVADA;MAUA;RIBEIRAO PIRES;RIBEIRAO PIRES;0;108637;COLEGIO ENAU;Japão;1
PRIVADA;MAUA;RIBEIRAO PIRES;RIBEIRAO PIRES;0;128120;GRAN LEONE COLEGIO;Japão;1
PRIVADA;MAUA;RIBEIRAO PIRES;RIBEIRAO PIRES;0;440656;CLARASSOTI COLEGIO;Nicarágua;1
PRIVADA;MAUA;RIBEIRAO PIRES;RIBEIRAO PIRES;1;146328;VALENTINO REDIVO EEIEF;Venezuela;1
PRIVADA;MIRACATU;IGUAPE;IGUAPE;0;150605;SANTO AGOSTINHO ESCOLA;Bolívia;1
PRIVADA;MIRACATU;IGUAPE;IGUAPE;0;150605;SANTO AGOSTINHO ESCOLA;Japão;1
PRIVADA;MIRACATU;IGUAPE;IGUAPE;0;150630;CIDADE DE IGUAPE COLEGIO;Portugal;1
PRIVADA;MIRACATU;IGUAPE;IGUAPE;0;150630;CIDADE DE IGUAPE COLEGIO;Venezuela;1
PRIVADA;MIRACATU;MIRACATU;MIRACATU;0;809007;INSTITUTO LOGOS DE EDUCACAO PRESBITERIANO UNIDADE II;Uruguai;1
PRIVADA;MIRANTE DO PARANAPANEMA;ROSANA;ROSANA;0;446294;SOPHUS COLEGIO;Portugal;2
PRIVADA;MOGI DAS CRUZES;BIRITIBA-MIRIM;BIRITIBA-MIRIM;0;567541;PEQ KIDS COLEGIO;Filipinas;1
PRIVADA;MOGI DAS CRUZES;BRAS CUBAS;MOGI DAS CRUZES;0;7335;CEIM DIRCEU DO VALLE PROF;Venezuela;1
PRIVADA;MOGI DAS CRUZES;BRAS CUBAS;MOGI DAS CRUZES;14;131039;SESI 413 CENTRO EDUCACIONAL;Estados Unidos da América;1
PRIVADA;MOGI DAS CRUZES;BRAS CUBAS;MOGI DAS CRUZES;48;195327;CEIM ANNA BECKER SALEM DRA;Estados Unidos da América;1
PRIVADA;MOGI DAS CRUZES;MOGI DAS CRUZES;MOGI DAS CRUZES;0;4468;ESCOLA DE EDUCACAO INFANTIL SAINT THOMAS  INTERNACIONAL SCHOOL  EDUCACAO BRITANICA BRASILEIRA;Líbia;1
PRIVADA;MOGI DAS CRUZES;MOGI DAS CRUZES;MOGI DAS CRUZES;0;83720;UNIVERSO DA EDUCACAO BASICA;Líbia;4
PRIVADA;MOGI DAS CRUZES;MOGI DAS CRUZES;MOGI DAS CRUZES;0;108339;SANTA MONICA COLEGIO;Colômbia;1
PRIVADA;MOGI DAS CRUZES;MOGI DAS CRUZES;MOGI DAS CRUZES;0;108339;SANTA MONICA COLEGIO;Luxemburgo;1
PRIVADA;MOGI DAS CRUZES;MOGI DAS CRUZES;MOGI DAS CRUZES;0;108376;BRAZ CUBAS LICEU;Bolívia;2
PRIVADA;MOGI DAS CRUZES;MOGI DAS CRUZES;MOGI DAS CRUZES;0;108376;BRAZ CUBAS LICEU;Japão;1
PRIVADA;MOGI DAS CRUZES;MOGI DAS CRUZES;MOGI DAS CRUZES;0;118072;GUTENBERG COLEGIO;Costa Rica;3
PRIVADA;MOGI DAS CRUZES;MOGI DAS CRUZES;MOGI DAS CRUZES;0;118072;GUTENBERG COLEGIO;Japão;2
PRIVADA;MOGI DAS CRUZES;MOGI DAS CRUZES;MOGI DAS CRUZES;0;122993;ARUA COLEGIO;Argentina;1
PRIVADA;MOGI DAS CRUZES;MOGI DAS CRUZES;MOGI DAS CRUZES;0;122993;ARUA COLEGIO;Coreia do Sul;1
PRIVADA;MOGI DAS CRUZES;MOGI DAS CRUZES;MOGI DAS CRUZES;0;126974;OBJETIVO INTEGRADO DE MOGI DAS CRUZES COLEGIO;Colômbia;1
PRIVADA;MOGI DAS CRUZES;MOGI DAS CRUZES;MOGI DAS CRUZES;0;126974;OBJETIVO INTEGRADO DE MOGI DAS CRUZES COLEGIO;Espanha;1
PRIVADA;MOGI DAS CRUZES;MOGI DAS CRUZES;MOGI DAS CRUZES;0;126974;OBJETIVO INTEGRADO DE MOGI DAS CRUZES COLEGIO;Estados Unidos da América;2
PRIVADA;MOGI DAS CRUZES;MOGI DAS CRUZES;MOGI DAS CRUZES;0;135094;BRASILIS COLEGIO;África do Sul;1
PRIVADA;MOGI DAS CRUZES;MOGI DAS CRUZES;MOGI DAS CRUZES;0;135094;BRASILIS COLEGIO;Argentina;1
PRIVADA;MOGI DAS CRUZES;MOGI DAS CRUZES;MOGI DAS CRUZES;0;135094;BRASILIS COLEGIO;França;2
PRIVADA;MOGI DAS CRUZES;MOGI DAS CRUZES;MOGI DAS CRUZES;0;135100;TOMAS AGOSTINHO COLEGIO;Irão;1
PRIVADA;MOGI DAS CRUZES;MOGI DAS CRUZES;MOGI DAS CRUZES;0;135100;TOMAS AGOSTINHO COLEGIO;Portugal;1
PRIVADA;MOGI DAS CRUZES;MOGI DAS CRUZES;MOGI DAS CRUZES;0;152110;ATIVA DE EDUCACAO E CULTURA COLEGIO;China;2
PRIVADA;MOGI DAS CRUZES;MOGI DAS CRUZES;MOGI DAS CRUZES;0;152110;ATIVA DE EDUCACAO E CULTURA COLEGIO;Japão;1
PRIVADA;MOGI DAS CRUZES;MOGI DAS CRUZES;MOGI DAS CRUZES;0;152195;ALMA MATER COLEGIO;Japão;1
PRIVADA;MOGI DAS CRUZES;MOGI DAS CRUZES;MOGI DAS CRUZES;0;152249;COLEGIO FRANCISCANO SEIBO;Japão;1
PRIVADA;MOGI DAS CRUZES;MOGI DAS CRUZES;MOGI DAS CRUZES;0;179486;INTERATIVO COLEGIO;Estados Unidos da América;1
PRIVADA;MOGI DAS CRUZES;MOGI DAS CRUZES;MOGI DAS CRUZES;0;179565;VALE ENCANTADO COLEGIO;Japão;1
PRIVADA;MOGI DAS CRUZES;MOGI DAS CRUZES;MOGI DAS CRUZES;0;193914;ALFABETO COLEGIO;Japão;1
PRIVADA;MOGI DAS CRUZES;MOGI DAS CRUZES;MOGI DAS CRUZES;0;265378;ROSA MARIYN COLEGIO TECNICO;Espanha;1
PRIVADA;MOGI DAS CRUZES;MOGI DAS CRUZES;MOGI DAS CRUZES;0;290762;ASSOCIACAO DE DESENVOLVIMENTO EDUCACIONAL CSM;Estados Unidos da América;3
PRIVADA;MOGI DAS CRUZES;MOGI DAS CRUZES;MOGI DAS CRUZES;0;290762;ASSOCIACAO DE DESENVOLVIMENTO EDUCACIONAL CSM;Guatemala;1
PRIVADA;MOGI DAS CRUZES;MOGI DAS CRUZES;MOGI DAS CRUZES;0;290762;ASSOCIACAO DE DESENVOLVIMENTO EDUCACIONAL CSM;Toquelau;1
PRIVADA;MOGI DAS CRUZES;MOGI DAS CRUZES;MOGI DAS CRUZES;0;299182;MILLENIUM CONSTRUTIVO COLEGIO;Canadá;1
PRIVADA;MOGI DAS CRUZES;MOGI DAS CRUZES;MOGI DAS CRUZES;0;299182;MILLENIUM CONSTRUTIVO COLEGIO;China;1
PRIVADA;MOGI DAS CRUZES;MOGI DAS CRUZES;MOGI DAS CRUZES;0;429673;NEC INSTITUTO EDUCACIONAL;Japão;1
PRIVADA;MOGI DAS CRUZES;MOGI DAS CRUZES;MOGI DAS CRUZES;0;455052;NUCLEO EDUCACIONAL ITALO BRASILEIRO  NEIB;Líbia;1
PRIVADA;MOGI DAS CRUZES;MOGI DAS CRUZES;MOGI DAS CRUZES;0;561502;MONTE OLIMPO EDUCACAO INFANTIL;Estados Unidos da América;1
PRIVADA;MOGI DAS CRUZES;MOGI DAS CRUZES;MOGI DAS CRUZES;40;108352;ADVENTISTA DE MOGI DAS CRUZES COLEGIO;China;1
PRIVADA;MOGI DAS CRUZES;MOGI DAS CRUZES;MOGI DAS CRUZES;40;108352;ADVENTISTA DE MOGI DAS CRUZES COLEGIO;Japão;1
PRIVADA;MOGI DAS CRUZES;MOGI DAS CRUZES;MOGI DAS CRUZES;40;108364;PLACIDINA DONA INSTITUTO;China;1
PRIVADA;MOGI DAS CRUZES;MOGI DAS CRUZES;MOGI DAS CRUZES;40;108364;PLACIDINA DONA INSTITUTO;Japão;1
PRIVADA;MOGI DAS CRUZES;MOGI DAS CRUZES;MOGI DAS CRUZES;40;186466;MARIA MAE DO DIVINO AMOR ESCOLA II;Paraguai;1
PRIVADA;MOGI DAS CRUZES;MOGI DAS CRUZES;MOGI DAS CRUZES;48;5364;CEIM  JORNALISTA JOSE DE MOURA SANTOS;Paraguai;1
PRIVADA;MOGI DAS CRUZES;MOGI DAS CRUZES;MOGI DAS CRUZES;48;195397;CEIM MARA FIERRO MACHADO PIRES;Angola;1
PRIVADA;MOGI DAS CRUZES;TAIACUPEBA;MOGI DAS CRUZES;48;109769;CEIM JULIA DE MORAES SIQUEIRA;Peru;2
PRIVADA;MOGI MIRIM;AMPARO;AMPARO;0;440383;TEMA COLEGIO;Argentina;1
PRIVADA;MOGI MIRIM;AMPARO;AMPARO;0;444704;MONTEIRO LOBATO ESCOLA DE EDUCACAO INFANTIL;Equador;1
PRIVADA;MOGI MIRIM;HOLAMBRA;HOLAMBRA;0;112288;SAO PAULO ESCOLA EDUCACAO INFANTIL EIFM;Alemanha;1
PRIVADA;MOGI MIRIM;HOLAMBRA;HOLAMBRA;0;112288;SAO PAULO ESCOLA EDUCACAO INFANTIL EIFM;Venezuela;1
PRIVADA;MOGI MIRIM;ITAPIRA;ITAPIRA;0;158513;COLEGIO COC ITAPIRA;Síria;2
PRIVADA;MOGI MIRIM;MOGI GUACU;MOGI GUACU;0;4140;CENTRO EDUCACIONAL BASE;Japão;1
PRIVADA;MOGI MIRIM;MOGI GUACU;MOGI GUACU;0;140685;INTEGRAL APLICADO COLEGIO;Reino Unido da Grã-Bretanha e Irlanda do Norte;1
PRIVADA;MOGI MIRIM;MOGI GUACU;MOGI GUACU;0;150022;MONTEIRO LOBATO COLEGIO;Estados Unidos da América;2
PRIVADA;MOGI MIRIM;MOGI GUACU;MOGI GUACU;0;175687;COLEGIO ADVENTISTA DE MOGI GUACU;Espanha;1
PRIVADA;MOGI MIRIM;MOGI GUACU;MOGI GUACU;0;175687;COLEGIO ADVENTISTA DE MOGI GUACU;Japão;1
PRIVADA;MOGI MIRIM;MOGI GUACU;MOGI GUACU;0;185322;LITTERAL CENTRO EDUCACIONAL;Cuba;2
PRIVADA;MOGI MIRIM;MOGI GUACU;MOGI GUACU;0;265524;MARIO COVAS GOVERNADOR CENTRO GUACUANO DE ED PROFISSIONAL;Colômbia;1
PRIVADA;MOGI MIRIM;MOGI GUACU;MOGI GUACU;13;147400;ESCOLA SENAI DE MOGI GUACU;Japão;1
PRIVADA;MOGI MIRIM;MOGI MIRIM;MOGI MIRIM;0;5139;ESCOLA CANADENSE BILINGUE MOGIANA;Estados Unidos da América;1
PRIVADA;MOGI MIRIM;MOGI MIRIM;MOGI MIRIM;0;288998;EDUCAR INSTITUTO EDUCACIONAL;Argentina;1
PRIVADA;MOGI MIRIM;MOGI MIRIM;MOGI MIRIM;0;334736;INTELIGENTE SISTEMA DE EDUCACAO;China;1
PRIVADA;MOGI MIRIM;MOGI MIRIM;MOGI MIRIM;40;168142;CARLOTA LIMA DE CARVALHO E SILVA CASA DA CRIANCA;Guiné-Bissau;2
PRIVADA;MOGI MIRIM;MOGI MIRIM;MOGI MIRIM;40;168154;MOGI MIRIM CCI DE;Paraguai;1
PRIVADA;MOGI MIRIM;MOGI MIRIM;MOGI MIRIM;40;168154;MOGI MIRIM CCI DE;Venezuela;2
PRIVADA;MOGI MIRIM;PEDREIRA;PEDREIRA;0;7141;INSTITUTO EDUCACIONAL VILA;Peru;1
PRIVADA;MOGI MIRIM;PEDREIRA;PEDREIRA;0;158690;COLEGIO OBJETIVO PEDREIRA;Japão;1
PRIVADA;NORTE 1;ANHANGUERA;SAO PAULO;0;293532;OLIVEIRA FERREIRA COLEGIO;Bolívia;2
PRIVADA;NORTE 1;ANHANGUERA;SAO PAULO;0;808003;SEMEAR COLEGIO;Estados Unidos da América;1
PRIVADA;NORTE 1;BRASILANDIA;SAO PAULO;0;579051;ESCOLA TECNICA SEQUENCIAL UNIDADE BRASILANDIA;Bolívia;4
PRIVADA;NORTE 1;FREGUESIA DO O;SAO PAULO;0;100328;WELLINGTON CENTRO DE ENSINO INTEGRADO;Itália;1
PRIVADA;NORTE 1;FREGUESIA DO O;SAO PAULO;0;103561;AMORIM DE FRANCA COLEGIO;Bolívia;1
PRIVADA;NORTE 1;FREGUESIA DO O;SAO PAULO;0;126536;RICARO COLEGIO UNIDADE I;Cuba;1
PRIVADA;NORTE 1;FREGUESIA DO O;SAO PAULO;0;131805;CAMPOS SALLES COLEGIO UNIDADE II;Portugal;1
PRIVADA;NORTE 1;FREGUESIA DO O;SAO PAULO;0;154854;GENESE COLEGIO;Líbano;1
PRIVADA;NORTE 1;FREGUESIA DO O;SAO PAULO;0;174336;ARCIERI CIAMPONE COLEGIO;Estados Unidos da América;1
PRIVADA;NORTE 1;FREGUESIA DO O;SAO PAULO;0;174336;ARCIERI CIAMPONE COLEGIO;Japão;1
PRIVADA;NORTE 1;FREGUESIA DO O;SAO PAULO;0;189406;MEDICI COLEGIO;Estados Unidos da América;1
PRIVADA;NORTE 1;FREGUESIA DO O;SAO PAULO;0;810307;BEKA COLEGIO UNIDADE III;Paraguai;1
PRIVADA;NORTE 1;JAGUARA;SAO PAULO;0;286655;PLANETA CRIANCA ESCOLA;Líbano;1
PRIVADA;NORTE 1;JARAGUA;SAO PAULO;0;118990;VACCARO COLEGIO;Colômbia;1
PRIVADA;NORTE 1;JARAGUA;SAO PAULO;0;118990;VACCARO COLEGIO;Japão;1
PRIVADA;NORTE 1;JARAGUA;SAO PAULO;0;118990;VACCARO COLEGIO;Venezuela;2
PRIVADA;NORTE 1;JARAGUA;SAO PAULO;0;192247;BRASIL COLEGIO;Japão;1
PRIVADA;NORTE 1;JARAGUA;SAO PAULO;0;438315;GERMINARE ESCOLA;Itália;1
PRIVADA;NORTE 1;JARAGUA;SAO PAULO;0;438315;GERMINARE ESCOLA;Peru;1
PRIVADA;NORTE 1;JARAGUA;SAO PAULO;0;438315;GERMINARE ESCOLA;Portugal;1
PRIVADA;NORTE 1;PIRITUBA;SAO PAULO;0;71936;CANELLO MARQUES COLEGIO;Bolívia;2
PRIVADA;NORTE 1;PIRITUBA;SAO PAULO;0;71936;CANELLO MARQUES COLEGIO;China;1
PRIVADA;NORTE 1;PIRITUBA;SAO PAULO;0;100043;ESTRELA SIRIUS COLEGIO;Cuba;2
PRIVADA;NORTE 1;PIRITUBA;SAO PAULO;0;151506;MIRANDA COLEGIO DE EIFM;Estados Unidos da América;1
PRIVADA;NORTE 1;PIRITUBA;SAO PAULO;0;161238;PIRITUBANO INSTITUTO EDUCACIONAL;Reino Unido da Grã-Bretanha e Irlanda do Norte;1
PRIVADA;NORTE 1;PIRITUBA;SAO PAULO;0;170948;SAINT GERMAIN INSTITUTO DE ENSINO;Peru;1
PRIVADA;NORTE 1;PIRITUBA;SAO PAULO;0;173174;EVOLUCAO COLEGIO;Síria;1
PRIVADA;NORTE 1;PIRITUBA;SAO PAULO;0;441211;PLANETA COLEGIO EDUCACAO INFANTIL E ENSINO FUNDAMENTAL;Alemanha;1
PRIVADA;NORTE 1;PIRITUBA;SAO PAULO;13;148167;ESCOLA SENAI JORGE MAHFUZ;Bolívia;1
PRIVADA;NORTE 1;SAO DOMINGOS;SAO PAULO;0;159268;GISLAINE ROSATI INSTITUTO DE ENSINO;Venezuela;2
PRIVADA;NORTE 2;CACHOEIRINHA;SAO PAULO;0;142724;14 DE JULHO COLEGIO;Japão;2
PRIVADA;NORTE 2;CACHOEIRINHA;SAO PAULO;0;142724;14 DE JULHO COLEGIO;Líbano;1
PRIVADA;NORTE 2;CACHOEIRINHA;SAO PAULO;0;167459;VIP COLEGIO UNIDADE IMIRIM;Bolívia;1
PRIVADA;NORTE 2;CACHOEIRINHA;SAO PAULO;0;167459;VIP COLEGIO UNIDADE IMIRIM;Venezuela;1
PRIVADA;NORTE 2;CACHOEIRINHA;SAO PAULO;0;470818;NOVA CACHOERINHA UNIDADE I COLEGIO;Bolívia;1
PRIVADA;NORTE 2;CACHOEIRINHA;SAO PAULO;0;811658;NOVA DIRETRIZ COLEGIO;Bolívia;1
PRIVADA;NORTE 2;CACHOEIRINHA;SAO PAULO;40;100353;ADVENTISTA DE VILA NOVA CACHOEIRINHA COLEGIO;Bolívia;5
PRIVADA;NORTE 2;JACANA;SAO PAULO;0;7387;EDUCANDARIO SAINT MARTIN;Japão;1
PRIVADA;NORTE 2;JACANA;SAO PAULO;0;154441;ALIADO COLEGIO UNIDADE CLUBE GUAPIRA;Nova Zelândia (Aotearoa);1
PRIVADA;NORTE 2;JACANA;SAO PAULO;0;161007;LUX DEI COLEGIO;Colômbia;2
PRIVADA;NORTE 2;JACANA;SAO PAULO;0;161007;LUX DEI COLEGIO;Japão;1
PRIVADA;NORTE 2;JACANA;SAO PAULO;0;171311;AMERICO MELO COLEGIO;Colômbia;2
PRIVADA;NORTE 2;JACANA;SAO PAULO;0;171311;AMERICO MELO COLEGIO;Espanha;1
PRIVADA;NORTE 2;JACANA;SAO PAULO;0;177556;MAYARA RODRIGUES COLEGIO;Bolívia;1
PRIVADA;NORTE 2;JACANA;SAO PAULO;0;290415;MONTE SINAI COLEGIO;Bolívia;2
PRIVADA;NORTE 2;JACANA;SAO PAULO;0;290415;MONTE SINAI COLEGIO;Japão;2
PRIVADA;NORTE 2;JACANA;SAO PAULO;0;292850;CEPS WALTER PEREIRA COLEGIO;Bolívia;1
PRIVADA;NORTE 2;MANDAQUI;SAO PAULO;0;119969;CAETANO ALVARES COLEGIO;Japão;1
PRIVADA;NORTE 2;MANDAQUI;SAO PAULO;0;135471;PIONNEIRO ESCOLA NORTE;Noruega;1
PRIVADA;NORTE 2;MANDAQUI;SAO PAULO;0;138198;HORTO FLORESTAL EXTERNATO EEIFM;Espanha;1
PRIVADA;NORTE 2;MANDAQUI;SAO PAULO;0;367722;DOM BOSCO COLEGIO UNIDADE II;Austrália;1
PRIVADA;NORTE 2;MANDAQUI;SAO PAULO;0;367722;DOM BOSCO COLEGIO UNIDADE II;Canadá;1
PRIVADA;NORTE 2;MANDAQUI;SAO PAULO;0;367734;DOM BOSCO COLEGIO UNID III;Argentina;1
PRIVADA;NORTE 2;MANDAQUI;SAO PAULO;0;802815;DOM BOSCO COLEGIO UNIDADE I;Malásia;1
PRIVADA;NORTE 2;MANDAQUI;SAO PAULO;0;809482;NORMELIA BALLOCK COLEGIO;Japão;1
PRIVADA;NORTE 2;TREMEMBE;SAO PAULO;0;119106;COLEGIO IEBB EIRELI;Irlanda;1
PRIVADA;NORTE 2;TREMEMBE;SAO PAULO;0;119106;COLEGIO IEBB EIRELI;Líbano;1
PRIVADA;NORTE 2;TREMEMBE;SAO PAULO;0;126366;PRISMA INSTITUTO DE EDUCACAO E CULTURA;Irlanda;1
PRIVADA;NORTE 2;TREMEMBE;SAO PAULO;0;138265;SAO PAULO EXTERNATO;Síria;2
PRIVADA;NORTE 2;TREMEMBE;SAO PAULO;0;161780;GUIMARAES BARBOSA COLEGIO;Japão;1
PRIVADA;NORTE 2;TUCURUVI;SAO PAULO;0;119118;SAO PAULO COLEGIO;Iraque;1
PRIVADA;NORTE 2;TUCURUVI;SAO PAULO;0;143200;OBJETIVO CENTRO INTERESCOLAR UNIDADE CANTAREIRA;Bolívia;2
PRIVADA;NORTE 2;TUCURUVI;SAO PAULO;0;143200;OBJETIVO CENTRO INTERESCOLAR UNIDADE CANTAREIRA;Índia;1
PRIVADA;NORTE 2;TUCURUVI;SAO PAULO;0;150265;VIP COLEGIO JARDIM TREMEMBE;Bolívia;2
PRIVADA;NORTE 2;TUCURUVI;SAO PAULO;0;150265;VIP COLEGIO JARDIM TREMEMBE;Japão;1
PRIVADA;NORTE 2;TUCURUVI;SAO PAULO;0;150265;VIP COLEGIO JARDIM TREMEMBE;Síria;1
PRIVADA;NORTE 2;TUCURUVI;SAO PAULO;0;171189;HEITOR VILLA LOBOS COLEGIO;Japão;2
PRIVADA;NORTE 2;TUCURUVI;SAO PAULO;0;195972;IAPI COLEGIO;Bolívia;2
PRIVADA;NORTE 2;TUCURUVI;SAO PAULO;0;265925;SANTA MARIA ESCOLA TECNICA;Bolívia;2
PRIVADA;NORTE 2;TUCURUVI;SAO PAULO;0;288184;SAO JUDAS ESCOLA DE EDUCACAO ESPECIAL;Peru;1
PRIVADA;NORTE 2;TUCURUVI;SAO PAULO;0;429570;LIDIA CRUZ COLEGIO;Bélgica;1
PRIVADA;NORTE 2;TUCURUVI;SAO PAULO;0;481154;PIETRA COLEGIO UNIDADE II;Japão;2
PRIVADA;NORTE 2;TUCURUVI;SAO PAULO;0;586742;MAPLE BEAR CANTAREIRA ENSINO BILINGUE;Líbano;1
PRIVADA;NORTE 2;TUCURUVI;SAO PAULO;0;586742;MAPLE BEAR CANTAREIRA ENSINO BILINGUE;Portugal;1
PRIVADA;NORTE 2;TUCURUVI;SAO PAULO;0;809688;ALIADO COLEGIO UNIDADE JARDIM JAPAO;Bolívia;1
PRIVADA;NORTE 2;TUCURUVI;SAO PAULO;0;809688;ALIADO COLEGIO UNIDADE JARDIM JAPAO;Japão;1
PRIVADA;NORTE 2;TUCURUVI;SAO PAULO;0;812390;SHEQUINA COLEGIO;Síria;1
PRIVADA;NORTE 2;TUCURUVI;SAO PAULO;40;100912;SAO PAULO DA CRUZ COLEGIO PASSIONISTA;China;1
PRIVADA;NORTE 2;TUCURUVI;SAO PAULO;40;100912;SAO PAULO DA CRUZ COLEGIO PASSIONISTA;Japão;1
PRIVADA;NORTE 2;TUCURUVI;SAO PAULO;40;101011;ADVENTISTA DE TUCURUVI COLEGIO;Argentina;1
PRIVADA;NORTE 2;TUCURUVI;SAO PAULO;40;101011;ADVENTISTA DE TUCURUVI COLEGIO;Bolívia;2
PRIVADA;NORTE 2;TUCURUVI;SAO PAULO;40;101011;ADVENTISTA DE TUCURUVI COLEGIO;Síria;1
PRIVADA;NORTE 2;TUCURUVI;SAO PAULO;40;101096;LUIZ TEZZA PADRE COLEGIO;Bolívia;2
PRIVADA;NORTE 2;TUCURUVI;SAO PAULO;40;101096;LUIZ TEZZA PADRE COLEGIO;Síria;2
PRIVADA;NORTE 2;TUCURUVI;SAO PAULO;40;138241;SANTA TEREZINHA EXTERNATO;Japão;1
PRIVADA;NORTE 2;VILA MEDEIROS;SAO PAULO;0;117912;HELIO DE SOUZA COLEGIO;Bolívia;3
PRIVADA;NORTE 2;VILA MEDEIROS;SAO PAULO;0;117912;HELIO DE SOUZA COLEGIO;Espanha;1
PRIVADA;NORTE 2;VILA MEDEIROS;SAO PAULO;0;117912;HELIO DE SOUZA COLEGIO;Japão;1
PRIVADA;NORTE 2;VILA MEDEIROS;SAO PAULO;0;120029;EMILIA FERREIRO COLEGIO;Bolívia;1
PRIVADA;NORTE 2;VILA MEDEIROS;SAO PAULO;0;120029;EMILIA FERREIRO COLEGIO;Paraguai;1
PRIVADA;NORTE 2;VILA MEDEIROS;SAO PAULO;0;138216;SIGMUND FREUD COLEGIO;Indonésia;1
PRIVADA;NORTE 2;VILA MEDEIROS;SAO PAULO;0;138216;SIGMUND FREUD COLEGIO;Japão;3
PRIVADA;NORTE 2;VILA MEDEIROS;SAO PAULO;0;138216;SIGMUND FREUD COLEGIO;Tailândia;1
PRIVADA;NORTE 2;VILA MEDEIROS;SAO PAULO;0;140880;ISAAC NEWTON SIR COLEGIO;Angola;1
PRIVADA;NORTE 2;VILA MEDEIROS;SAO PAULO;0;140880;ISAAC NEWTON SIR COLEGIO;Bolívia;5
PRIVADA;NORTE 2;VILA MEDEIROS;SAO PAULO;0;140880;ISAAC NEWTON SIR COLEGIO;Irlanda;1
PRIVADA;NORTE 2;VILA MEDEIROS;SAO PAULO;0;140880;ISAAC NEWTON SIR COLEGIO;Japão;1
PRIVADA;NORTE 2;VILA MEDEIROS;SAO PAULO;0;141446;SANTA RITA DE CASSIA EDUCANDARIO;Japão;1
PRIVADA;NORTE 2;VILA MEDEIROS;SAO PAULO;0;171190;COLEGIO CANTINHO DA ALEGRIA  PROJETO AMPLITUDE;Bolívia;2
PRIVADA;NORTE 2;VILA MEDEIROS;SAO PAULO;0;469713;FERNANDO REIS PROFESSOR COLEGIO;Bolívia;2
PRIVADA;NORTE 2;VILA MEDEIROS;SAO PAULO;0;800090;MANUEL BANDEIRA POETA COLEGIO;Argentina;1
PRIVADA;NORTE 2;VILA MEDEIROS;SAO PAULO;0;800090;MANUEL BANDEIRA POETA COLEGIO;Bolívia;3
PRIVADA;NORTE 2;VILA MEDEIROS;SAO PAULO;0;800090;MANUEL BANDEIRA POETA COLEGIO;Peru;1
PRIVADA;OSASCO;OSASCO;OSASCO;0;4874;COLEGIO ESCOPO;Bolívia;1
PRIVADA;OSASCO;OSASCO;OSASCO;0;5014;COLEGIO SAO JOSE DA DIVINA PROVIDENCIA;Estados Unidos da América;1
PRIVADA;OSASCO;OSASCO;OSASCO;0;6242;ASSOCIACAO MARIA QUITERIA DE SAO PAULO;Venezuela;1
PRIVADA;OSASCO;OSASCO;OSASCO;0;6628;ESPACO ENCANTADO CARINHA DE ANJO;Espanha;1
PRIVADA;OSASCO;OSASCO;OSASCO;0;109393;APLICACAO DE OSASCO COLEGIO;China;1
PRIVADA;OSASCO;OSASCO;OSASCO;0;109393;APLICACAO DE OSASCO COLEGIO;Reino Unido da Grã-Bretanha e Irlanda do Norte;1
PRIVADA;OSASCO;OSASCO;OSASCO;0;109400;FERNAO DIAS PAIS COLEGIO;Colômbia;1
PRIVADA;OSASCO;OSASCO;OSASCO;0;109435;NOSSA SENHORA DE MISERICORDIA COLEGIO;China;1
PRIVADA;OSASCO;OSASCO;OSASCO;0;109435;NOSSA SENHORA DE MISERICORDIA COLEGIO;Japão;1
PRIVADA;OSASCO;OSASCO;OSASCO;0;109435;NOSSA SENHORA DE MISERICORDIA COLEGIO;Noruega;1
PRIVADA;OSASCO;OSASCO;OSASCO;0;109472;FITO ESCOLA DE EDUCACAO BASICA UNIDADE I;Argentina;2
PRIVADA;OSASCO;OSASCO;OSASCO;0;109472;FITO ESCOLA DE EDUCACAO BASICA UNIDADE I;Japão;1
PRIVADA;OSASCO;OSASCO;OSASCO;0;120637;PADRE ANCHIETA COLEGIO;China;1
PRIVADA;OSASCO;OSASCO;OSASCO;0;120637;PADRE ANCHIETA COLEGIO;Estados Unidos da América;1
PRIVADA;OSASCO;OSASCO;OSASCO;0;130928;SETA COLEGIO;Argentina;1
PRIVADA;OSASCO;OSASCO;OSASCO;0;130941;HAYA CURSO E COLEGIO II;Bolívia;1
PRIVADA;OSASCO;OSASCO;OSASCO;0;130941;HAYA CURSO E COLEGIO II;China;1
PRIVADA;OSASCO;OSASCO;OSASCO;0;132412;VIDA COLEGIO;Espanha;2
PRIVADA;OSASCO;OSASCO;OSASCO;0;154908;DESAFIO CENTRO EDUCACIONAL;Estados Unidos da América;1
PRIVADA;OSASCO;OSASCO;OSASCO;0;154908;DESAFIO CENTRO EDUCACIONAL;Japão;2
PRIVADA;OSASCO;OSASCO;OSASCO;0;159897;MANOEL MORATTO COLEGIO;Japão;1
PRIVADA;OSASCO;OSASCO;OSASCO;0;160258;PRESBITERIANO COLEGIO;Estados Unidos da América;1
PRIVADA;OSASCO;OSASCO;OSASCO;0;166832;INSTITUTO EDUCACIONAL E CULTURAL FILADELFIA;Japão;1
PRIVADA;OSASCO;OSASCO;OSASCO;0;176382;MICHELINI PROFA INSTITUTO EDUCACIONAL;Bolívia;1
PRIVADA;OSASCO;OSASCO;OSASCO;0;197300;RA TIM BUM ESCOLA DE EDUCACAO INFANTIL;México;1
PRIVADA;OSASCO;OSASCO;OSASCO;0;291663;INOVACAO COLEGIO;Bolívia;2
PRIVADA;OSASCO;OSASCO;OSASCO;0;300019;RECRIARTE COLEGIO;Itália;1
PRIVADA;OSASCO;OSASCO;OSASCO;0;300214;SANTOS DUMONT COLEGIO;Japão;1
PRIVADA;OSASCO;OSASCO;OSASCO;0;343336;CLARA LUZ INSTITUTO EDUCACIONAL;Bolívia;1
PRIVADA;OSASCO;OSASCO;OSASCO;0;343336;CLARA LUZ INSTITUTO EDUCACIONAL;Chile;1
PRIVADA;OSASCO;OSASCO;OSASCO;0;343336;CLARA LUZ INSTITUTO EDUCACIONAL;Cuba;1
PRIVADA;OSASCO;OSASCO;OSASCO;0;343336;CLARA LUZ INSTITUTO EDUCACIONAL;Haiti;1
PRIVADA;OSASCO;OSASCO;OSASCO;0;343336;CLARA LUZ INSTITUTO EDUCACIONAL;Nigéria;2
PRIVADA;OSASCO;OSASCO;OSASCO;0;343336;CLARA LUZ INSTITUTO EDUCACIONAL;Venezuela;3
PRIVADA;OSASCO;OSASCO;OSASCO;0;450509;CULTURA DE OSASCO COLEGIO;Venezuela;1
PRIVADA;OSASCO;OSASCO;OSASCO;0;465616;MANASSES COLEGIO;Colômbia;1
PRIVADA;OSASCO;OSASCO;OSASCO;0;481087;INTERATIVO PESTALOZZI COLEGIO;Bolívia;2
PRIVADA;OSASCO;OSASCO;OSASCO;0;481087;INTERATIVO PESTALOZZI COLEGIO;Venezuela;1
PRIVADA;OSASCO;OSASCO;OSASCO;0;567929;ESCOPO COLEGIO;Japão;2
PRIVADA;OSASCO;OSASCO;OSASCO;0;568582;STAR MAX COLEGIO;Japão;1
PRIVADA;OSASCO;OSASCO;OSASCO;0;583571;CENTRO EDUCACIONAL SAPIENZA;Estados Unidos da América;1
PRIVADA;OSASCO;OSASCO;OSASCO;0;803844;HAYA INSTITUTO EDUCACIONAL;Chile;1
PRIVADA;OSASCO;OSASCO;OSASCO;0;809111;ATENEU COLEGIO;México;1
PRIVADA;OSASCO;OSASCO;OSASCO;40;109460;ASSIS CHATEAUBRIAND EMB EEFMEPJA;Japão;1
PRIVADA;OSASCO;OSASCO;OSASCO;40;144745;ADVENTISTA COLEGIO DE VILA YARA;Colômbia;1
PRIVADA;OSASCO;OSASCO;OSASCO;40;144745;ADVENTISTA COLEGIO DE VILA YARA;Estados Unidos da América;4
PRIVADA;OSASCO;OSASCO;OSASCO;40;144745;ADVENTISTA COLEGIO DE VILA YARA;Itália;1
PRIVADA;OSASCO;OSASCO;OSASCO;40;144745;ADVENTISTA COLEGIO DE VILA YARA;Portugal;1
PRIVADA;OSASCO;OSASCO;OSASCO;40;144745;ADVENTISTA COLEGIO DE VILA YARA;Reino Unido da Grã-Bretanha e Irlanda do Norte;1
PRIVADA;OSASCO;OSASCO;OSASCO;48;381469;RECANTO DO APRENDER CRECHE;Bolívia;1
PRIVADA;OSASCO;OSASCO;OSASCO;48;381697;BRILHO DO APRENDER CRECHE;Peru;1
PRIVADA;OURINHOS;BERNARDINO DE CAMPOS;BERNARDINO DE CAMPOS;0;518682;SEMEAR OBJETIVO CENTRO EDUCACIONAL;Cuba;1
PRIVADA;OURINHOS;OURINHOS;OURINHOS;0;117705;SANTO ANTONIO COLEGIO;Japão;1
PRIVADA;OURINHOS;SANTA CRUZ DO RIO PARDO;SANTA CRUZ DO RIO PARDO;0;132861;XERETA ESCOLA DE EDUCACAO INFANTIL;Argentina;1
PRIVADA;OURINHOS;SANTA CRUZ DO RIO PARDO;SANTA CRUZ DO RIO PARDO;0;132871;JOSE CESARIO PIMENTEL ESCOLA MODELO DE ENSINO FUND E MEDIO;Argentina;1
PRIVADA;OURINHOS;SANTA CRUZ DO RIO PARDO;SANTA CRUZ DO RIO PARDO;0;132871;JOSE CESARIO PIMENTEL ESCOLA MODELO DE ENSINO FUND E MEDIO;Japão;1
PRIVADA;OURINHOS;SANTA CRUZ DO RIO PARDO;SANTA CRUZ DO RIO PARDO;0;172741;CAMOES COLEGIO;Síria;1
PRIVADA;OURINHOS;SANTA CRUZ DO RIO PARDO;SANTA CRUZ DO RIO PARDO;40;185905;FIRMINO MAGNINI LAR DA CRIANCA;Paraguai;1
PRIVADA;PENAPOLIS;PENAPOLIS;PENAPOLIS;0;116889;FRANCISCANO CORACAO DE MARIA COLEGIO;Japão;1
PRIVADA;PENAPOLIS;PENAPOLIS;PENAPOLIS;0;141112;AFONSO PENA ESCOLA E I F M;Canadá;1
PRIVADA;PENAPOLIS;PENAPOLIS;PENAPOLIS;0;304876;FUTURO COLEGIO;Canadá;1
PRIVADA;PENAPOLIS;PENAPOLIS;PENAPOLIS;0;304876;FUTURO COLEGIO;Japão;1
PRIVADA;PINDAMONHANGABA;CAMPOS DO JORDAO;CAMPOS DO JORDAO;0;172868;PITAGORAS COLEGIO;Itália;1
PRIVADA;PINDAMONHANGABA;CAMPOS DO JORDAO;CAMPOS DO JORDAO;0;172868;PITAGORAS COLEGIO;Japão;1
PRIVADA;PINDAMONHANGABA;CAMPOS DO JORDAO;CAMPOS DO JORDAO;0;172868;PITAGORAS COLEGIO;Portugal;1
PRIVADA;PINDAMONHANGABA;PINDAMONHANGABA;PINDAMONHANGABA;0;4897;ESCOLA EMILIO RIBAS;França;1
PRIVADA;PINDAMONHANGABA;PINDAMONHANGABA;PINDAMONHANGABA;0;126755;ESCOLA DA VIDA;Estados Unidos da América;1
PRIVADA;PINDAMONHANGABA;PINDAMONHANGABA;PINDAMONHANGABA;0;158379;CENTRO ED PROPEDEUTICO EI ENSINO FUNDAMENTAL MEDIO E EJA;México;2
PRIVADA;PINDAMONHANGABA;PINDAMONHANGABA;PINDAMONHANGABA;0;172765;SANTA MONICA COLEGIO;Filipinas;1
PRIVADA;PINDAMONHANGABA;PINDAMONHANGABA;PINDAMONHANGABA;0;192144;ARTE VIDA ESCOLA DE EDUCACAO INFANTIL E ENSINO FUNDAMENTAL;China;1
PRIVADA;PINDAMONHANGABA;PINDAMONHANGABA;PINDAMONHANGABA;0;286527;PROGRESSAO COLEGIO;Argentina;1
PRIVADA;PINDAMONHANGABA;PINDAMONHANGABA;PINDAMONHANGABA;0;286527;PROGRESSAO COLEGIO;Bolívia;2
PRIVADA;PINDAMONHANGABA;PINDAMONHANGABA;PINDAMONHANGABA;0;286527;PROGRESSAO COLEGIO;Chile;1
PRIVADA;PINDAMONHANGABA;PINDAMONHANGABA;PINDAMONHANGABA;0;286527;PROGRESSAO COLEGIO;Coreia do Sul;1
PRIVADA;PINDAMONHANGABA;PINDAMONHANGABA;PINDAMONHANGABA;0;286527;PROGRESSAO COLEGIO;Japão;1
PRIVADA;PINDAMONHANGABA;PINDAMONHANGABA;PINDAMONHANGABA;0;288020;EMILIO RIBAS DE ENSINO FUNDAMENTAL COLEGIO;México;1
PRIVADA;PINDAMONHANGABA;PINDAMONHANGABA;PINDAMONHANGABA;0;806493;SICILIANO COLEGIO;Argentina;1
PRIVADA;PINDAMONHANGABA;PINDAMONHANGABA;PINDAMONHANGABA;0;806493;SICILIANO COLEGIO;Bolívia;2
PRIVADA;PINDAMONHANGABA;TREMEMBE;TREMEMBE;0;118588;ADVENTISTA TAUBATE TREMEMBE COLEGIO;Åland, Ilhas;1
PRIVADA;PIRACICABA;PIRACICABA;PIRACICABA;0;4395;ESCOLA DE EDUCACAO INFANTIL E ENSINO FUNDAMENTAL MAPLE BEAR CANADIAN SCHOOL;Coreia do Sul;4
PRIVADA;PIRACICABA;PIRACICABA;PIRACICABA;0;4396;ESCOLA DE EDUCACAO INFANTIL JARDIM AMANARI;Estados Unidos da América;1
PRIVADA;PIRACICABA;PIRACICABA;PIRACICABA;0;7022;COLEGIO OBJETIVO DE PIRACICABA;Coreia do Sul;5
PRIVADA;PIRACICABA;PIRACICABA;PIRACICABA;0;7022;COLEGIO OBJETIVO DE PIRACICABA;Coreia, República Democrática da (Coreia do Norte);1
PRIVADA;PIRACICABA;PIRACICABA;PIRACICABA;0;7022;COLEGIO OBJETIVO DE PIRACICABA;Países Baixos (Holanda);1
PRIVADA;PIRACICABA;PIRACICABA;PIRACICABA;0;84542;WALDORF NOVALIS ESCOLA;Coreia do Sul;1
PRIVADA;PIRACICABA;PIRACICABA;PIRACICABA;0;113724;CIDADE DE PIRACICABA COLEGIO;Chile;1
PRIVADA;PIRACICABA;PIRACICABA;PIRACICABA;0;113724;CIDADE DE PIRACICABA COLEGIO;Coreia do Sul;1
PRIVADA;PIRACICABA;PIRACICABA;PIRACICABA;0;113852;LUIZ DE QUEIROZ COLEGIO;África do Sul;1
PRIVADA;PIRACICABA;PIRACICABA;PIRACICABA;0;113852;LUIZ DE QUEIROZ COLEGIO;Alemanha;1
PRIVADA;PIRACICABA;PIRACICABA;PIRACICABA;0;113852;LUIZ DE QUEIROZ COLEGIO;Chile;3
PRIVADA;PIRACICABA;PIRACICABA;PIRACICABA;0;113852;LUIZ DE QUEIROZ COLEGIO;Coreia do Sul;19
PRIVADA;PIRACICABA;PIRACICABA;PIRACICABA;0;113852;LUIZ DE QUEIROZ COLEGIO;Rússia;1
PRIVADA;PIRACICABA;PIRACICABA;PIRACICABA;0;125118;SAO DIMAS COLEGIO;África do Sul;1
PRIVADA;PIRACICABA;PIRACICABA;PIRACICABA;0;125118;SAO DIMAS COLEGIO;Portugal;1
PRIVADA;PIRACICABA;PIRACICABA;PIRACICABA;0;158999;SELETIVO COLEGIO;Estados Unidos da América;1
PRIVADA;PIRACICABA;PIRACICABA;PIRACICABA;0;165943;ATLANTICO DE ENSINO INSTITUTO;Estados Unidos da América;1
PRIVADA;PIRACICABA;PIRACICABA;PIRACICABA;0;165943;ATLANTICO DE ENSINO INSTITUTO;Japão;1
PRIVADA;PIRACICABA;PIRACICABA;PIRACICABA;0;174737;AQUARELA ESCOLA EDUCACAO INFANTIL;Bélgica;1
PRIVADA;PIRACICABA;PIRACICABA;PIRACICABA;0;174737;AQUARELA ESCOLA EDUCACAO INFANTIL;Estados Unidos da América;1
PRIVADA;PIRACICABA;PIRACICABA;PIRACICABA;0;175500;ACALANTO ESCOLA DE EDUCACAO INFANTIL;Argentina;1
PRIVADA;PIRACICABA;PIRACICABA;PIRACICABA;0;263473;POLIBRASIL COLEGIO;Espanha;1
PRIVADA;PIRACICABA;PIRACICABA;PIRACICABA;0;440322;INSTITUTO SABER;Bolívia;1
PRIVADA;PIRACICABA;PIRACICABA;PIRACICABA;0;440322;INSTITUTO SABER;Japão;1
PRIVADA;PIRACICABA;PIRACICABA;PIRACICABA;0;440322;INSTITUTO SABER;Qatar;1
PRIVADA;PIRACICABA;PIRACICABA;PIRACICABA;0;570527;ESPACO CIRANDARTE BERCARIO E EDUCACAO INFANTIL;Argentina;1
PRIVADA;PIRACICABA;PIRACICABA;PIRACICABA;0;570527;ESPACO CIRANDARTE BERCARIO E EDUCACAO INFANTIL;Emiratos Árabes Unidos;1
PRIVADA;PIRACICABA;PIRACICABA;PIRACICABA;0;570527;ESPACO CIRANDARTE BERCARIO E EDUCACAO INFANTIL;Países Baixos (Holanda);1
PRIVADA;PIRACICABA;PIRACICABA;PIRACICABA;1;190135;ANTONIO FERNANDES FAGANELLO JR ESCOLA EDUCACAO ESPECIAL;Paraguai;1
PRIVADA;PIRACICABA;PIRACICABA;PIRACICABA;12;148970;SENAC PIRACICABA;Peru;1
PRIVADA;PIRACICABA;PIRACICABA;PIRACICABA;40;113748;SALESIANO DOM BOSCO COLEGIO;Colômbia;1
PRIVADA;PIRACICABA;PIRACICABA;PIRACICABA;40;113748;SALESIANO DOM BOSCO COLEGIO;Costa Rica;1
PRIVADA;PIRACICABA;PIRACICABA;PIRACICABA;40;113748;SALESIANO DOM BOSCO COLEGIO;Estados Unidos da América;1
PRIVADA;PIRACICABA;PIRACICABA;PIRACICABA;40;113748;SALESIANO DOM BOSCO COLEGIO;Venezuela;3
PRIVADA;PIRACICABA;PIRACICABA;PIRACICABA;40;113759;COLEGIO PIRACICABANO DA IGREJA METODISTA;Canadá;1
PRIVADA;PIRACICABA;PIRACICABA;PIRACICABA;40;113759;COLEGIO PIRACICABANO DA IGREJA METODISTA;China;1
PRIVADA;PIRACICABA;PIRACICABA;PIRACICABA;40;113759;COLEGIO PIRACICABANO DA IGREJA METODISTA;Coreia do Sul;1
PRIVADA;PIRACICABA;PIRACICABA;PIRACICABA;40;113759;COLEGIO PIRACICABANO DA IGREJA METODISTA;Estados Unidos da América;1
PRIVADA;PIRACICABA;PIRACICABA;PIRACICABA;40;113759;COLEGIO PIRACICABANO DA IGREJA METODISTA;Venezuela;1
PRIVADA;PIRACICABA;PIRACICABA;PIRACICABA;40;113773;ADVENTISTA DE PIRACICABA COLEGIO;Estados Unidos da América;1
PRIVADA;PIRACICABA;PIRACICABA;PIRACICABA;40;113773;ADVENTISTA DE PIRACICABA COLEGIO;Peru;2
PRIVADA;PIRACICABA;PIRACICABA;PIRACICABA;40;113773;ADVENTISTA DE PIRACICABA COLEGIO;Portugal;1
PRIVADA;PIRACICABA;PIRACICABA;PIRACICABA;40;121150;SEPROSIC  INSTITUTO BARONEZA DE REZENDE;Itália;2
PRIVADA;PIRACICABA;SAO PEDRO;SAO PEDRO;0;126809;TIA LENINHA CENTRO DE EDUCACAO E INTEGRACAO DA CRIANCA;Estados Unidos da América;1
PRIVADA;PIRAJU;PIRAJU;PIRAJU;0;143182;LUMEN COLEGIO;Japão;1
PRIVADA;PIRAJU;PIRAJU;PIRAJU;40;173859;CASA DA CRIANCA AUGUSTO MORINI;Japão;1
PRIVADA;PIRASSUNUNGA;ARARAS;ARARAS;0;113311;QUERCIA MONSENHOR COLEGIO;Reino Unido da Grã-Bretanha e Irlanda do Norte;1
PRIVADA;PIRASSUNUNGA;ARARAS;ARARAS;0;113335;NOSSA SENHORA AUXILIADORA INSTITUTO;Espanha;1
PRIVADA;PIRASSUNUNGA;ARARAS;ARARAS;0;192200;COLEGIO COGNUS COC ARARAS;Estados Unidos da América;1
PRIVADA;PIRASSUNUNGA;ARARAS;ARARAS;0;297811;COI COLEGIO;Espanha;2
PRIVADA;PIRASSUNUNGA;ARARAS;ARARAS;0;365099;INTEGRADO DE ARARAS COLEGIO;África do Sul;1
PRIVADA;PIRASSUNUNGA;ARARAS;ARARAS;0;365099;INTEGRADO DE ARARAS COLEGIO;Colômbia;1
PRIVADA;PIRASSUNUNGA;ARARAS;ARARAS;48;325880;PIAGETIANO COLEGIO;Estados Unidos da América;1
PRIVADA;PIRASSUNUNGA;LEME;LEME;0;5967;COLEGIO AVICENNA;Japão;1
PRIVADA;PIRASSUNUNGA;LEME;LEME;0;125945;COOPEL;Austrália;1
PRIVADA;PIRASSUNUNGA;LEME;LEME;0;125945;COOPEL;Bolívia;2
PRIVADA;PIRASSUNUNGA;LEME;LEME;0;133024;GLORIAM DEI LICEU;Japão;2
PRIVADA;PIRASSUNUNGA;LEME;LEME;0;305777;PRIMEIROS PASSOS EDUCACAO INFANTIL E ENSINO FUNDAMENTAL;Estados Unidos da América;1
PRIVADA;PIRASSUNUNGA;LEME;LEME;0;413914;SAGRADA FAMILIA CENTRO EDUCACIONAL;Argentina;2
PRIVADA;PIRASSUNUNGA;LEME;LEME;14;113897;SESI 208 CENTRO EDUCACIONAL;Japão;1
PRIVADA;PIRASSUNUNGA;PIRASSUNUNGA;PIRASSUNUNGA;0;105764;LICEU VIVERE ENSINO MEDIO;Reino Unido da Grã-Bretanha e Irlanda do Norte;1
PRIVADA;PIRASSUNUNGA;PIRASSUNUNGA;PIRASSUNUNGA;0;113931;VIVERE LICEU;Noruega;1
PRIVADA;PIRASSUNUNGA;PIRASSUNUNGA;PIRASSUNUNGA;0;113943;JOHN KENNEDY COLEGIO;Reino Unido da Grã-Bretanha e Irlanda do Norte;1
PRIVADA;PIRASSUNUNGA;PIRASSUNUNGA;PIRASSUNUNGA;0;141963;ARQUIMEDES COLEGIO;Estados Unidos da América;1
PRIVADA;PIRASSUNUNGA;PIRASSUNUNGA;PIRASSUNUNGA;0;368283;RM COLEGIO DE EDUCACAO;México;1
PRIVADA;PIRASSUNUNGA;PORTO FERREIRA;PORTO FERREIRA;0;578149;BERCARIO E HOTELZINHO ANJINHO DA MAMAE;Equador;2
PRIVADA;PRESIDENTE PRUDENTE;ALVARES MACHADO;ALVARES MACHADO;0;802803;AQUARELA ESCOLA DE EDUCACAO INFANTIL E FUNDAMENTAL;Itália;1
PRIVADA;PRESIDENTE PRUDENTE;MARTINOPOLIS;MARTINOPOLIS;0;370277;MENSAGEM ESCOLA;Japão;1
PRIVADA;PRESIDENTE PRUDENTE;MARTINOPOLIS;MARTINOPOLIS;0;370277;MENSAGEM ESCOLA;Portugal;1
PRIVADA;PRESIDENTE PRUDENTE;PIRAPOZINHO;PIRAPOZINHO;0;126913;JEAN PIAGET PIRAPOZINHO CENTRO DE EDUCACAO INTEGRADO;Suíça;1
PRIVADA;PRESIDENTE PRUDENTE;PRESIDENTE PRUDENTE;PRESIDENTE PRUDENTE;0;118321;CRIARTE COLEGIO;Portugal;1
PRIVADA;PRESIDENTE PRUDENTE;PRESIDENTE PRUDENTE;PRESIDENTE PRUDENTE;0;121381;PRUDENTINA ESCOLA DE EDUCACAO BASICA;Canadá;1
PRIVADA;PRESIDENTE PRUDENTE;PRESIDENTE PRUDENTE;PRESIDENTE PRUDENTE;0;123444;COOPERATIVO COLEGIO DE EDUCACAO BASICA;Espanha;3
PRIVADA;PRESIDENTE PRUDENTE;PRESIDENTE PRUDENTE;PRESIDENTE PRUDENTE;0;123444;COOPERATIVO COLEGIO DE EDUCACAO BASICA;Estados Unidos da América;2
PRIVADA;PRESIDENTE PRUDENTE;PRESIDENTE PRUDENTE;PRESIDENTE PRUDENTE;0;185632;PRESBITERIANA DE PRESIDENTE PRUDENTE ESCOLA;Japão;1
PRIVADA;PRESIDENTE PRUDENTE;PRESIDENTE PRUDENTE;PRESIDENTE PRUDENTE;0;290750;APOGEU COLEGIO;Japão;1
PRIVADA;PRESIDENTE PRUDENTE;PRESIDENTE PRUDENTE;PRESIDENTE PRUDENTE;0;435387;BRAGA MELLO CENTRO EDUCACIONAL;Japão;1
PRIVADA;PRESIDENTE PRUDENTE;PRESIDENTE PRUDENTE;PRESIDENTE PRUDENTE;1;145968;APAE DE PRESIDENTE PRUDENTE;Japão;1
PRIVADA;PRESIDENTE PRUDENTE;PRESIDENTE PRUDENTE;PRESIDENTE PRUDENTE;12;148921;SENAC PRESIDENTE PRUDENTE;Chile;1
PRIVADA;PRESIDENTE PRUDENTE;PRESIDENTE PRUDENTE;PRESIDENTE PRUDENTE;12;148921;SENAC PRESIDENTE PRUDENTE;Venezuela;1
PRIVADA;PRESIDENTE PRUDENTE;PRESIDENTE PRUDENTE;PRESIDENTE PRUDENTE;40;174154;MEIMEI INSTITUICAO INFANTIL CRECHE;Argentina;1
PRIVADA;PRESIDENTE PRUDENTE;PRESIDENTE PRUDENTE;PRESIDENTE PRUDENTE;40;174154;MEIMEI INSTITUICAO INFANTIL CRECHE;Colômbia;1
PRIVADA;PRESIDENTE PRUDENTE;REGENTE FEIJO;REGENTE FEIJO;0;185309;EXITO COLEGIO;Japão;1
PRIVADA;REGISTRO;PARIQUERA-ACU;PARIQUERA-ACU;0;192909;MORAES COBRA INSTITUTO EDUCACIONAL;Estados Unidos da América;1
PRIVADA;REGISTRO;REGISTRO;REGISTRO;0;117961;COLEGIO ADVENTISTA DE REGISTRO;Japão;1
PRIVADA;REGISTRO;REGISTRO;REGISTRO;0;117973;COLEGIO ANDERSEN;Cuba;1
PRIVADA;REGISTRO;REGISTRO;REGISTRO;0;156700;VAL RIBEIRA DE REGISTRO COLEGIO;Japão;1
PRIVADA;REGISTRO;REGISTRO;REGISTRO;1;147321;MARIA TOYO MAEJI ESCOLA DE EDUCACAO ESPECIAL;Japão;1
PRIVADA;REGISTRO;REGISTRO;REGISTRO;12;585701;SENAC REGISTRO;Colômbia;1
PRIVADA;REGISTRO;REGISTRO;REGISTRO;40;117959;FUNDACAO BRADESCO ESCOLA DE EDUCACAO BASICA E PROFISSIONAL;Japão;5
PRIVADA;REGISTRO;REGISTRO;REGISTRO;40;117959;FUNDACAO BRADESCO ESCOLA DE EDUCACAO BASICA E PROFISSIONAL;Portugal;1
PRIVADA;RIBEIRAO PRETO;BATATAIS;BATATAIS;0;126559;CRESCER CENTRO DE DESENV RECREACAO E ORIENT INFANTIL JUVENIL;Venezuela;1
PRIVADA;RIBEIRAO PRETO;BATATAIS;BATATAIS;40;4650;OS SAMARITANOS SOCIEDADE BENEFICENTE ESPIRITA;Venezuela;2
PRIVADA;RIBEIRAO PRETO;BATATAIS;BATATAIS;40;114406;CLARETIANO COLEGIO SAO JOSE;Venezuela;1
PRIVADA;RIBEIRAO PRETO;CRAVINHOS;CRAVINHOS;0;168002;VIEIRA MEDINA SISTEMA EDUCACIONAL;Estados Unidos da América;1
PRIVADA;RIBEIRAO PRETO;RIBEIRAO PRETO;RIBEIRAO PRETO;0;4203;CRECHE AUTA DE SOUZA;Venezuela;1
PRIVADA;RIBEIRAO PRETO;RIBEIRAO PRETO;RIBEIRAO PRETO;0;4304;ESCOLA CONCEPT;Canadá;1
PRIVADA;RIBEIRAO PRETO;RIBEIRAO PRETO;RIBEIRAO PRETO;0;5395;MAPLE BEAR CANADIAN SCHOOL RIBEIRAO PRETO  UNIDADE CANADA;Åland, Ilhas;1
PRIVADA;RIBEIRAO PRETO;RIBEIRAO PRETO;RIBEIRAO PRETO;0;5395;MAPLE BEAR CANADIAN SCHOOL RIBEIRAO PRETO  UNIDADE CANADA;Andorra;1
PRIVADA;RIBEIRAO PRETO;RIBEIRAO PRETO;RIBEIRAO PRETO;0;5395;MAPLE BEAR CANADIAN SCHOOL RIBEIRAO PRETO  UNIDADE CANADA;Estados Unidos da América;1
PRIVADA;RIBEIRAO PRETO;RIBEIRAO PRETO;RIBEIRAO PRETO;0;29497;COLEGIO SOL E VIDA  EDUCACAO INFANTIL E ENSINO FUNDAMENTAL;Áustria;1
PRIVADA;RIBEIRAO PRETO;RIBEIRAO PRETO;RIBEIRAO PRETO;0;29497;COLEGIO SOL E VIDA  EDUCACAO INFANTIL E ENSINO FUNDAMENTAL;Portugal;1
PRIVADA;RIBEIRAO PRETO;RIBEIRAO PRETO;RIBEIRAO PRETO;0;114911;BARAO DE MAUA ESCOLA DE ED INFANTIL FUNDAMENTAL E MEDIO;Estados Unidos da América;1
PRIVADA;RIBEIRAO PRETO;RIBEIRAO PRETO;RIBEIRAO PRETO;0;115010;VITA ET PAX COLEGIO PRE PG UNIDADE I;Espanha;1
PRIVADA;RIBEIRAO PRETO;RIBEIRAO PRETO;RIBEIRAO PRETO;0;115046;CASTELO ESCOLA EDUCACAO INFANTIL E ENSINO FUNDAMENTAL;Espanha;1
PRIVADA;RIBEIRAO PRETO;RIBEIRAO PRETO;RIBEIRAO PRETO;0;118503;ALBERT SABIN ESCOLA DE ENSINO MEDIO;China;1
PRIVADA;RIBEIRAO PRETO;RIBEIRAO PRETO;RIBEIRAO PRETO;0;121733;IAVEC VIDA DE ENSINO CRISTAO INSTITUTO AVANCADO;Estados Unidos da América;1
PRIVADA;RIBEIRAO PRETO;RIBEIRAO PRETO;RIBEIRAO PRETO;0;126354;ALBERT SABIN ESCOLA DE EDUCACAO INFANTIL E PG;México;1
PRIVADA;RIBEIRAO PRETO;RIBEIRAO PRETO;RIBEIRAO PRETO;0;126354;ALBERT SABIN ESCOLA DE EDUCACAO INFANTIL E PG;Portugal;1
PRIVADA;RIBEIRAO PRETO;RIBEIRAO PRETO;RIBEIRAO PRETO;0;126354;ALBERT SABIN ESCOLA DE EDUCACAO INFANTIL E PG;Reino Unido da Grã-Bretanha e Irlanda do Norte;3
PRIVADA;RIBEIRAO PRETO;RIBEIRAO PRETO;RIBEIRAO PRETO;0;126354;ALBERT SABIN ESCOLA DE EDUCACAO INFANTIL E PG;Roménia;1
PRIVADA;RIBEIRAO PRETO;RIBEIRAO PRETO;RIBEIRAO PRETO;0;130898;ANCHIETA COLEGIO;Chile;1
PRIVADA;RIBEIRAO PRETO;RIBEIRAO PRETO;RIBEIRAO PRETO;0;130898;ANCHIETA COLEGIO;Venezuela;1
PRIVADA;RIBEIRAO PRETO;RIBEIRAO PRETO;RIBEIRAO PRETO;0;132925;ESCOLA SEB UNIDADE LAFAIETE;Estados Unidos da América;1
PRIVADA;RIBEIRAO PRETO;RIBEIRAO PRETO;RIBEIRAO PRETO;0;140430;ESCOLA SEB UNIDADE PORTUGAL;Virgens Britânicas, Ilhas;1
PRIVADA;RIBEIRAO PRETO;RIBEIRAO PRETO;RIBEIRAO PRETO;0;140442;WALDORF JOAO GUIMARAES ROSA ESCOLA;Espanha;1
PRIVADA;RIBEIRAO PRETO;RIBEIRAO PRETO;RIBEIRAO PRETO;0;142955;BENTO BENEDINI COLEGIO;Argentina;2
PRIVADA;RIBEIRAO PRETO;RIBEIRAO PRETO;RIBEIRAO PRETO;0;142955;BENTO BENEDINI COLEGIO;Estados Unidos da América;1
PRIVADA;RIBEIRAO PRETO;RIBEIRAO PRETO;RIBEIRAO PRETO;0;142955;BENTO BENEDINI COLEGIO;Portugal;1
PRIVADA;RIBEIRAO PRETO;RIBEIRAO PRETO;RIBEIRAO PRETO;0;151270;CONTEMPORANEO LICEU;Argentina;1
PRIVADA;RIBEIRAO PRETO;RIBEIRAO PRETO;RIBEIRAO PRETO;0;152894;CARLOS CHAGAS FILHO ESCOLA ENSINO FUNDAMENTAL E MEDIO;Áustria;1
PRIVADA;RIBEIRAO PRETO;RIBEIRAO PRETO;RIBEIRAO PRETO;0;165190;OBJETIVO CENTRO INTERESCOLAR UNIDADE XXVII;Japão;3
PRIVADA;RIBEIRAO PRETO;RIBEIRAO PRETO;RIBEIRAO PRETO;0;167940;INTERATIVA ESCOLA DE ENSINO FUNDAMENTAL;Alemanha;1
PRIVADA;RIBEIRAO PRETO;RIBEIRAO PRETO;RIBEIRAO PRETO;0;168993;VIKTOR FRANKL COLEGIO;Bolívia;2
PRIVADA;RIBEIRAO PRETO;RIBEIRAO PRETO;RIBEIRAO PRETO;0;168993;VIKTOR FRANKL COLEGIO;Colômbia;2
PRIVADA;RIBEIRAO PRETO;RIBEIRAO PRETO;RIBEIRAO PRETO;0;186442;COLEGIO BATISTA INDEPENDENTE DE RIBEIRAO PRETO;Estados Unidos da América;1
PRIVADA;RIBEIRAO PRETO;RIBEIRAO PRETO;RIBEIRAO PRETO;0;265913;CEPROSIND CENTRO ED PROFISSIONAL SINDSAUDE DE RIBEIRAO PRETO;Bolívia;1
PRIVADA;RIBEIRAO PRETO;RIBEIRAO PRETO;RIBEIRAO PRETO;0;268161;QUEIROZ BRUNELLI PRIMEIROS PASSOS UNIDADE I CASTELO COLEGIO;Argentina;1
PRIVADA;RIBEIRAO PRETO;RIBEIRAO PRETO;RIBEIRAO PRETO;0;269463;TICO E TECO ESCOLA INFANTIL;Venezuela;1
PRIVADA;RIBEIRAO PRETO;RIBEIRAO PRETO;RIBEIRAO PRETO;0;288287;ESPACO MIRO EDUCACAO INFANTIL E FUNDAMENTAL;Canadá;2
PRIVADA;RIBEIRAO PRETO;RIBEIRAO PRETO;RIBEIRAO PRETO;0;296570;CRER E VENCER COLEGIO;Estados Unidos da América;1
PRIVADA;RIBEIRAO PRETO;RIBEIRAO PRETO;RIBEIRAO PRETO;0;392923;PEQUENO ESCUDEIRO COLEGIO;Portugal;1
PRIVADA;RIBEIRAO PRETO;RIBEIRAO PRETO;RIBEIRAO PRETO;0;585063;ESCOLA DE EDUCACAO INFANTIL VILLA COR;Chile;1
PRIVADA;RIBEIRAO PRETO;RIBEIRAO PRETO;RIBEIRAO PRETO;0;802116;FAVINHO DE MEL ESCOLA INFANTIL E FUNDAMENTAL;Reino Unido da Grã-Bretanha e Irlanda do Norte;1
PRIVADA;RIBEIRAO PRETO;RIBEIRAO PRETO;RIBEIRAO PRETO;0;802220;CERVANTES COLEGIO;Japão;1
PRIVADA;RIBEIRAO PRETO;RIBEIRAO PRETO;RIBEIRAO PRETO;0;807655;CAMPOS ELISEOS CENTRO EDUCACIONAL;Angola;2
PRIVADA;RIBEIRAO PRETO;RIBEIRAO PRETO;RIBEIRAO PRETO;0;809913;VIANNA COLEGIO;Japão;1
PRIVADA;RIBEIRAO PRETO;RIBEIRAO PRETO;RIBEIRAO PRETO;12;148866;SENAC RIBEIRAO PRETO;Colômbia;1
PRIVADA;RIBEIRAO PRETO;RIBEIRAO PRETO;RIBEIRAO PRETO;12;148866;SENAC RIBEIRAO PRETO;Venezuela;1
PRIVADA;RIBEIRAO PRETO;RIBEIRAO PRETO;RIBEIRAO PRETO;13;147624;OCTAVIO MARCONDES FERRAZ ENGENHEIRO ESCOLA SENAI;Bolívia;1
PRIVADA;RIBEIRAO PRETO;RIBEIRAO PRETO;RIBEIRAO PRETO;14;114704;SESI 259 CENTRO EDUCACIONAL;Japão;1
PRIVADA;RIBEIRAO PRETO;RIBEIRAO PRETO;RIBEIRAO PRETO;14;114728;SESI 298 CENTRO EDUCACIONAL;Estados Unidos da América;1
PRIVADA;RIBEIRAO PRETO;RIBEIRAO PRETO;RIBEIRAO PRETO;40;65161;CASA DE EMMANUEL BENCAO DE PAZ CRECHE;Venezuela;1
PRIVADA;RIBEIRAO PRETO;RIBEIRAO PRETO;RIBEIRAO PRETO;40;114820;MARISTA COLEGIO DE RIBEIRAO PRETO;Itália;1
PRIVADA;RIBEIRAO PRETO;RIBEIRAO PRETO;RIBEIRAO PRETO;40;168634;IZOLINA IRMA CRECHE LAR;Colômbia;1
PRIVADA;RIBEIRAO PRETO;RIBEIRAO PRETO;RIBEIRAO PRETO;40;186028;APRENDIZES DO EVANGELHO CRECHE LAR ESCOLA;Angola;1
PRIVADA;RIBEIRAO PRETO;RIBEIRAO PRETO;RIBEIRAO PRETO;40;186028;APRENDIZES DO EVANGELHO CRECHE LAR ESCOLA;Venezuela;1
PRIVADA;RIBEIRAO PRETO;SANTA ROSA DE VITERBO;SANTA ROSA DE VITERBO;0;113876;TALES DE MILETO LICEU;Estados Unidos da América;1
PRIVADA;SANTO ANASTACIO;PRESIDENTE BERNARDES;PRESIDENTE BERNARDES;1;147230;HILDEGAT GALDIKS PESENTE PROFA ESCOLA EDUCACAO ESPECIAL;Espanha;1
PRIVADA;SANTO ANASTACIO;PRESIDENTE VENCESLAU;PRESIDENTE VENCESLAU;0;158987;PRESIDENTE VENCESLAU ESCOLA COOPERATIVA DE;Cuba;1
PRIVADA;SANTO ANASTACIO;PRESIDENTE VENCESLAU;PRESIDENTE VENCESLAU;0;568156;VENCESLAUENSE COLEGIO;Bolívia;1
PRIVADA;SANTO ANASTACIO;SANTO ANASTACIO;SANTO ANASTACIO;0;125623;MAXIMUS COLEGIO;Espanha;1
PRIVADA;SANTO ANASTACIO;SANTO ANASTACIO;SANTO ANASTACIO;0;125623;MAXIMUS COLEGIO;Portugal;1
PRIVADA;SANTO ANDRE;SANTO ANDRE;SANTO ANDRE;0;4913;ESCOLA VEREDA;Argentina;4
PRIVADA;SANTO ANDRE;SANTO ANDRE;SANTO ANDRE;0;4913;ESCOLA VEREDA;Colômbia;1
PRIVADA;SANTO ANDRE;SANTO ANDRE;SANTO ANDRE;0;4913;ESCOLA VEREDA;Estados Unidos da América;1
PRIVADA;SANTO ANDRE;SANTO ANDRE;SANTO ANDRE;0;4913;ESCOLA VEREDA;Japão;1
PRIVADA;SANTO ANDRE;SANTO ANDRE;SANTO ANDRE;0;4913;ESCOLA VEREDA;Reino Unido da Grã-Bretanha e Irlanda do Norte;1
PRIVADA;SANTO ANDRE;SANTO ANDRE;SANTO ANDRE;0;6318;CENTRO DE ENSINO GRAU T  UNIDADE SANTO ANDRE;Chile;1
PRIVADA;SANTO ANDRE;SANTO ANDRE;SANTO ANDRE;0;6318;CENTRO DE ENSINO GRAU T  UNIDADE SANTO ANDRE;Colômbia;1
PRIVADA;SANTO ANDRE;SANTO ANDRE;SANTO ANDRE;0;6318;CENTRO DE ENSINO GRAU T  UNIDADE SANTO ANDRE;Haiti;3
PRIVADA;SANTO ANDRE;SANTO ANDRE;SANTO ANDRE;0;108649;SAO JOSE COLEGIO;Estados Unidos da América;1
PRIVADA;SANTO ANDRE;SANTO ANDRE;SANTO ANDRE;0;108650;ARTUR DE QUEIROS CENTRO EDUCACIONAL;França;1
PRIVADA;SANTO ANDRE;SANTO ANDRE;SANTO ANDRE;0;108650;ARTUR DE QUEIROS CENTRO EDUCACIONAL;Japão;1
PRIVADA;SANTO ANDRE;SANTO ANDRE;SANTO ANDRE;0;108674;MONTEIRO LOBATO COLEGIO;Bolívia;1
PRIVADA;SANTO ANDRE;SANTO ANDRE;SANTO ANDRE;0;108698;STOCCO COLEGIO;Alemanha;1
PRIVADA;SANTO ANDRE;SANTO ANDRE;SANTO ANDRE;0;108698;STOCCO COLEGIO;Costa Rica;1
PRIVADA;SANTO ANDRE;SANTO ANDRE;SANTO ANDRE;0;108716;COLEGIO XINGU;Argentina;1
PRIVADA;SANTO ANDRE;SANTO ANDRE;SANTO ANDRE;0;108716;COLEGIO XINGU;Espanha;1
PRIVADA;SANTO ANDRE;SANTO ANDRE;SANTO ANDRE;0;108716;COLEGIO XINGU;Japão;1
PRIVADA;SANTO ANDRE;SANTO ANDRE;SANTO ANDRE;0;108716;COLEGIO XINGU;Síria;2
PRIVADA;SANTO ANDRE;SANTO ANDRE;SANTO ANDRE;0;108736;ETIP MASTER CENTRO EDUCACIONAL;Estados Unidos da América;1
PRIVADA;SANTO ANDRE;SANTO ANDRE;SANTO ANDRE;0;108736;ETIP MASTER CENTRO EDUCACIONAL;Itália;1
PRIVADA;SANTO ANDRE;SANTO ANDRE;SANTO ANDRE;0;108736;ETIP MASTER CENTRO EDUCACIONAL;Japão;4
PRIVADA;SANTO ANDRE;SANTO ANDRE;SANTO ANDRE;0;108736;ETIP MASTER CENTRO EDUCACIONAL;Reino Unido da Grã-Bretanha e Irlanda do Norte;1
PRIVADA;SANTO ANDRE;SANTO ANDRE;SANTO ANDRE;0;108741;ADVENTISTA SANTO ANDRE COLEGIO;Bolívia;1
PRIVADA;SANTO ANDRE;SANTO ANDRE;SANTO ANDRE;0;108741;ADVENTISTA SANTO ANDRE COLEGIO;Cabo Verde;1
PRIVADA;SANTO ANDRE;SANTO ANDRE;SANTO ANDRE;0;108741;ADVENTISTA SANTO ANDRE COLEGIO;Cuba;3
PRIVADA;SANTO ANDRE;SANTO ANDRE;SANTO ANDRE;0;108741;ADVENTISTA SANTO ANDRE COLEGIO;Estados Unidos da América;2
PRIVADA;SANTO ANDRE;SANTO ANDRE;SANTO ANDRE;0;108741;ADVENTISTA SANTO ANDRE COLEGIO;Japão;1
PRIVADA;SANTO ANDRE;SANTO ANDRE;SANTO ANDRE;0;108741;ADVENTISTA SANTO ANDRE COLEGIO;México;1
PRIVADA;SANTO ANDRE;SANTO ANDRE;SANTO ANDRE;0;108741;ADVENTISTA SANTO ANDRE COLEGIO;Países Baixos (Holanda);1
PRIVADA;SANTO ANDRE;SANTO ANDRE;SANTO ANDRE;0;124631;TREVO MASTER GRUPO EDUCACIONAL;Espanha;1
PRIVADA;SANTO ANDRE;SANTO ANDRE;SANTO ANDRE;0;125635;PENTAGONO COLEGIO UNIDADE NOVO ORATORIO;Espanha;1
PRIVADA;SANTO ANDRE;SANTO ANDRE;SANTO ANDRE;0;125635;PENTAGONO COLEGIO UNIDADE NOVO ORATORIO;Portugal;1
PRIVADA;SANTO ANDRE;SANTO ANDRE;SANTO ANDRE;0;127401;ANJO DOURADO CENTRO EDUCACIONAL;Argentina;1
PRIVADA;SANTO ANDRE;SANTO ANDRE;SANTO ANDRE;0;132123;OBJETIVO ABC CENTRO EDUCACIONAL ENSINO MEDIO UNIDADE 104;Japão;1
PRIVADA;SANTO ANDRE;SANTO ANDRE;SANTO ANDRE;0;134168;PENTAGONO COLEGIO UNIDADE CENTRO;Chile;1
PRIVADA;SANTO ANDRE;SANTO ANDRE;SANTO ANDRE;0;134168;PENTAGONO COLEGIO UNIDADE CENTRO;China;1
PRIVADA;SANTO ANDRE;SANTO ANDRE;SANTO ANDRE;0;135148;SINGULAR COLEGIO;Costa Rica;1
PRIVADA;SANTO ANDRE;SANTO ANDRE;SANTO ANDRE;0;136759;EL SHADAI CENTRO EDUCACIONAL;Estados Unidos da América;1
PRIVADA;SANTO ANDRE;SANTO ANDRE;SANTO ANDRE;0;136759;EL SHADAI CENTRO EDUCACIONAL;Japão;1
PRIVADA;SANTO ANDRE;SANTO ANDRE;SANTO ANDRE;0;137960;ETIP CENTRO EDUCACIONAL;Espanha;1
PRIVADA;SANTO ANDRE;SANTO ANDRE;SANTO ANDRE;0;137960;ETIP CENTRO EDUCACIONAL;Haiti;1
PRIVADA;SANTO ANDRE;SANTO ANDRE;SANTO ANDRE;0;137960;ETIP CENTRO EDUCACIONAL;Japão;1
PRIVADA;SANTO ANDRE;SANTO ANDRE;SANTO ANDRE;0;137960;ETIP CENTRO EDUCACIONAL;Venezuela;1
PRIVADA;SANTO ANDRE;SANTO ANDRE;SANTO ANDRE;0;139178;COLEGIO ARBOS;Chile;2
PRIVADA;SANTO ANDRE;SANTO ANDRE;SANTO ANDRE;0;139836;CECILIA MEIRELES INSTITUTO DE ENSINO;Estados Unidos da América;2
PRIVADA;SANTO ANDRE;SANTO ANDRE;SANTO ANDRE;0;144373;PAINEIRA CENTRO EDUCACIONAL;Japão;1
PRIVADA;SANTO ANDRE;SANTO ANDRE;SANTO ANDRE;0;168208;INTERACAO CENTRO EDUCACIONAL;Estados Unidos da América;1
PRIVADA;SANTO ANDRE;SANTO ANDRE;SANTO ANDRE;0;173186;LICEU JARDIM;Bolívia;1
PRIVADA;SANTO ANDRE;SANTO ANDRE;SANTO ANDRE;0;173186;LICEU JARDIM;Espanha;1
PRIVADA;SANTO ANDRE;SANTO ANDRE;SANTO ANDRE;0;173186;LICEU JARDIM;Estados Unidos da América;3
PRIVADA;SANTO ANDRE;SANTO ANDRE;SANTO ANDRE;0;173186;LICEU JARDIM;Japão;2
PRIVADA;SANTO ANDRE;SANTO ANDRE;SANTO ANDRE;0;173186;LICEU JARDIM;Peru;1
PRIVADA;SANTO ANDRE;SANTO ANDRE;SANTO ANDRE;0;173186;LICEU JARDIM;Portugal;1
PRIVADA;SANTO ANDRE;SANTO ANDRE;SANTO ANDRE;0;173186;LICEU JARDIM;Reino Unido da Grã-Bretanha e Irlanda do Norte;1
PRIVADA;SANTO ANDRE;SANTO ANDRE;SANTO ANDRE;0;173186;LICEU JARDIM;Venezuela;2
PRIVADA;SANTO ANDRE;SANTO ANDRE;SANTO ANDRE;0;250399;POLIGONO INSTITUTO DE ENSINO;Haiti;1
PRIVADA;SANTO ANDRE;SANTO ANDRE;SANTO ANDRE;0;292497;SANTER E ESPACO CRIANCA COLEGIO;México;1
PRIVADA;SANTO ANDRE;SANTO ANDRE;SANTO ANDRE;0;307555;CENTRO EDUCACIONAL SOLARIS;Cuba;1
PRIVADA;SANTO ANDRE;SANTO ANDRE;SANTO ANDRE;0;307555;CENTRO EDUCACIONAL SOLARIS;Venezuela;1
PRIVADA;SANTO ANDRE;SANTO ANDRE;SANTO ANDRE;0;421522;PORTINARI INSTITUTO DE ENSINO UNIDADE II;Alemanha;1
PRIVADA;SANTO ANDRE;SANTO ANDRE;SANTO ANDRE;0;434905;SPAZIO COLEGIO;Estados Unidos da América;1
PRIVADA;SANTO ANDRE;SANTO ANDRE;SANTO ANDRE;0;434930;PLANETA ALEGRE COLEGIO;Alemanha;2
PRIVADA;SANTO ANDRE;SANTO ANDRE;SANTO ANDRE;0;448084;OS BATUTINHAS;China;1
PRIVADA;SANTO ANDRE;SANTO ANDRE;SANTO ANDRE;0;461349;CYCLE INTERNATIONAL SCHOOL;China;1
PRIVADA;SANTO ANDRE;SANTO ANDRE;SANTO ANDRE;0;461349;CYCLE INTERNATIONAL SCHOOL;Malawi;1
PRIVADA;SANTO ANDRE;SANTO ANDRE;SANTO ANDRE;0;577029;PLUS KIDS EDUCACAO INFANTIL;Venezuela;1
PRIVADA;SANTO ANDRE;SANTO ANDRE;SANTO ANDRE;0;804101;PLUS DE EDUCACAO BASICA COLEGIO;Venezuela;1
PRIVADA;SANTO ANDRE;SANTO ANDRE;SANTO ANDRE;0;804393;PORTINARI INSTITUTO DE ENSINO;Síria;2
PRIVADA;SANTO ANDRE;SANTO ANDRE;SANTO ANDRE;0;811476;OBJETIVO CENTRO INTEGRADO DE EDUCACAO UNIDADE CAMPESTRE;Espanha;1
PRIVADA;SANTO ANDRE;SANTO ANDRE;SANTO ANDRE;0;811476;OBJETIVO CENTRO INTEGRADO DE EDUCACAO UNIDADE CAMPESTRE;Reino Unido da Grã-Bretanha e Irlanda do Norte;1
PRIVADA;SANTO ANDRE;SANTO ANDRE;SANTO ANDRE;0;812134;PRIMEIRA INFANCIA CED  COLEGIO INTEGRO;Japão;1
PRIVADA;SANTO ANDRE;SANTO ANDRE;SANTO ANDRE;0;812249;NUCLEO EDUCACIONAL INFANCE;Alemanha;1
PRIVADA;SANTO ANDRE;SANTO ANDRE;SANTO ANDRE;12;148738;SENAC SANTO ANDRE;Bolívia;1
PRIVADA;SANTO ANDRE;SANTO ANDRE;SANTO ANDRE;14;108832;SESI 094 CENTRO EDUCACIONAL;Japão;1
PRIVADA;SANTO ANDRE;SANTO ANDRE;SANTO ANDRE;14;108856;SESI 221 CENTRO EDUCACIONAL;Estados Unidos da América;1
PRIVADA;SANTO ANDRE;SANTO ANDRE;SANTO ANDRE;14;108868;SESI 265 CENTRO EDUCACIONAL;Japão;1
PRIVADA;SANTO ANDRE;SANTO ANDRE;SANTO ANDRE;40;108820;CORACAO DE JESUS INSTITUTO;Argentina;1
PRIVADA;SANTO ANDRE;SANTO ANDRE;SANTO ANDRE;40;108820;CORACAO DE JESUS INSTITUTO;Chile;1
PRIVADA;SANTO ANDRE;SANTO ANDRE;SANTO ANDRE;40;108820;CORACAO DE JESUS INSTITUTO;Japão;1
PRIVADA;SANTO ANDRE;SANTO ANDRE;SANTO ANDRE;40;108881;ADVENTISTA DE JARDIM UTINGA COLEGIO;Equador;1
PRIVADA;SANTO ANDRE;SANTO ANDRE;SANTO ANDRE;40;108881;ADVENTISTA DE JARDIM UTINGA COLEGIO;Espanha;1
PRIVADA;SANTO ANDRE;SANTO ANDRE;SANTO ANDRE;40;108881;ADVENTISTA DE JARDIM UTINGA COLEGIO;Haiti;1
PRIVADA;SANTO ANDRE;SANTO ANDRE;SANTO ANDRE;40;805142;CIDADE DOS MENINOS MARIA IMACULADA;Venezuela;2
PRIVADA;SANTOS;BERTIOGA;BERTIOGA;0;196964;VIVER APRENDENDO COLEGIO;Japão;1
PRIVADA;SANTOS;BERTIOGA;BERTIOGA;0;446221;OBJETIVO BERTIOGA BORACEIA UNIDADE II COLEGIO;Japão;2
PRIVADA;SANTOS;BERTIOGA;BERTIOGA;0;811191;OBJETIVO BERTIOGA COLEGIO;Estados Unidos da América;1
PRIVADA;SANTOS;BERTIOGA;BERTIOGA;51;118266;METODISTA COLEGIO UNIDADE II;Estados Unidos da América;1
PRIVADA;SANTOS;CUBATAO;CUBATAO;0;189522;CUBATAO ATENEU;Venezuela;4
PRIVADA;SANTOS;CUBATAO;CUBATAO;14;154271;SESI 424 CENTRO EDUCACIONAL;Finlândia;1
PRIVADA;SANTOS;GUARUJA;GUARUJA;0;6913;EVOLUIR CENTRO EDUCACIONAL INFANTIL II;Estados Unidos da América;1
PRIVADA;SANTOS;GUARUJA;GUARUJA;0;116185;GALILEU JUNIOR COLEGIO;Cuba;2
PRIVADA;SANTOS;GUARUJA;GUARUJA;0;116185;GALILEU JUNIOR COLEGIO;Estados Unidos da América;1
PRIVADA;SANTOS;GUARUJA;GUARUJA;0;135331;ALFA COLEGIO;Colômbia;2
PRIVADA;SANTOS;GUARUJA;GUARUJA;0;135331;ALFA COLEGIO;Estados Unidos da América;1
PRIVADA;SANTOS;GUARUJA;GUARUJA;0;186259;OBJETIVO DO LITORAL CENTRO EDUCACIONAL UNIDADE VII;Argentina;3
PRIVADA;SANTOS;GUARUJA;GUARUJA;0;186259;OBJETIVO DO LITORAL CENTRO EDUCACIONAL UNIDADE VII;Bélgica;1
PRIVADA;SANTOS;GUARUJA;GUARUJA;0;186259;OBJETIVO DO LITORAL CENTRO EDUCACIONAL UNIDADE VII;Bolívia;1
PRIVADA;SANTOS;GUARUJA;GUARUJA;0;186259;OBJETIVO DO LITORAL CENTRO EDUCACIONAL UNIDADE VII;Suíça;1
PRIVADA;SANTOS;GUARUJA;GUARUJA;0;195790;YEDA MARIA PROFA COLEGIO;Costa Rica;1
PRIVADA;SANTOS;GUARUJA;GUARUJA;0;195790;YEDA MARIA PROFA COLEGIO;Itália;1
PRIVADA;SANTOS;GUARUJA;GUARUJA;0;195790;YEDA MARIA PROFA COLEGIO;Montenegro;1
PRIVADA;SANTOS;GUARUJA;GUARUJA;0;196976;NOVA GERACAO ESCOLA INTERNACIONAL;Japão;2
PRIVADA;SANTOS;GUARUJA;GUARUJA;40;131295;DON DOMENICO COLEGIO;Japão;1
PRIVADA;SANTOS;GUARUJA;GUARUJA;57;133772;ADELIA CAMARGO CORREA COLEGIO DE EFM;Estados Unidos da América;1
PRIVADA;SANTOS;SANTOS;SANTOS;0;4272;ESCOLA VERDE QUE TE QUERO VERDE;Japão;1
PRIVADA;SANTOS;SANTOS;SANTOS;0;6903;ESTABELECIMENTO DE ENSINO ESCOLA AMERICANA DE SANTOS;Estados Unidos da América;1
PRIVADA;SANTOS;SANTOS;SANTOS;0;109666;SANTISTA COLEGIO ATENEU;Costa Rica;1
PRIVADA;SANTOS;SANTOS;SANTOS;0;109666;SANTISTA COLEGIO ATENEU;Japão;1
PRIVADA;SANTOS;SANTOS;SANTOS;0;109733;STELLA MARIS COLEGIO;Alemanha;2
PRIVADA;SANTOS;SANTOS;SANTOS;0;109733;STELLA MARIS COLEGIO;Bolívia;1
PRIVADA;SANTOS;SANTOS;SANTOS;0;109848;SANTA CECILIA COLEGIO;Angola;1
PRIVADA;SANTOS;SANTOS;SANTOS;0;109848;SANTA CECILIA COLEGIO;Peru;1
PRIVADA;SANTOS;SANTOS;SANTOS;0;109848;SANTA CECILIA COLEGIO;Portugal;1
PRIVADA;SANTOS;SANTOS;SANTOS;0;109940;PROGRESSO BILINGUE  UNIDADES I;Estados Unidos da América;1
PRIVADA;SANTOS;SANTOS;SANTOS;0;109940;PROGRESSO BILINGUE  UNIDADES I;Peru;1
PRIVADA;SANTOS;SANTOS;SANTOS;0;109940;PROGRESSO BILINGUE  UNIDADES I;Reino Unido da Grã-Bretanha e Irlanda do Norte;1
PRIVADA;SANTOS;SANTOS;SANTOS;0;109952;ADALBERTO SOUZA DA SILVA COLEGIO MODERNO;Cazaquistão;1
PRIVADA;SANTOS;SANTOS;SANTOS;0;110127;PEQUENO PRINCIPE ESCOLA;Estados Unidos da América;1
PRIVADA;SANTOS;SANTOS;SANTOS;0;110140;KENNEDY PRESIDENTE COLEGIO;Canadá;1
PRIVADA;SANTOS;SANTOS;SANTOS;0;110310;SOUZA BRASIL COLEGIO;Peru;1
PRIVADA;SANTOS;SANTOS;SANTOS;0;110346;LICEU SANTISTA;Canadá;1
PRIVADA;SANTOS;SANTOS;SANTOS;0;110346;LICEU SANTISTA;Estados Unidos da América;1
PRIVADA;SANTOS;SANTOS;SANTOS;0;110346;LICEU SANTISTA;Japão;1
PRIVADA;SANTOS;SANTOS;SANTOS;0;110346;LICEU SANTISTA;México;1
PRIVADA;SANTOS;SANTOS;SANTOS;0;110358;LICEU SAO PAULO;Portugal;1
PRIVADA;SANTOS;SANTOS;SANTOS;0;117717;ATRIO TATIBITATI COLEGIO;Austrália;1
PRIVADA;SANTOS;SANTOS;SANTOS;0;123602;UNIVERSITAS COLEGIO EDUCACAO INFANTIL E ENSINO FUNDAMENTAL;Chile;1
PRIVADA;SANTOS;SANTOS;SANTOS;0;123602;UNIVERSITAS COLEGIO EDUCACAO INFANTIL E ENSINO FUNDAMENTAL;Portugal;1
PRIVADA;SANTOS;SANTOS;SANTOS;0;123602;UNIVERSITAS COLEGIO EDUCACAO INFANTIL E ENSINO FUNDAMENTAL;Venezuela;1
PRIVADA;SANTOS;SANTOS;SANTOS;0;124114;REGINA ALTMAN ESCOLA DE EDUCACAO INFANTIL E FUNDAMENTAL;México;1
PRIVADA;SANTOS;SANTOS;SANTOS;0;124114;REGINA ALTMAN ESCOLA DE EDUCACAO INFANTIL E FUNDAMENTAL;Portugal;1
PRIVADA;SANTOS;SANTOS;SANTOS;0;126469;LUPE PICASSO INSTITUTO EDUCACIONAL;Índia;1
PRIVADA;SANTOS;SANTOS;SANTOS;0;126482;XIII DE JULHO ESCOLA DE EDUCACAO INFANTIL E FUNDAMENTAL;Grécia;1
PRIVADA;SANTOS;SANTOS;SANTOS;0;126561;SENIOR COLEGIO;Itália;1
PRIVADA;SANTOS;SANTOS;SANTOS;0;131829;UNIVERSITAS ENSINO MEDIO COLEGIO;França;1
PRIVADA;SANTOS;SANTOS;SANTOS;0;131829;UNIVERSITAS ENSINO MEDIO COLEGIO;Japão;1
PRIVADA;SANTOS;SANTOS;SANTOS;0;131842;OBJETIVO CENTRO EDUCACIONAL DO LITORAL UNIDADE I;Alemanha;1
PRIVADA;SANTOS;SANTOS;SANTOS;0;131842;OBJETIVO CENTRO EDUCACIONAL DO LITORAL UNIDADE I;Bolívia;1
PRIVADA;SANTOS;SANTOS;SANTOS;0;142554;JEAN PIAGET COLEGIO UNIDADE I;Uruguai;1
PRIVADA;SANTOS;SANTOS;SANTOS;0;154295;JEAN PIAGET UNIDADE II EEPG;Argentina;2
PRIVADA;SANTOS;SANTOS;SANTOS;0;154295;JEAN PIAGET UNIDADE II EEPG;Colômbia;2
PRIVADA;SANTOS;SANTOS;SANTOS;0;154295;JEAN PIAGET UNIDADE II EEPG;França;1
PRIVADA;SANTOS;SANTOS;SANTOS;0;154295;JEAN PIAGET UNIDADE II EEPG;Israel;1
PRIVADA;SANTOS;SANTOS;SANTOS;0;154295;JEAN PIAGET UNIDADE II EEPG;Uruguai;1
PRIVADA;SANTOS;SANTOS;SANTOS;0;154404;OBJETIVO DO LITORAL CENTRO EDUCACIONAL UNIDADE VI;Espanha;1
PRIVADA;SANTOS;SANTOS;SANTOS;0;154404;OBJETIVO DO LITORAL CENTRO EDUCACIONAL UNIDADE VI;Estados Unidos da América;4
PRIVADA;SANTOS;SANTOS;SANTOS;0;154404;OBJETIVO DO LITORAL CENTRO EDUCACIONAL UNIDADE VI;Venezuela;2
PRIVADA;SANTOS;SANTOS;SANTOS;0;154416;PAX COLEGIO;Japão;1
PRIVADA;SANTOS;SANTOS;SANTOS;0;154416;PAX COLEGIO;Paraguai;1
PRIVADA;SANTOS;SANTOS;SANTOS;0;154416;PAX COLEGIO;Portugal;1
PRIVADA;SANTOS;SANTOS;SANTOS;0;155445;REINO DO CARINHO CENTRO DE RECREACAO INFANTIL;Argentina;1
PRIVADA;SANTOS;SANTOS;SANTOS;0;155639;BOQUEIRAO ESCOLA DO;Argentina;1
PRIVADA;SANTOS;SANTOS;SANTOS;0;158732;ONIS COLEGIO;Países Baixos (Holanda);1
PRIVADA;SANTOS;SANTOS;SANTOS;0;165256;INTERATIVO COLEGIO;Chile;1
PRIVADA;SANTOS;SANTOS;SANTOS;0;165256;INTERATIVO COLEGIO;Espanha;1
PRIVADA;SANTOS;SANTOS;SANTOS;0;186247;ANGELUS DOMUS COLEGIO;Colômbia;1
PRIVADA;SANTOS;SANTOS;SANTOS;0;186260;NOVO TEMPO COLEGIO;Estados Unidos da América;1
PRIVADA;SANTOS;SANTOS;SANTOS;0;186260;NOVO TEMPO COLEGIO;Suíça;1
PRIVADA;SANTOS;SANTOS;SANTOS;0;299820;PORTAL BRASIL COLEGIO;Espanha;1
PRIVADA;SANTOS;SANTOS;SANTOS;0;299832;CASA BRANCA SCHOOL ENSINO FUNDAMENTAL;Bolívia;1
PRIVADA;SANTOS;SANTOS;SANTOS;0;299832;CASA BRANCA SCHOOL ENSINO FUNDAMENTAL;Espanha;2
PRIVADA;SANTOS;SANTOS;SANTOS;0;477631;COLEGIO EDUCAR EDUCACAO INFANTIL;Espanha;1
PRIVADA;SANTOS;SANTOS;SANTOS;0;481750;EVOLUIR ESCOLA;Bolívia;1
PRIVADA;SANTOS;SANTOS;SANTOS;0;569823;KAIROS COLEGIO;Japão;2
PRIVADA;SANTOS;SANTOS;SANTOS;0;572007;MAPLE BEAR SANTOS;Estados Unidos da América;1
PRIVADA;SANTOS;SANTOS;SANTOS;0;572007;MAPLE BEAR SANTOS;Índia;1
PRIVADA;SANTOS;SANTOS;SANTOS;0;572007;MAPLE BEAR SANTOS;Itália;2
PRIVADA;SANTOS;SANTOS;SANTOS;0;572007;MAPLE BEAR SANTOS;Japão;5
PRIVADA;SANTOS;SANTOS;SANTOS;0;582585;ASSOCIACAO PEDAGOGICA WALDORF SANTOS;Espanha;3
PRIVADA;SANTOS;SANTOS;SANTOS;0;803236;ANGLO SANTISTA COLEGIO;Colômbia;2
PRIVADA;SANTOS;SANTOS;SANTOS;0;803248;PROGRESSO SANTISTA COLEGIO;África do Sul;1
PRIVADA;SANTOS;SANTOS;SANTOS;0;803248;PROGRESSO SANTISTA COLEGIO;Estados Unidos da América;1
PRIVADA;SANTOS;SANTOS;SANTOS;0;806043;CASA BRANCA EDUCACAO;Chile;1
PRIVADA;SANTOS;SANTOS;SANTOS;0;811178;PRIMEIROS PASSOS BERCARIO E EDUCACAO INFANTIL;Colômbia;1
PRIVADA;SANTOS;SANTOS;SANTOS;12;148751;SENAC SANTOS;Argentina;2
PRIVADA;SANTOS;SANTOS;SANTOS;12;148751;SENAC SANTOS;Japão;1
PRIVADA;SANTOS;SANTOS;SANTOS;40;109721;SAO JOSE COLEGIO;Argentina;1
PRIVADA;SANTOS;SANTOS;SANTOS;40;109721;SAO JOSE COLEGIO;Bolívia;1
PRIVADA;SANTOS;SANTOS;SANTOS;40;109721;SAO JOSE COLEGIO;Colômbia;1
PRIVADA;SANTOS;SANTOS;SANTOS;40;109721;SAO JOSE COLEGIO;Estados Unidos da América;1
PRIVADA;SANTOS;SANTOS;SANTOS;40;109721;SAO JOSE COLEGIO;Países Baixos (Holanda);1
PRIVADA;SANTOS;SANTOS;SANTOS;40;109997;ORDEM E PROGRESSO ESCOLA ESPIRITUALISTA;Portugal;1
PRIVADA;SANTOS;SANTOS;SANTOS;40;110024;ADVENTISTA DE SANTOS COLEGIO;Albânia;1
PRIVADA;SANTOS;SANTOS;SANTOS;40;110024;ADVENTISTA DE SANTOS COLEGIO;Espanha;1
PRIVADA;SANTOS;SANTOS;SANTOS;40;110024;ADVENTISTA DE SANTOS COLEGIO;Japão;1
PRIVADA;SANTOS;SANTOS;SANTOS;40;110139;MODELO ESCOLA;Peru;1
PRIVADA;SANTOS;SANTOS;SANTOS;40;110139;MODELO ESCOLA;Portugal;2
PRIVADA;SANTOS;SANTOS;SANTOS;40;145129;30 DE JULHO ESCOLA EDUCACAO ESPECIAL;Portugal;1
PRIVADA;SANTOS;SANTOS;SANTOS;40;188244;ANALIA FRANCO ESCOLA EDUCACAO INFANTIL;Bolívia;1
PRIVADA;SANTOS;SANTOS;SANTOS;40;188797;UNIAO ANCILLA DOMINI;Venezuela;1
PRIVADA;SANTOS;SANTOS;SANTOS;40;190068;CENTRO EDUCACAO E REABILITACAO PARA DEFICIENTES VISUAIS;Portugal;1
PRIVADA;SANTOS;SANTOS;SANTOS;44;576128;PRO VIVER OBRAS SOCIAIS E EDUCACIONAIS;Portugal;1
PRIVADA;SAO BERNARDO DO CAMPO;SAO BERNARDO DO CAMPO;SAO BERNARDO DO CAMPO;0;4475;CENTRO EDUCACIONAL PIAGET;Japão;1
PRIVADA;SAO BERNARDO DO CAMPO;SAO BERNARDO DO CAMPO;SAO BERNARDO DO CAMPO;0;5131;COLEGIO OBJETIVO PRIME;Paraguai;1
PRIVADA;SAO BERNARDO DO CAMPO;SAO BERNARDO DO CAMPO;SAO BERNARDO DO CAMPO;0;5856;VILHINHA;Colômbia;1
PRIVADA;SAO BERNARDO DO CAMPO;SAO BERNARDO DO CAMPO;SAO BERNARDO DO CAMPO;0;5857;CENTRO EDUCACIONAL JORDANOPOLIS;Estados Unidos da América;1
PRIVADA;SAO BERNARDO DO CAMPO;SAO BERNARDO DO CAMPO;SAO BERNARDO DO CAMPO;0;5909;AMERICAN ACADEMY SCHOOL;Estados Unidos da América;1
PRIVADA;SAO BERNARDO DO CAMPO;SAO BERNARDO DO CAMPO;SAO BERNARDO DO CAMPO;0;6291;COLEGIO DARWIN CENTRAL SCHOOL;Alemanha;1
PRIVADA;SAO BERNARDO DO CAMPO;SAO BERNARDO DO CAMPO;SAO BERNARDO DO CAMPO;0;6291;COLEGIO DARWIN CENTRAL SCHOOL;Japão;1
PRIVADA;SAO BERNARDO DO CAMPO;SAO BERNARDO DO CAMPO;SAO BERNARDO DO CAMPO;0;101473;CRERSER NUCLEO TERAPEUTICO;Argentina;1
PRIVADA;SAO BERNARDO DO CAMPO;SAO BERNARDO DO CAMPO;SAO BERNARDO DO CAMPO;0;108923;ABACO COLEGIO;Argentina;2
PRIVADA;SAO BERNARDO DO CAMPO;SAO BERNARDO DO CAMPO;SAO BERNARDO DO CAMPO;0;108923;ABACO COLEGIO;Canadá;1
PRIVADA;SAO BERNARDO DO CAMPO;SAO BERNARDO DO CAMPO;SAO BERNARDO DO CAMPO;0;108923;ABACO COLEGIO;Japão;1
PRIVADA;SAO BERNARDO DO CAMPO;SAO BERNARDO DO CAMPO;SAO BERNARDO DO CAMPO;0;108972;RIO BRANCO EXTERNATO;Japão;2
PRIVADA;SAO BERNARDO DO CAMPO;SAO BERNARDO DO CAMPO;SAO BERNARDO DO CAMPO;0;108996;LEONOR MENDES DE BARROS DONA COLEGIO;Síria;1
PRIVADA;SAO BERNARDO DO CAMPO;SAO BERNARDO DO CAMPO;SAO BERNARDO DO CAMPO;0;109010;COLEGIO BOM JESUS SAO JOSE;Argentina;1
PRIVADA;SAO BERNARDO DO CAMPO;SAO BERNARDO DO CAMPO;SAO BERNARDO DO CAMPO;0;109022;UNIVERSITARIO ABC COLEGIO;Estados Unidos da América;1
PRIVADA;SAO BERNARDO DO CAMPO;SAO BERNARDO DO CAMPO;SAO BERNARDO DO CAMPO;0;109022;UNIVERSITARIO ABC COLEGIO;Japão;1
PRIVADA;SAO BERNARDO DO CAMPO;SAO BERNARDO DO CAMPO;SAO BERNARDO DO CAMPO;0;109046;BARAO DE MAUA INSTITUTO DE ENSINO;África do Sul;1
PRIVADA;SAO BERNARDO DO CAMPO;SAO BERNARDO DO CAMPO;SAO BERNARDO DO CAMPO;0;109046;BARAO DE MAUA INSTITUTO DE ENSINO;Arábia Saudita;1
PRIVADA;SAO BERNARDO DO CAMPO;SAO BERNARDO DO CAMPO;SAO BERNARDO DO CAMPO;0;109046;BARAO DE MAUA INSTITUTO DE ENSINO;Bolívia;1
PRIVADA;SAO BERNARDO DO CAMPO;SAO BERNARDO DO CAMPO;SAO BERNARDO DO CAMPO;0;109046;BARAO DE MAUA INSTITUTO DE ENSINO;Rússia;1
PRIVADA;SAO BERNARDO DO CAMPO;SAO BERNARDO DO CAMPO;SAO BERNARDO DO CAMPO;0;109046;BARAO DE MAUA INSTITUTO DE ENSINO;Síria;1
PRIVADA;SAO BERNARDO DO CAMPO;SAO BERNARDO DO CAMPO;SAO BERNARDO DO CAMPO;0;109046;BARAO DE MAUA INSTITUTO DE ENSINO;Turquia;1
PRIVADA;SAO BERNARDO DO CAMPO;SAO BERNARDO DO CAMPO;SAO BERNARDO DO CAMPO;0;109061;BRASILIA COLEGIO;Japão;1
PRIVADA;SAO BERNARDO DO CAMPO;SAO BERNARDO DO CAMPO;SAO BERNARDO DO CAMPO;0;119611;HARMONIA COLEGIO;Japão;1
PRIVADA;SAO BERNARDO DO CAMPO;SAO BERNARDO DO CAMPO;SAO BERNARDO DO CAMPO;0;127127;OBJETIVO CENTRO EDUCACIONAL UNIDADE SAO BERNARDO DO CAMPO;Japão;1
PRIVADA;SAO BERNARDO DO CAMPO;SAO BERNARDO DO CAMPO;SAO BERNARDO DO CAMPO;0;137650;COLEGIO SAO CARLOS;Japão;1
PRIVADA;SAO BERNARDO DO CAMPO;SAO BERNARDO DO CAMPO;SAO BERNARDO DO CAMPO;0;137972;METODISTA COLEGIO;Bolívia;1
PRIVADA;SAO BERNARDO DO CAMPO;SAO BERNARDO DO CAMPO;SAO BERNARDO DO CAMPO;0;139185;SAPIENS COLEGIO;Japão;1
PRIVADA;SAO BERNARDO DO CAMPO;SAO BERNARDO DO CAMPO;SAO BERNARDO DO CAMPO;0;139185;SAPIENS COLEGIO;Líbano;1
PRIVADA;SAO BERNARDO DO CAMPO;SAO BERNARDO DO CAMPO;SAO BERNARDO DO CAMPO;0;141501;VISCONDE DE ITABORAI COLEGIO;Portugal;1
PRIVADA;SAO BERNARDO DO CAMPO;SAO BERNARDO DO CAMPO;SAO BERNARDO DO CAMPO;0;142612;SINGULAR COLEGIO;Estados Unidos da América;1
PRIVADA;SAO BERNARDO DO CAMPO;SAO BERNARDO DO CAMPO;SAO BERNARDO DO CAMPO;0;142612;SINGULAR COLEGIO;Japão;1
PRIVADA;SAO BERNARDO DO CAMPO;SAO BERNARDO DO CAMPO;SAO BERNARDO DO CAMPO;0;142967;TERMOMECANICA COLEGIO;Cuba;1
PRIVADA;SAO BERNARDO DO CAMPO;SAO BERNARDO DO CAMPO;SAO BERNARDO DO CAMPO;0;142967;TERMOMECANICA COLEGIO;Japão;2
PRIVADA;SAO BERNARDO DO CAMPO;SAO BERNARDO DO CAMPO;SAO BERNARDO DO CAMPO;0;144381;SAO PAULO INSTITUTO DE ENSINO;Colômbia;2
PRIVADA;SAO BERNARDO DO CAMPO;SAO BERNARDO DO CAMPO;SAO BERNARDO DO CAMPO;0;144381;SAO PAULO INSTITUTO DE ENSINO;Espanha;1
PRIVADA;SAO BERNARDO DO CAMPO;SAO BERNARDO DO CAMPO;SAO BERNARDO DO CAMPO;0;150373;PARAISO COLEGIO;Espanha;1
PRIVADA;SAO BERNARDO DO CAMPO;SAO BERNARDO DO CAMPO;SAO BERNARDO DO CAMPO;0;151452;TABOAO CENTRO EDUCACIONAL;Japão;1
PRIVADA;SAO BERNARDO DO CAMPO;SAO BERNARDO DO CAMPO;SAO BERNARDO DO CAMPO;0;152729;PETROPOLIS COLEGIO;Alemanha;1
PRIVADA;SAO BERNARDO DO CAMPO;SAO BERNARDO DO CAMPO;SAO BERNARDO DO CAMPO;0;152729;PETROPOLIS COLEGIO;Argentina;3
PRIVADA;SAO BERNARDO DO CAMPO;SAO BERNARDO DO CAMPO;SAO BERNARDO DO CAMPO;0;152729;PETROPOLIS COLEGIO;China;1
PRIVADA;SAO BERNARDO DO CAMPO;SAO BERNARDO DO CAMPO;SAO BERNARDO DO CAMPO;0;152729;PETROPOLIS COLEGIO;França;1
PRIVADA;SAO BERNARDO DO CAMPO;SAO BERNARDO DO CAMPO;SAO BERNARDO DO CAMPO;0;152729;PETROPOLIS COLEGIO;Líbano;1
PRIVADA;SAO BERNARDO DO CAMPO;SAO BERNARDO DO CAMPO;SAO BERNARDO DO CAMPO;0;162164;VILLA LOBOS COLEGIO;Japão;1
PRIVADA;SAO BERNARDO DO CAMPO;SAO BERNARDO DO CAMPO;SAO BERNARDO DO CAMPO;0;184949;ELSHADAY COLEGIO;Chile;1
PRIVADA;SAO BERNARDO DO CAMPO;SAO BERNARDO DO CAMPO;SAO BERNARDO DO CAMPO;0;184949;ELSHADAY COLEGIO;Colômbia;1
PRIVADA;SAO BERNARDO DO CAMPO;SAO BERNARDO DO CAMPO;SAO BERNARDO DO CAMPO;0;184949;ELSHADAY COLEGIO;Japão;1
PRIVADA;SAO BERNARDO DO CAMPO;SAO BERNARDO DO CAMPO;SAO BERNARDO DO CAMPO;0;190385;ESCOLA DE EDUCACAO ESPECIAL PAULISTA;Japão;1
PRIVADA;SAO BERNARDO DO CAMPO;SAO BERNARDO DO CAMPO;SAO BERNARDO DO CAMPO;0;194827;ACONCHEGO CENTRO EDUCACIONAL;Japão;1
PRIVADA;SAO BERNARDO DO CAMPO;SAO BERNARDO DO CAMPO;SAO BERNARDO DO CAMPO;0;291870;JARDIM DO MAR ESCOLA DE EDUCACAO INFANTIL;Rússia;1
PRIVADA;SAO BERNARDO DO CAMPO;SAO BERNARDO DO CAMPO;SAO BERNARDO DO CAMPO;0;292357;BERCARIO E MATERNAL INFANTIL A COLMEIA;México;1
PRIVADA;SAO BERNARDO DO CAMPO;SAO BERNARDO DO CAMPO;SAO BERNARDO DO CAMPO;0;452816;24 DE MARCO UNIDADE IV COLEGIO;Cuba;1
PRIVADA;SAO BERNARDO DO CAMPO;SAO BERNARDO DO CAMPO;SAO BERNARDO DO CAMPO;0;565337;HAPPY HOUSE ESCOLA;Estados Unidos da América;1
PRIVADA;SAO BERNARDO DO CAMPO;SAO BERNARDO DO CAMPO;SAO BERNARDO DO CAMPO;0;566792;MAPLE BEAR CANADIAN SCHOOL SBC;Síria;2
PRIVADA;SAO BERNARDO DO CAMPO;SAO BERNARDO DO CAMPO;SAO BERNARDO DO CAMPO;0;802578;COLEGIO ARBOS EIEFEM UNIDADE IV;Estados Unidos da América;1
PRIVADA;SAO BERNARDO DO CAMPO;SAO BERNARDO DO CAMPO;SAO BERNARDO DO CAMPO;0;803157;MEDINA COLEGIO;Arábia Saudita;7
PRIVADA;SAO BERNARDO DO CAMPO;SAO BERNARDO DO CAMPO;SAO BERNARDO DO CAMPO;0;803157;MEDINA COLEGIO;Líbano;1
PRIVADA;SAO BERNARDO DO CAMPO;SAO BERNARDO DO CAMPO;SAO BERNARDO DO CAMPO;0;803157;MEDINA COLEGIO;Paraguai;1
PRIVADA;SAO BERNARDO DO CAMPO;SAO BERNARDO DO CAMPO;SAO BERNARDO DO CAMPO;0;803157;MEDINA COLEGIO;Síria;22
PRIVADA;SAO BERNARDO DO CAMPO;SAO BERNARDO DO CAMPO;SAO BERNARDO DO CAMPO;0;803157;MEDINA COLEGIO;Turquia;1
PRIVADA;SAO BERNARDO DO CAMPO;SAO BERNARDO DO CAMPO;SAO BERNARDO DO CAMPO;0;809883;TERRA NOVA COLEGIO;Portugal;1
PRIVADA;SAO BERNARDO DO CAMPO;SAO BERNARDO DO CAMPO;SAO BERNARDO DO CAMPO;12;569070;SENAC SAO BERNARDO DO CAMPO;Bolívia;1
PRIVADA;SAO BERNARDO DO CAMPO;SAO BERNARDO DO CAMPO;SAO BERNARDO DO CAMPO;12;569070;SENAC SAO BERNARDO DO CAMPO;Japão;1
PRIVADA;SAO BERNARDO DO CAMPO;SAO BERNARDO DO CAMPO;SAO BERNARDO DO CAMPO;12;569070;SENAC SAO BERNARDO DO CAMPO;Venezuela;1
PRIVADA;SAO BERNARDO DO CAMPO;SAO BERNARDO DO CAMPO;SAO BERNARDO DO CAMPO;14;137753;SESI 416 CENTRO EDUCACIONAL;Japão;1
PRIVADA;SAO BERNARDO DO CAMPO;SAO BERNARDO DO CAMPO;SAO BERNARDO DO CAMPO;40;131064;COLEGIO PIAGET;Uruguai;1
PRIVADA;SAO BERNARDO DO CAMPO;SAO BERNARDO DO CAMPO;SAO BERNARDO DO CAMPO;40;151048;ADVENTISTA DE SAO BERNARDO DO CAMPO COLEGIO;Japão;1
PRIVADA;SAO BERNARDO DO CAMPO;SAO BERNARDO DO CAMPO;SAO BERNARDO DO CAMPO;40;291812;LAR DA CRIANCA EMMANUEL UNIDADE I;Venezuela;1
PRIVADA;SAO BERNARDO DO CAMPO;SAO BERNARDO DO CAMPO;SAO BERNARDO DO CAMPO;40;291869;CRECHE PEQUENINOS DO FUTURO  UNIDADE II;Colômbia;1
PRIVADA;SAO BERNARDO DO CAMPO;SAO BERNARDO DO CAMPO;SAO BERNARDO DO CAMPO;40;292333;JESUE FRANTZ LAR ESCOLA;Venezuela;1
PRIVADA;SAO BERNARDO DO CAMPO;SAO BERNARDO DO CAMPO;SAO BERNARDO DO CAMPO;40;385852;FRATERNO ASSOC ASSISTENCIAL UN II ESCOLA EDUCACAO INFANTIL;Venezuela;1
PRIVADA;SAO BERNARDO DO CAMPO;SAO BERNARDO DO CAMPO;SAO BERNARDO DO CAMPO;51;7152;PEN LIFE INTERNATIONAL SCHOOL;Estados Unidos da América;3
PRIVADA;SAO BERNARDO DO CAMPO;SAO CAETANO DO SUL;SAO CAETANO DO SUL;0;109162;SANTO ANTONIO EXTERNATO;Bolívia;1
PRIVADA;SAO BERNARDO DO CAMPO;SAO CAETANO DO SUL;SAO CAETANO DO SUL;0;109162;SANTO ANTONIO EXTERNATO;China;1
PRIVADA;SAO BERNARDO DO CAMPO;SAO CAETANO DO SUL;SAO CAETANO DO SUL;0;109198;SAGRADA FAMILIA INSTITUTO DE ENSINO;China;1
PRIVADA;SAO BERNARDO DO CAMPO;SAO CAETANO DO SUL;SAO CAETANO DO SUL;0;109228;SINGULAR UNIDADE SAO CAETANO COLEGIO;Bolívia;1
PRIVADA;SAO BERNARDO DO CAMPO;SAO CAETANO DO SUL;SAO CAETANO DO SUL;0;109228;SINGULAR UNIDADE SAO CAETANO COLEGIO;Japão;2
PRIVADA;SAO BERNARDO DO CAMPO;SAO CAETANO DO SUL;SAO CAETANO DO SUL;0;135203;EDUARDO GOMES COLEGIO;Equador;1
PRIVADA;SAO BERNARDO DO CAMPO;SAO CAETANO DO SUL;SAO CAETANO DO SUL;0;135203;EDUARDO GOMES COLEGIO;Estados Unidos da América;1
PRIVADA;SAO BERNARDO DO CAMPO;SAO CAETANO DO SUL;SAO CAETANO DO SUL;0;135203;EDUARDO GOMES COLEGIO;Portugal;1
PRIVADA;SAO BERNARDO DO CAMPO;SAO CAETANO DO SUL;SAO CAETANO DO SUL;0;135203;EDUARDO GOMES COLEGIO;Venezuela;1
PRIVADA;SAO BERNARDO DO CAMPO;SAO CAETANO DO SUL;SAO CAETANO DO SUL;0;154775;ESCOLA VILLARE;Alemanha;1
PRIVADA;SAO BERNARDO DO CAMPO;SAO CAETANO DO SUL;SAO CAETANO DO SUL;0;154775;ESCOLA VILLARE;China;1
PRIVADA;SAO BERNARDO DO CAMPO;SAO CAETANO DO SUL;SAO CAETANO DO SUL;0;154775;ESCOLA VILLARE;Espanha;1
PRIVADA;SAO BERNARDO DO CAMPO;SAO CAETANO DO SUL;SAO CAETANO DO SUL;0;154775;ESCOLA VILLARE;Estados Unidos da América;1
PRIVADA;SAO BERNARDO DO CAMPO;SAO CAETANO DO SUL;SAO CAETANO DO SUL;0;154775;ESCOLA VILLARE;Portugal;1
PRIVADA;SAO BERNARDO DO CAMPO;SAO CAETANO DO SUL;SAO CAETANO DO SUL;0;154775;ESCOLA VILLARE;Venezuela;1
PRIVADA;SAO BERNARDO DO CAMPO;SAO CAETANO DO SUL;SAO CAETANO DO SUL;0;430432;FENIX SANTA PAULA ESCOLA UNDADE I E II;Argentina;2
PRIVADA;SAO BERNARDO DO CAMPO;SAO CAETANO DO SUL;SAO CAETANO DO SUL;0;802839;ARBOS COLEGIO UNIDADE MARECHAL DEODORO;China;1
PRIVADA;SAO BERNARDO DO CAMPO;SAO CAETANO DO SUL;SAO CAETANO DO SUL;13;147941;ARMANDO DE ARRUDA PEREIRA ESCOLA SENAI;Japão;1
PRIVADA;SAO BERNARDO DO CAMPO;SAO CAETANO DO SUL;SAO CAETANO DO SUL;13;147941;ARMANDO DE ARRUDA PEREIRA ESCOLA SENAI;Peru;1
PRIVADA;SAO CARLOS;BELA VISTA SAO-CARLENSE;SAO CARLOS;40;115319;NOSSO LAR ESCOLA DE EDUCACAO INFANTIL;Colômbia;1
PRIVADA;SAO CARLOS;DESCALVADO;DESCALVADO;0;161925;CEDESC INSTITUTO DE EDUCACAO E CULTURA;Bolívia;1
PRIVADA;SAO CARLOS;SAO CARLOS;SAO CARLOS;0;6680;ESCOLA DE EDUCACAO INFANTIL BABY DISNEY;Índia;2
PRIVADA;SAO CARLOS;SAO CARLOS;SAO CARLOS;0;125436;SAPIENS CURSO E COLEGIO;Alemanha;3
PRIVADA;SAO CARLOS;SAO CARLOS;SAO CARLOS;0;125441;EDUCATIVA  INSTITUTO DE EDUCACAO E CULTURA;Alemanha;2
PRIVADA;SAO CARLOS;SAO CARLOS;SAO CARLOS;0;125441;EDUCATIVA  INSTITUTO DE EDUCACAO E CULTURA;Peru;1
PRIVADA;SAO CARLOS;SAO CARLOS;SAO CARLOS;0;130904;SAO CARLOS INSTITUTO EDUCACIONAL ENSINO MEDIO;Japão;1
PRIVADA;SAO CARLOS;SAO CARLOS;SAO CARLOS;0;184974;QUERIGMA ESCOLA CATOLICA;Peru;1
PRIVADA;SAO CARLOS;SAO CARLOS;SAO CARLOS;0;429387;COLEGIO PLANETA;Colômbia;1
PRIVADA;SAO CARLOS;SAO CARLOS;SAO CARLOS;0;429387;COLEGIO PLANETA;Espanha;2
PRIVADA;SAO CARLOS;SAO CARLOS;SAO CARLOS;0;429387;COLEGIO PLANETA;Peru;1
PRIVADA;SAO CARLOS;SAO CARLOS;SAO CARLOS;0;438091;TIC TAC TOE ESCOLA;Estados Unidos da América;2
PRIVADA;SAO CARLOS;SAO CARLOS;SAO CARLOS;0;438091;TIC TAC TOE ESCOLA;Irlanda;2
PRIVADA;SAO CARLOS;SAO CARLOS;SAO CARLOS;0;464405;ARTE KIDS UNIDADE I COLEGIO;Estados Unidos da América;1
PRIVADA;SAO CARLOS;SAO CARLOS;SAO CARLOS;0;806024;DOM QUINTAL ESCOLA DE EDUCACAO INFANTIL E ENSINO FUNDAMENTAL;Bolívia;1
PRIVADA;SAO CARLOS;SAO CARLOS;SAO CARLOS;0;808179;INTERATIVO CURSO E COLEGIO UNIDADE II;Japão;1
PRIVADA;SAO CARLOS;SAO CARLOS;SAO CARLOS;1;146407;ANGELO PASSERI DR ESCOLA ROTARY DE EDUCACAO ESPECIAL;Japão;1
PRIVADA;SAO CARLOS;SAO CARLOS;SAO CARLOS;12;148878;SENAC SAO CARLOS;Colômbia;2
PRIVADA;SAO CARLOS;SAO CARLOS;SAO CARLOS;12;148878;SENAC SAO CARLOS;Peru;1
PRIVADA;SAO CARLOS;SAO CARLOS;SAO CARLOS;40;115253;LA SALLE SAO CARLOS COLEGIO DIOCESANO;Itália;1
PRIVADA;SAO CARLOS;SAO CARLOS;SAO CARLOS;40;179516;SANTO ANTONIO DE VILA PRADO CENTRO ASSISTENCIAL;Venezuela;2
PRIVADA;SAO CARLOS;VILA NERY;SAO CARLOS;0;115265;SAO CARLOS COLEGIO;Alemanha;2
PRIVADA;SAO CARLOS;VILA NERY;SAO CARLOS;0;115265;SAO CARLOS COLEGIO;Bélgica;1
PRIVADA;SAO CARLOS;VILA NERY;SAO CARLOS;0;115265;SAO CARLOS COLEGIO;Chile;1
PRIVADA;SAO CARLOS;VILA NERY;SAO CARLOS;0;115265;SAO CARLOS COLEGIO;Peru;1
PRIVADA;SAO CARLOS;VILA NERY;SAO CARLOS;0;115290;MUNDINHO NOSSO ED INFANTIL E ENSINO FUNDAMENTAL COLEGIO;Bolívia;1
PRIVADA;SAO CARLOS;VILA NERY;SAO CARLOS;0;115290;MUNDINHO NOSSO ED INFANTIL E ENSINO FUNDAMENTAL COLEGIO;Espanha;1
PRIVADA;SAO CARLOS;VILA NERY;SAO CARLOS;0;121307;ANGLO CIDADE DE SAO CARLOS COLEGIO;Japão;1
PRIVADA;SAO CARLOS;VILA NERY;SAO CARLOS;0;137285;OCA DOS CURUMINS ESCOLA DE ED INFANTIL E ENSINO FUNDAMENTAL;Grenada;1
PRIVADA;SAO CARLOS;VILA NERY;SAO CARLOS;40;115277;ADVENTISTA DE SAO CARLOS COLEGIO;Haiti;1
PRIVADA;SAO CARLOS;VILA NERY;SAO CARLOS;40;115277;ADVENTISTA DE SAO CARLOS COLEGIO;Peru;1
PRIVADA;SAO JOAO DA BOA VISTA;AGUAI;AGUAI;0;150836;DELTHA DE AGUAI COLEGIO EEB EIFM;Japão;1
PRIVADA;SAO JOAO DA BOA VISTA;MOCOCA;MOCOCA;0;134338;MARIA IMACULADA COLEGIO;China;1
PRIVADA;SAO JOAO DA BOA VISTA;MOCOCA;MOCOCA;0;164835;CASTELO CENTRO EDUCACIONAL;Japão;1
PRIVADA;SAO JOAO DA BOA VISTA;SAO JOAO DA BOA VISTA;SAO JOAO DA BOA VISTA;0;113670;EXTERNATO COLEGIO EDUCACAO INFANTIL E ENSINO FUNDAMENTAL;Índia;1
PRIVADA;SAO JOAO DA BOA VISTA;SAO JOAO DA BOA VISTA;SAO JOAO DA BOA VISTA;0;113670;EXTERNATO COLEGIO EDUCACAO INFANTIL E ENSINO FUNDAMENTAL;Venezuela;1
PRIVADA;SAO JOAO DA BOA VISTA;SAO JOAO DA BOA VISTA;SAO JOAO DA BOA VISTA;0;139973;EXTERNATO ENSINO MEDIO COLEGIO ESCOLA DE ENSINO MEDIO;Estados Unidos da América;1
PRIVADA;SAO JOAO DA BOA VISTA;SAO JOAO DA BOA VISTA;SAO JOAO DA BOA VISTA;0;139973;EXTERNATO ENSINO MEDIO COLEGIO ESCOLA DE ENSINO MEDIO;Itália;1
PRIVADA;SAO JOAO DA BOA VISTA;SAO JOAO DA BOA VISTA;SAO JOAO DA BOA VISTA;0;139973;EXTERNATO ENSINO MEDIO COLEGIO ESCOLA DE ENSINO MEDIO;Venezuela;1
PRIVADA;SAO JOAO DA BOA VISTA;SAO JOAO DA BOA VISTA;SAO JOAO DA BOA VISTA;0;142785;SAO JOAO CENTRO DE EDUCACAO;Síria;1
PRIVADA;SAO JOAO DA BOA VISTA;SAO JOAO DA BOA VISTA;SAO JOAO DA BOA VISTA;0;142785;SAO JOAO CENTRO DE EDUCACAO;Uruguai;1
PRIVADA;SAO JOAO DA BOA VISTA;SAO JOAO DA BOA VISTA;SAO JOAO DA BOA VISTA;0;142797;SAO JOAO COLEGIO ANGLO;Estados Unidos da América;1
PRIVADA;SAO JOAO DA BOA VISTA;SAO JOAO DA BOA VISTA;SAO JOAO DA BOA VISTA;0;158471;VALCAM COLEGIO EDUCACAO BASICA E EDUCACAO PROFISSIONAL;Itália;1
PRIVADA;SAO JOAO DA BOA VISTA;SAO JOAO DA BOA VISTA;SAO JOAO DA BOA VISTA;0;428796;INTEGRADO COLEGIO DE ENSINO MEDIO;Reino Unido da Grã-Bretanha e Irlanda do Norte;1
PRIVADA;SAO JOAO DA BOA VISTA;SAO JOAO DA BOA VISTA;SAO JOAO DA BOA VISTA;12;149123;SENAC SAO JOAO DA BOA VISTA;Argentina;1
PRIVADA;SAO JOAO DA BOA VISTA;SAO JOAO DA BOA VISTA;SAO JOAO DA BOA VISTA;40;803959;CHAFICA ANTAKLY CRECHE;Paraguai;1
PRIVADA;SAO JOAO DA BOA VISTA;SAO JOAO DA BOA VISTA;SAO JOAO DA BOA VISTA;40;803959;CHAFICA ANTAKLY CRECHE;Venezuela;1
PRIVADA;SAO JOAO DA BOA VISTA;SAO JOSE DO RIO PARDO;SAO JOSE DO RIO PARDO;0;124072;SANTA INES COLEGIO;Argentina;1
PRIVADA;SAO JOAO DA BOA VISTA;SAO JOSE DO RIO PARDO;SAO JOSE DO RIO PARDO;0;169687;LUMEN COLEGIO;Estados Unidos da América;1
PRIVADA;SAO JOAO DA BOA VISTA;SAO JOSE DO RIO PARDO;SAO JOSE DO RIO PARDO;0;184962;COLEGIO UNIGRAU RIO PARDO;Portugal;1
PRIVADA;SAO JOAO DA BOA VISTA;SAO JOSE DO RIO PARDO;SAO JOSE DO RIO PARDO;0;184962;COLEGIO UNIGRAU RIO PARDO;Reino Unido da Grã-Bretanha e Irlanda do Norte;1
PRIVADA;SAO JOAQUIM DA BARRA;ITUVERAVA;ITUVERAVA;0;125313;OBJETIVO DE ITUVERAVA COLEGIO;Bolívia;1
PRIVADA;SAO JOAQUIM DA BARRA;ITUVERAVA;ITUVERAVA;1;149615;ISABEL A B DE OLIVEIRA  APAE DE ITUVERAVA;Estados Unidos da América;1
PRIVADA;SAO JOAQUIM DA BARRA;SAO JOAQUIM DA BARRA;SAO JOAQUIM DA BARRA;0;166492;LICEU PAULO FREIRE;China;1
PRIVADA;SAO JOAQUIM DA BARRA;SAO JOAQUIM DA BARRA;SAO JOAQUIM DA BARRA;0;166492;LICEU PAULO FREIRE;Colômbia;1
PRIVADA;SAO JOSE DO RIO PRETO;GUAPIACU;GUAPIACU;0;448709;PALLAS ATHENA COLEGIO;Bolívia;1
PRIVADA;SAO JOSE DO RIO PRETO;GUAPIACU;GUAPIACU;0;448709;PALLAS ATHENA COLEGIO;Suíça;1
PRIVADA;SAO JOSE DO RIO PRETO;ICEM;ICEM;40;166078;ICEM ASSOCIACAO DE ASSISTENCIA SOCIAL;Japão;1
PRIVADA;SAO JOSE DO RIO PRETO;NOVA GRANADA;NOVA GRANADA;0;287490;DECISAO COLEGIO CIDADE DE NOVA GRANADA;Japão;1
PRIVADA;SAO JOSE DO RIO PRETO;SAO JOSE DO RIO PRETO;SAO JOSE DO RIO PRETO;0;4215;COESO EDUC;Portugal;1
PRIVADA;SAO JOSE DO RIO PRETO;SAO JOSE DO RIO PRETO;SAO JOSE DO RIO PRETO;0;4884;COLEGIO INVICTUS;Portugal;1
PRIVADA;SAO JOSE DO RIO PRETO;SAO JOSE DO RIO PRETO;SAO JOSE DO RIO PRETO;0;6979;COLEGIO SUPERIUS;Japão;1
PRIVADA;SAO JOSE DO RIO PRETO;SAO JOSE DO RIO PRETO;SAO JOSE DO RIO PRETO;0;116385;ADVENTISTA DE SAO JOSE DO RIO PRETO COLEGIO DE EFM;Estados Unidos da América;1
PRIVADA;SAO JOSE DO RIO PRETO;SAO JOSE DO RIO PRETO;SAO JOSE DO RIO PRETO;0;116385;ADVENTISTA DE SAO JOSE DO RIO PRETO COLEGIO DE EFM;Japão;1
PRIVADA;SAO JOSE DO RIO PRETO;SAO JOSE DO RIO PRETO;SAO JOSE DO RIO PRETO;0;116440;COLEGIO CATOLICO SANTO ANTONIO;Japão;1
PRIVADA;SAO JOSE DO RIO PRETO;SAO JOSE DO RIO PRETO;SAO JOSE DO RIO PRETO;0;123365;ALBERT SABIN CENTRO DE EDUCACAO E CULTURA CECAS;Estados Unidos da América;1
PRIVADA;SAO JOSE DO RIO PRETO;SAO JOSE DO RIO PRETO;SAO JOSE DO RIO PRETO;0;127759;OBJETIVO JUNIOR COLEGIO;Itália;1
PRIVADA;SAO JOSE DO RIO PRETO;SAO JOSE DO RIO PRETO;SAO JOSE DO RIO PRETO;0;131192;UNITERP COLEGIO TECNICO;Estados Unidos da América;1
PRIVADA;SAO JOSE DO RIO PRETO;SAO JOSE DO RIO PRETO;SAO JOSE DO RIO PRETO;0;131192;UNITERP COLEGIO TECNICO;Venezuela;2
PRIVADA;SAO JOSE DO RIO PRETO;SAO JOSE DO RIO PRETO;SAO JOSE DO RIO PRETO;0;174658;CARLOS CHAGAS FILHO EEIEFM;Argentina;1
PRIVADA;SAO JOSE DO RIO PRETO;SAO JOSE DO RIO PRETO;SAO JOSE DO RIO PRETO;0;188360;COLEGIO CATA VENTO;Estados Unidos da América;1
PRIVADA;SAO JOSE DO RIO PRETO;SAO JOSE DO RIO PRETO;SAO JOSE DO RIO PRETO;0;192648;BOA VISTA LICEU COLEGIO;Bélgica;1
PRIVADA;SAO JOSE DO RIO PRETO;SAO JOSE DO RIO PRETO;SAO JOSE DO RIO PRETO;0;297562;MARIA PEREGRINA ESCOLA;Portugal;1
PRIVADA;SAO JOSE DO RIO PRETO;SAO JOSE DO RIO PRETO;SAO JOSE DO RIO PRETO;0;357157;EDUCAR ZIP ZAP COLEGIO;Japão;1
PRIVADA;SAO JOSE DO RIO PRETO;SAO JOSE DO RIO PRETO;SAO JOSE DO RIO PRETO;0;438085;LAMARCK COLEGIO;Japão;1
PRIVADA;SAO JOSE DO RIO PRETO;SAO JOSE DO RIO PRETO;SAO JOSE DO RIO PRETO;0;500033;CIDADE RIO PRETO COLEGIO;Colômbia;1
PRIVADA;SAO JOSE DO RIO PRETO;SAO JOSE DO RIO PRETO;SAO JOSE DO RIO PRETO;0;500033;CIDADE RIO PRETO COLEGIO;Estados Unidos da América;1
PRIVADA;SAO JOSE DO RIO PRETO;SAO JOSE DO RIO PRETO;SAO JOSE DO RIO PRETO;0;500033;CIDADE RIO PRETO COLEGIO;Japão;1
PRIVADA;SAO JOSE DO RIO PRETO;SAO JOSE DO RIO PRETO;SAO JOSE DO RIO PRETO;0;504324;SEB COC UNIDADE RIO PRETO;Portugal;1
PRIVADA;SAO JOSE DO RIO PRETO;SAO JOSE DO RIO PRETO;SAO JOSE DO RIO PRETO;0;528304;MAPLE BEAR GOLFE;Estados Unidos da América;2
PRIVADA;SAO JOSE DO RIO PRETO;SAO JOSE DO RIO PRETO;SAO JOSE DO RIO PRETO;0;803736;ESTIMULACAO DO SABER ORIENTADO COLEGIO PARA COESO;Portugal;1
PRIVADA;SAO JOSE DO RIO PRETO;SAO JOSE DO RIO PRETO;SAO JOSE DO RIO PRETO;0;809159;OBJETIVO DE SAO JOSE DO RIO PRETO COLEGIO;México;1
PRIVADA;SAO JOSE DO RIO PRETO;SAO JOSE DO RIO PRETO;SAO JOSE DO RIO PRETO;1;145836;APAE DE SAO JOSE DO RIO PRETO;Venezuela;1
PRIVADA;SAO JOSE DO RIO PRETO;SAO JOSE DO RIO PRETO;SAO JOSE DO RIO PRETO;12;148908;SENAC SAO JOSE DO RIO PRETO;Síria;1
PRIVADA;SAO JOSE DO RIO PRETO;SAO JOSE DO RIO PRETO;SAO JOSE DO RIO PRETO;40;116361;SANTO ANDRE COLEGIO;Bolívia;1
PRIVADA;SAO JOSE DO RIO PRETO;SAO JOSE DO RIO PRETO;SAO JOSE DO RIO PRETO;40;116361;SANTO ANDRE COLEGIO;Estados Unidos da América;1
PRIVADA;SAO JOSE DO RIO PRETO;SAO JOSE DO RIO PRETO;SAO JOSE DO RIO PRETO;40;116361;SANTO ANDRE COLEGIO;México;1
PRIVADA;SAO JOSE DO RIO PRETO;SAO JOSE DO RIO PRETO;SAO JOSE DO RIO PRETO;40;116373;SAO JOSE COLEGIO;Alemanha;1
PRIVADA;SAO JOSE DO RIO PRETO;SAO JOSE DO RIO PRETO;SAO JOSE DO RIO PRETO;40;116373;SAO JOSE COLEGIO;Austrália;1
PRIVADA;SAO JOSE DO RIO PRETO;SAO JOSE DO RIO PRETO;SAO JOSE DO RIO PRETO;40;116373;SAO JOSE COLEGIO;Espanha;1
PRIVADA;SAO JOSE DO RIO PRETO;SAO JOSE DO RIO PRETO;SAO JOSE DO RIO PRETO;44;373459;NOSSA SENHORA DE FATIMA LAR;Venezuela;3
PRIVADA;SAO JOSE DO RIO PRETO;SAO JOSE DO RIO PRETO;SAO JOSE DO RIO PRETO;48;178779;AMELIA BALBO SACCHETIN CRECHE;Venezuela;2
PRIVADA;SAO JOSE DO RIO PRETO;SAO JOSE DO RIO PRETO;SAO JOSE DO RIO PRETO;48;430389;EURIPEDES CASA DE;Venezuela;1
PRIVADA;SAO JOSE DO RIO PRETO;SAO JOSE DO RIO PRETO;SAO JOSE DO RIO PRETO;48;442549;CASA DA CRIANCA INSTITUICAO EDUCACIONAL;Venezuela;1
PRIVADA;SAO JOSE DO RIO PRETO;SAO JOSE DO RIO PRETO;SAO JOSE DO RIO PRETO;48;803972;SANTA CATARINA LABOURE CRECHE;Bolívia;1
PRIVADA;SAO JOSE DO RIO PRETO;SAO JOSE DO RIO PRETO;SAO JOSE DO RIO PRETO;51;4863;COLEGIO BATISTA RIOPRETENSE;Japão;1
PRIVADA;SAO JOSE DO RIO PRETO;SAO JOSE DO RIO PRETO;SAO JOSE DO RIO PRETO;57;141720;ESQUEMA UNIVERSITARIO COLEGIO;Síria;2
PRIVADA;SAO JOSE DOS CAMPOS;EUGENIO DE MELO;SAO JOSE DOS CAMPOS;44;483357;FUNDHAS UNIDADE PROFISSIONALIZANTE EUGENIO DE MELLO;Colômbia;1
PRIVADA;SAO JOSE DOS CAMPOS;MONTEIRO LOBATO;MONTEIRO LOBATO;40;139282;CASA PANDAVAS EEIPG CENTRO PEDAGOGICO;Estados Unidos da América;1
PRIVADA;SAO JOSE DOS CAMPOS;SAO JOSE DOS CAMPOS;SAO JOSE DOS CAMPOS;0;4369;COLEGIO PLANCK;Alemanha;3
PRIVADA;SAO JOSE DOS CAMPOS;SAO JOSE DOS CAMPOS;SAO JOSE DOS CAMPOS;0;4369;COLEGIO PLANCK;Argentina;2
PRIVADA;SAO JOSE DOS CAMPOS;SAO JOSE DOS CAMPOS;SAO JOSE DOS CAMPOS;0;4369;COLEGIO PLANCK;Uruguai;1
PRIVADA;SAO JOSE DOS CAMPOS;SAO JOSE DOS CAMPOS;SAO JOSE DOS CAMPOS;0;104930;OPCAO COLEGIO TECNICO;China;1
PRIVADA;SAO JOSE DOS CAMPOS;SAO JOSE DOS CAMPOS;SAO JOSE DOS CAMPOS;0;104978;INSTITUTO DE TECNOLOGIA EM SAUDE ITS;Cuba;1
PRIVADA;SAO JOSE DOS CAMPOS;SAO JOSE DOS CAMPOS;SAO JOSE DOS CAMPOS;0;104978;INSTITUTO DE TECNOLOGIA EM SAUDE ITS;Estados Unidos da América;1
PRIVADA;SAO JOSE DOS CAMPOS;SAO JOSE DOS CAMPOS;SAO JOSE DOS CAMPOS;0;110978;MONTEIRO LOBATO EEIFM;Alemanha;1
PRIVADA;SAO JOSE DOS CAMPOS;SAO JOSE DOS CAMPOS;SAO JOSE DOS CAMPOS;0;110978;MONTEIRO LOBATO EEIFM;Argentina;2
PRIVADA;SAO JOSE DOS CAMPOS;SAO JOSE DOS CAMPOS;SAO JOSE DOS CAMPOS;0;110978;MONTEIRO LOBATO EEIFM;Chile;1
PRIVADA;SAO JOSE DOS CAMPOS;SAO JOSE DOS CAMPOS;SAO JOSE DOS CAMPOS;0;110978;MONTEIRO LOBATO EEIFM;Nova Zelândia (Aotearoa);1
PRIVADA;SAO JOSE DOS CAMPOS;SAO JOSE DOS CAMPOS;SAO JOSE DOS CAMPOS;0;110991;TABLEAU COLEGIO;Espanha;1
PRIVADA;SAO JOSE DOS CAMPOS;SAO JOSE DOS CAMPOS;SAO JOSE DOS CAMPOS;0;110991;TABLEAU COLEGIO;Paraguai;1
PRIVADA;SAO JOSE DOS CAMPOS;SAO JOSE DOS CAMPOS;SAO JOSE DOS CAMPOS;0;119830;NATURAL VIVENCIA ESCOLA DE EI E EF;Estados Unidos da América;1
PRIVADA;SAO JOSE DOS CAMPOS;SAO JOSE DOS CAMPOS;SAO JOSE DOS CAMPOS;0;122038;COC SISTEMA DE EDUCACAO;Argentina;1
PRIVADA;SAO JOSE DOS CAMPOS;SAO JOSE DOS CAMPOS;SAO JOSE DOS CAMPOS;0;122038;COC SISTEMA DE EDUCACAO;Japão;1
PRIVADA;SAO JOSE DOS CAMPOS;SAO JOSE DOS CAMPOS;SAO JOSE DOS CAMPOS;0;134259;CENTRO EDUCACIONAL OBJETIVO  UNIDADE AQUARIUS;China;1
PRIVADA;SAO JOSE DOS CAMPOS;SAO JOSE DOS CAMPOS;SAO JOSE DOS CAMPOS;0;134259;CENTRO EDUCACIONAL OBJETIVO  UNIDADE AQUARIUS;Cuba;1
PRIVADA;SAO JOSE DOS CAMPOS;SAO JOSE DOS CAMPOS;SAO JOSE DOS CAMPOS;0;134259;CENTRO EDUCACIONAL OBJETIVO  UNIDADE AQUARIUS;Haiti;1
PRIVADA;SAO JOSE DOS CAMPOS;SAO JOSE DOS CAMPOS;SAO JOSE DOS CAMPOS;0;134259;CENTRO EDUCACIONAL OBJETIVO  UNIDADE AQUARIUS;Japão;2
PRIVADA;SAO JOSE DOS CAMPOS;SAO JOSE DOS CAMPOS;SAO JOSE DOS CAMPOS;0;134259;CENTRO EDUCACIONAL OBJETIVO  UNIDADE AQUARIUS;Jordânia;1
PRIVADA;SAO JOSE DOS CAMPOS;SAO JOSE DOS CAMPOS;SAO JOSE DOS CAMPOS;0;134259;CENTRO EDUCACIONAL OBJETIVO  UNIDADE AQUARIUS;Líbano;1
PRIVADA;SAO JOSE DOS CAMPOS;SAO JOSE DOS CAMPOS;SAO JOSE DOS CAMPOS;0;134259;CENTRO EDUCACIONAL OBJETIVO  UNIDADE AQUARIUS;Peru;1
PRIVADA;SAO JOSE DOS CAMPOS;SAO JOSE DOS CAMPOS;SAO JOSE DOS CAMPOS;0;137170;CASSIANO RICARDO COLEGIO ENSINO MEDIO;Estados Unidos da América;2
PRIVADA;SAO JOSE DOS CAMPOS;SAO JOSE DOS CAMPOS;SAO JOSE DOS CAMPOS;0;137561;CARLOS SALONI ESCOLA;Suíça;2
PRIVADA;SAO JOSE DOS CAMPOS;SAO JOSE DOS CAMPOS;SAO JOSE DOS CAMPOS;0;139300;COLEGIO OBJETIVO ESPLANADA;Austrália;1
PRIVADA;SAO JOSE DOS CAMPOS;SAO JOSE DOS CAMPOS;SAO JOSE DOS CAMPOS;0;139300;COLEGIO OBJETIVO ESPLANADA;França;1
PRIVADA;SAO JOSE DOS CAMPOS;SAO JOSE DOS CAMPOS;SAO JOSE DOS CAMPOS;0;142694;ELO EDUCACIONAL;Equador;1
PRIVADA;SAO JOSE DOS CAMPOS;SAO JOSE DOS CAMPOS;SAO JOSE DOS CAMPOS;0;142694;ELO EDUCACIONAL;Estados Unidos da América;1
PRIVADA;SAO JOSE DOS CAMPOS;SAO JOSE DOS CAMPOS;SAO JOSE DOS CAMPOS;0;144496;COLEGIO JOSEENSE;Palestina;1
PRIVADA;SAO JOSE DOS CAMPOS;SAO JOSE DOS CAMPOS;SAO JOSE DOS CAMPOS;0;153394;ANCHIETA COLEGIO;Japão;1
PRIVADA;SAO JOSE DOS CAMPOS;SAO JOSE DOS CAMPOS;SAO JOSE DOS CAMPOS;0;153424;COLEGIO EVOLUTI;Chile;2
PRIVADA;SAO JOSE DOS CAMPOS;SAO JOSE DOS CAMPOS;SAO JOSE DOS CAMPOS;0;166716;ARLINDO CAETANO FILHO PROF EEIEF;Argentina;1
PRIVADA;SAO JOSE DOS CAMPOS;SAO JOSE DOS CAMPOS;SAO JOSE DOS CAMPOS;0;166716;ARLINDO CAETANO FILHO PROF EEIEF;Cuba;1
PRIVADA;SAO JOSE DOS CAMPOS;SAO JOSE DOS CAMPOS;SAO JOSE DOS CAMPOS;0;166716;ARLINDO CAETANO FILHO PROF EEIEF;Venezuela;1
PRIVADA;SAO JOSE DOS CAMPOS;SAO JOSE DOS CAMPOS;SAO JOSE DOS CAMPOS;0;167563;RIBEIRO GOULART INSTITUTO DE EDUC ESC MAXIMUS;Itália;1
PRIVADA;SAO JOSE DOS CAMPOS;SAO JOSE DOS CAMPOS;SAO JOSE DOS CAMPOS;0;167563;RIBEIRO GOULART INSTITUTO DE EDUC ESC MAXIMUS;Japão;1
PRIVADA;SAO JOSE DOS CAMPOS;SAO JOSE DOS CAMPOS;SAO JOSE DOS CAMPOS;0;167563;RIBEIRO GOULART INSTITUTO DE EDUC ESC MAXIMUS;Portugal;3
PRIVADA;SAO JOSE DOS CAMPOS;SAO JOSE DOS CAMPOS;SAO JOSE DOS CAMPOS;0;167587;JULIO MARIA PADRE ESCOLA DE EDUCACAO INFANTIL;Estados Unidos da América;1
PRIVADA;SAO JOSE DOS CAMPOS;SAO JOSE DOS CAMPOS;SAO JOSE DOS CAMPOS;0;175572;POLIEDRO COLEGIO;Chile;1
PRIVADA;SAO JOSE DOS CAMPOS;SAO JOSE DOS CAMPOS;SAO JOSE DOS CAMPOS;0;175572;POLIEDRO COLEGIO;Peru;1
PRIVADA;SAO JOSE DOS CAMPOS;SAO JOSE DOS CAMPOS;SAO JOSE DOS CAMPOS;0;194499;ESFERA ESCOLA INTERNACIONAL;Argentina;2
PRIVADA;SAO JOSE DOS CAMPOS;SAO JOSE DOS CAMPOS;SAO JOSE DOS CAMPOS;0;194499;ESFERA ESCOLA INTERNACIONAL;Coreia do Sul;2
PRIVADA;SAO JOSE DOS CAMPOS;SAO JOSE DOS CAMPOS;SAO JOSE DOS CAMPOS;0;194499;ESFERA ESCOLA INTERNACIONAL;Coreia, República Democrática da (Coreia do Norte);1
PRIVADA;SAO JOSE DOS CAMPOS;SAO JOSE DOS CAMPOS;SAO JOSE DOS CAMPOS;0;194499;ESFERA ESCOLA INTERNACIONAL;México;4
PRIVADA;SAO JOSE DOS CAMPOS;SAO JOSE DOS CAMPOS;SAO JOSE DOS CAMPOS;0;194499;ESFERA ESCOLA INTERNACIONAL;Nova Zelândia (Aotearoa);1
PRIVADA;SAO JOSE DOS CAMPOS;SAO JOSE DOS CAMPOS;SAO JOSE DOS CAMPOS;0;194499;ESFERA ESCOLA INTERNACIONAL;Suécia;4
PRIVADA;SAO JOSE DOS CAMPOS;SAO JOSE DOS CAMPOS;SAO JOSE DOS CAMPOS;0;250892;EDUCARE CENTRO DE ENSINO;Japão;1
PRIVADA;SAO JOSE DOS CAMPOS;SAO JOSE DOS CAMPOS;SAO JOSE DOS CAMPOS;0;260770;TAS CENTRO EDUCACIONAL;Argélia;1
PRIVADA;SAO JOSE DOS CAMPOS;SAO JOSE DOS CAMPOS;SAO JOSE DOS CAMPOS;0;260770;TAS CENTRO EDUCACIONAL;Bolívia;1
PRIVADA;SAO JOSE DOS CAMPOS;SAO JOSE DOS CAMPOS;SAO JOSE DOS CAMPOS;0;371555;CICLO COLEGIO;Argentina;1
PRIVADA;SAO JOSE DOS CAMPOS;SAO JOSE DOS CAMPOS;SAO JOSE DOS CAMPOS;0;372341;POLIEDRO ENSINO FUNDAMENTAL COLEGIO;China;1
PRIVADA;SAO JOSE DOS CAMPOS;SAO JOSE DOS CAMPOS;SAO JOSE DOS CAMPOS;0;372341;POLIEDRO ENSINO FUNDAMENTAL COLEGIO;Estados Unidos da América;1
PRIVADA;SAO JOSE DOS CAMPOS;SAO JOSE DOS CAMPOS;SAO JOSE DOS CAMPOS;0;372341;POLIEDRO ENSINO FUNDAMENTAL COLEGIO;Itália;1
PRIVADA;SAO JOSE DOS CAMPOS;SAO JOSE DOS CAMPOS;SAO JOSE DOS CAMPOS;0;372341;POLIEDRO ENSINO FUNDAMENTAL COLEGIO;Peru;1
PRIVADA;SAO JOSE DOS CAMPOS;SAO JOSE DOS CAMPOS;SAO JOSE DOS CAMPOS;0;385165;MOPPE II ESCOLA;França;1
PRIVADA;SAO JOSE DOS CAMPOS;SAO JOSE DOS CAMPOS;SAO JOSE DOS CAMPOS;0;385165;MOPPE II ESCOLA;Portugal;1
PRIVADA;SAO JOSE DOS CAMPOS;SAO JOSE DOS CAMPOS;SAO JOSE DOS CAMPOS;0;448655;ECCOS COLEGIO;Estados Unidos da América;1
PRIVADA;SAO JOSE DOS CAMPOS;SAO JOSE DOS CAMPOS;SAO JOSE DOS CAMPOS;0;468071;MOPPE III ESCOLA;Canadá;1
PRIVADA;SAO JOSE DOS CAMPOS;SAO JOSE DOS CAMPOS;SAO JOSE DOS CAMPOS;0;468071;MOPPE III ESCOLA;Ucrânia;1
PRIVADA;SAO JOSE DOS CAMPOS;SAO JOSE DOS CAMPOS;SAO JOSE DOS CAMPOS;0;499067;INSPIRE COLEGIO;Espanha;1
PRIVADA;SAO JOSE DOS CAMPOS;SAO JOSE DOS CAMPOS;SAO JOSE DOS CAMPOS;0;561320;ALPHA LUMEN INSTITUTO;Alemanha;1
PRIVADA;SAO JOSE DOS CAMPOS;SAO JOSE DOS CAMPOS;SAO JOSE DOS CAMPOS;0;561320;ALPHA LUMEN INSTITUTO;Bolívia;1
PRIVADA;SAO JOSE DOS CAMPOS;SAO JOSE DOS CAMPOS;SAO JOSE DOS CAMPOS;0;561320;ALPHA LUMEN INSTITUTO;Estados Unidos da América;1
PRIVADA;SAO JOSE DOS CAMPOS;SAO JOSE DOS CAMPOS;SAO JOSE DOS CAMPOS;0;561575;MAPLE BEAR CANADIAN SCHOOL SJCAMPOS;Argentina;1
PRIVADA;SAO JOSE DOS CAMPOS;SAO JOSE DOS CAMPOS;SAO JOSE DOS CAMPOS;0;561575;MAPLE BEAR CANADIAN SCHOOL SJCAMPOS;Colômbia;1
PRIVADA;SAO JOSE DOS CAMPOS;SAO JOSE DOS CAMPOS;SAO JOSE DOS CAMPOS;0;801732;PRESBITERIANA ESCOLA DE EDUCACAO INFANTIL ENSINO FUNDAMENTAL;Cuba;1
PRIVADA;SAO JOSE DOS CAMPOS;SAO JOSE DOS CAMPOS;SAO JOSE DOS CAMPOS;12;148945;SENAC SAO JOSE DOS CAMPOS;Peru;1
PRIVADA;SAO JOSE DOS CAMPOS;SAO JOSE DOS CAMPOS;SAO JOSE DOS CAMPOS;40;110966;ANTONIO TEIXEIRA FERNANDES COLEGIO TECNICO;Espanha;2
PRIVADA;SAO JOSE DOS CAMPOS;SAO JOSE DOS CAMPOS;SAO JOSE DOS CAMPOS;40;110966;ANTONIO TEIXEIRA FERNANDES COLEGIO TECNICO;Itália;2
PRIVADA;SAO JOSE DOS CAMPOS;SAO JOSE DOS CAMPOS;SAO JOSE DOS CAMPOS;40;110966;ANTONIO TEIXEIRA FERNANDES COLEGIO TECNICO;Japão;2
PRIVADA;SAO JOSE DOS CAMPOS;SAO JOSE DOS CAMPOS;SAO JOSE DOS CAMPOS;40;111089;INSTITUTO SAO JOSE;China;1
PRIVADA;SAO JOSE DOS CAMPOS;SAO JOSE DOS CAMPOS;SAO JOSE DOS CAMPOS;40;111089;INSTITUTO SAO JOSE;Japão;1
PRIVADA;SAO JOSE DOS CAMPOS;SAO JOSE DOS CAMPOS;SAO JOSE DOS CAMPOS;40;139312;ADVENTISTA DE SAO JOSE DOS CAMPOS COLEGIO;Angola;2
PRIVADA;SAO JOSE DOS CAMPOS;SAO JOSE DOS CAMPOS;SAO JOSE DOS CAMPOS;40;139312;ADVENTISTA DE SAO JOSE DOS CAMPOS COLEGIO;Bolívia;2
PRIVADA;SAO JOSE DOS CAMPOS;SAO JOSE DOS CAMPOS;SAO JOSE DOS CAMPOS;40;139312;ADVENTISTA DE SAO JOSE DOS CAMPOS COLEGIO;Espanha;1
PRIVADA;SAO JOSE DOS CAMPOS;SAO JOSE DOS CAMPOS;SAO JOSE DOS CAMPOS;40;139312;ADVENTISTA DE SAO JOSE DOS CAMPOS COLEGIO;Estados Unidos da América;1
PRIVADA;SAO JOSE DOS CAMPOS;SAO JOSE DOS CAMPOS;SAO JOSE DOS CAMPOS;40;139312;ADVENTISTA DE SAO JOSE DOS CAMPOS COLEGIO;Indonésia;1
PRIVADA;SAO JOSE DOS CAMPOS;SAO JOSE DOS CAMPOS;SAO JOSE DOS CAMPOS;40;139312;ADVENTISTA DE SAO JOSE DOS CAMPOS COLEGIO;Portugal;1
PRIVADA;SAO JOSE DOS CAMPOS;SAO JOSE DOS CAMPOS;SAO JOSE DOS CAMPOS;40;808246;AQUARIUS UNIVAP COLEGIO;Itália;1
PRIVADA;SAO JOSE DOS CAMPOS;SAO JOSE DOS CAMPOS;SAO JOSE DOS CAMPOS;40;808246;AQUARIUS UNIVAP COLEGIO;Japão;1
PRIVADA;SAO JOSE DOS CAMPOS;SAO JOSE DOS CAMPOS;SAO JOSE DOS CAMPOS;44;483321;CENTRO DE INOVACAO E INICIACAO PROFISSIONAL DA FUNDHAS  FUNDACAO HELIO AUGUSTO DE SOUZA;Portugal;1
PRIVADA;SAO JOSE DOS CAMPOS;SAO JOSE DOS CAMPOS;SAO JOSE DOS CAMPOS;48;139294;COLEGIO MATER DEI;Colômbia;1
PRIVADA;SAO JOSE DOS CAMPOS;SAO JOSE DOS CAMPOS;SAO JOSE DOS CAMPOS;48;139294;COLEGIO MATER DEI;Estados Unidos da América;2
PRIVADA;SAO JOSE DOS CAMPOS;SAO JOSE DOS CAMPOS;SAO JOSE DOS CAMPOS;48;139294;COLEGIO MATER DEI;França;1
PRIVADA;SAO JOSE DOS CAMPOS;SAO JOSE DOS CAMPOS;SAO JOSE DOS CAMPOS;48;139294;COLEGIO MATER DEI;Noruega;1
PRIVADA;SAO JOSE DOS CAMPOS;SAO JOSE DOS CAMPOS;SAO JOSE DOS CAMPOS;48;139294;COLEGIO MATER DEI;Panamá;1
PRIVADA;SAO JOSE DOS CAMPOS;SAO JOSE DOS CAMPOS;SAO JOSE DOS CAMPOS;48;139294;COLEGIO MATER DEI;Portugal;1
PRIVADA;SAO JOSE DOS CAMPOS;SAO JOSE DOS CAMPOS;SAO JOSE DOS CAMPOS;48;139294;COLEGIO MATER DEI;Reino Unido da Grã-Bretanha e Irlanda do Norte;1
PRIVADA;SAO JOSE DOS CAMPOS;SAO JOSE DOS CAMPOS;SAO JOSE DOS CAMPOS;48;142104;MOPPE EDUCACAO INFANTIL E ENSINO FUNDAMENTAL;Japão;1
PRIVADA;SAO JOSE DOS CAMPOS;SAO JOSE DOS CAMPOS;SAO JOSE DOS CAMPOS;48;142268;EMAK ESCOLA EMANUEL KANT;Estados Unidos da América;1
PRIVADA;SAO JOSE DOS CAMPOS;SAO JOSE DOS CAMPOS;SAO JOSE DOS CAMPOS;48;142268;EMAK ESCOLA EMANUEL KANT;Itália;1
PRIVADA;SAO JOSE DOS CAMPOS;SAO JOSE DOS CAMPOS;SAO JOSE DOS CAMPOS;48;142268;EMAK ESCOLA EMANUEL KANT;Japão;1
PRIVADA;SAO JOSE DOS CAMPOS;SAO JOSE DOS CAMPOS;SAO JOSE DOS CAMPOS;57;290439;INOVANDO O APRENDIZADO INSTITUTO DE DESENVOLVIME EDUC IDEIA;Filipinas;2
PRIVADA;SAO ROQUE;ARACARIGUAMA;ARACARIGUAMA;0;501529;ARACARIGUAMA ESCOLA ADVENTISTA DE;Portugal;1
PRIVADA;SAO ROQUE;IBIUNA;IBIUNA;0;150952;COUNTRY KIDS SCHOOL;Chile;2
PRIVADA;SAO ROQUE;IBIUNA;IBIUNA;0;150952;COUNTRY KIDS SCHOOL;Japão;2
PRIVADA;SAO ROQUE;IBIUNA;IBIUNA;0;172832;COOPERATIVA DE IBIUNA ESCOLA;Japão;1
PRIVADA;SAO ROQUE;IBIUNA;IBIUNA;0;394476;IBIUNA EIEF UNIDADE ESCOLAR DE ENSINO INTEGRADO DE;Japão;1
PRIVADA;SAO ROQUE;IBIUNA;IBIUNA;0;802852;ANGLO IBIUNA COLEGIO;Portugal;1
PRIVADA;SAO ROQUE;MAIRINQUE;MAIRINQUE;0;118904;MAYRINK CONSELHEIRO ESCOLA;Japão;1
PRIVADA;SAO ROQUE;MAIRINQUE;MAIRINQUE;0;143650;ALIANCA COLEGIO;Japão;1
PRIVADA;SAO ROQUE;SAO ROQUE;SAO ROQUE;0;119891;BARAO DE PIRATININGA UNIDADE ESCOLAR DE ENSINO INTEGRADO;Argentina;1
PRIVADA;SAO ROQUE;SAO ROQUE;SAO ROQUE;0;119891;BARAO DE PIRATININGA UNIDADE ESCOLAR DE ENSINO INTEGRADO;Estados Unidos da América;4
PRIVADA;SAO ROQUE;SAO ROQUE;SAO ROQUE;0;119908;CANTINHO DOS BAIXINHOS COLEGIO;Chile;1
PRIVADA;SAO ROQUE;SAO ROQUE;SAO ROQUE;0;119908;CANTINHO DOS BAIXINHOS COLEGIO;Suíça;1
PRIVADA;SAO ROQUE;SAO ROQUE;SAO ROQUE;0;119908;CANTINHO DOS BAIXINHOS COLEGIO;Venezuela;2
PRIVADA;SAO ROQUE;SAO ROQUE;SAO ROQUE;0;166455;ADVENTISTA DE SAO ROQUE ESCOLA;Portugal;2
PRIVADA;SAO ROQUE;SAO ROQUE;SAO ROQUE;0;363479;VILAS BOAS BRAGA COLEGIO;Espanha;1
PRIVADA;SAO ROQUE;VARGEM GRANDE PAULISTA;VARGEM GRANDE PAULISTA;0;5097;ESCOLA PROJETO PINDORAMA;Canadá;1
PRIVADA;SAO ROQUE;VARGEM GRANDE PAULISTA;VARGEM GRANDE PAULISTA;0;101783;CRIATIVA ESCOLA DE EIEEF;Japão;1
PRIVADA;SAO ROQUE;VARGEM GRANDE PAULISTA;VARGEM GRANDE PAULISTA;0;426544;PINDORAMA ESCOLA OFICINA;Estados Unidos da América;1
PRIVADA;SAO ROQUE;VARGEM GRANDE PAULISTA;VARGEM GRANDE PAULISTA;0;426544;PINDORAMA ESCOLA OFICINA;Japão;3
PRIVADA;SAO ROQUE;VARGEM GRANDE PAULISTA;VARGEM GRANDE PAULISTA;0;802451;NUCLEO EDUCACIONAL SERVICOS DE EDUCACAO INFANTIL FUNDAMENTAL;Japão;1
PRIVADA;SAO ROQUE;VARGEM GRANDE PAULISTA;VARGEM GRANDE PAULISTA;0;802451;NUCLEO EDUCACIONAL SERVICOS DE EDUCACAO INFANTIL FUNDAMENTAL;Venezuela;1
PRIVADA;SAO VICENTE;ITANHAEM;ITANHAEM;0;4413;COLEGIO MASA;Bélgica;1
PRIVADA;SAO VICENTE;ITANHAEM;ITANHAEM;0;5613;COLEGIO 11 DE NOVEMBRO DE ITANHAEM EIRELI ME;Nova Zelândia (Aotearoa);1
PRIVADA;SAO VICENTE;ITANHAEM;ITANHAEM;0;132950;EVOLUCAO COLEGIO;Estados Unidos da América;1
PRIVADA;SAO VICENTE;ITANHAEM;ITANHAEM;0;160878;22 DE ABRIL ESCOLA DE EI E EF;Brasil;1
PRIVADA;SAO VICENTE;ITANHAEM;ITANHAEM;0;440139;SUPREMUS DE ITANHAEM COLEGIO;Espanha;2
PRIVADA;SAO VICENTE;ITANHAEM;ITANHAEM;0;440139;SUPREMUS DE ITANHAEM COLEGIO;Japão;1
PRIVADA;SAO VICENTE;MONGAGUA;MONGAGUA;0;5415;COLEGIO AQUARELA II;Japão;1
PRIVADA;SAO VICENTE;MONGAGUA;MONGAGUA;0;175419;CASALUNGA COLEGIO;Japão;2
PRIVADA;SAO VICENTE;MONGAGUA;MONGAGUA;0;175419;CASALUNGA COLEGIO;Venezuela;1
PRIVADA;SAO VICENTE;PERUIBE;PERUIBE;0;5134;CENTRO EDUCACIONAL ARVORE DA VIDA;Portugal;1
PRIVADA;SAO VICENTE;PERUIBE;PERUIBE;0;169432;RABONI INSTITUTO DE ENSINO;Chile;1
PRIVADA;SAO VICENTE;PERUIBE;PERUIBE;0;169432;RABONI INSTITUTO DE ENSINO;Itália;2
PRIVADA;SAO VICENTE;PERUIBE;PERUIBE;0;169432;RABONI INSTITUTO DE ENSINO;Paraguai;1
PRIVADA;SAO VICENTE;PERUIBE;PERUIBE;0;169432;RABONI INSTITUTO DE ENSINO;Reino Unido da Grã-Bretanha e Irlanda do Norte;1
PRIVADA;SAO VICENTE;PERUIBE;PERUIBE;0;811359;MONTEIRO LOBATO COLEGIO;Bolívia;1
PRIVADA;SAO VICENTE;PERUIBE;PERUIBE;0;811359;MONTEIRO LOBATO COLEGIO;Japão;1
PRIVADA;SAO VICENTE;PRAIA GRANDE;PRAIA GRANDE;0;6289;COLEGIO JEAN PIAGET UNIDADE III;Japão;1
PRIVADA;SAO VICENTE;PRAIA GRANDE;PRAIA GRANDE;0;6289;COLEGIO JEAN PIAGET UNIDADE III;Portugal;1
PRIVADA;SAO VICENTE;PRAIA GRANDE;PRAIA GRANDE;0;123006;NOVOMUNDO COLEGIO;Portugal;1
PRIVADA;SAO VICENTE;PRAIA GRANDE;PRAIA GRANDE;0;136876;UNIVERSO COLEGIO;Japão;2
PRIVADA;SAO VICENTE;PRAIA GRANDE;PRAIA GRANDE;0;136876;UNIVERSO COLEGIO;Reino Unido da Grã-Bretanha e Irlanda do Norte;1
PRIVADA;SAO VICENTE;PRAIA GRANDE;PRAIA GRANDE;0;136888;OBJETIVO CENTRO EDUCACIONAL DE PRAIA GRANDE;Bolívia;1
PRIVADA;SAO VICENTE;PRAIA GRANDE;PRAIA GRANDE;0;136888;OBJETIVO CENTRO EDUCACIONAL DE PRAIA GRANDE;Estados Unidos da América;1
PRIVADA;SAO VICENTE;PRAIA GRANDE;PRAIA GRANDE;0;138654;PASSIONISTA SANTA MARIA COLEGIO;Bolívia;2
PRIVADA;SAO VICENTE;PRAIA GRANDE;PRAIA GRANDE;0;144058;COLEGIO PITECO DE EDUCACAO INFANTIL E FUNDAMENTAL;Argentina;1
PRIVADA;SAO VICENTE;PRAIA GRANDE;PRAIA GRANDE;0;167666;COLEGIO TRIVIUM;Japão;1
PRIVADA;SAO VICENTE;PRAIA GRANDE;PRAIA GRANDE;0;255300;BIOTEC ESCOLA;Peru;2
PRIVADA;SAO VICENTE;PRAIA GRANDE;PRAIA GRANDE;0;448886;ARCA DE NOE ESCOLA DE EDUCACAO INFANTIL E ENSINO FUNDAMENTAL;Bolívia;1
PRIVADA;SAO VICENTE;PRAIA GRANDE;PRAIA GRANDE;0;449143;VILA VERDE CENTRO EDUCACIONAL;Estados Unidos da América;2
PRIVADA;SAO VICENTE;PRAIA GRANDE;PRAIA GRANDE;0;449143;VILA VERDE CENTRO EDUCACIONAL;Japão;1
PRIVADA;SAO VICENTE;PRAIA GRANDE;PRAIA GRANDE;40;569185;ADVENTISTA DE PRAIA GRANDE COLEGIO;Estados Unidos da América;1
PRIVADA;SAO VICENTE;PRAIA GRANDE;PRAIA GRANDE;40;569185;ADVENTISTA DE PRAIA GRANDE COLEGIO;Japão;1
PRIVADA;SAO VICENTE;SAO VICENTE;SAO VICENTE;0;5412;COLEGIO JEAN PIAGET UNIDADE II;Peru;3
PRIVADA;SAO VICENTE;SAO VICENTE;SAO VICENTE;0;5412;COLEGIO JEAN PIAGET UNIDADE II;Venezuela;1
PRIVADA;SAO VICENTE;SAO VICENTE;SAO VICENTE;0;5414;COLEGIO FRANCISCO MORAES;Alemanha;1
PRIVADA;SAO VICENTE;SAO VICENTE;SAO VICENTE;0;110413;SAO GABRIEL COLEGIO PASSIONISTA;Japão;1
PRIVADA;SAO VICENTE;SAO VICENTE;SAO VICENTE;0;110516;ITA COLEGIO;China;2
PRIVADA;SAO VICENTE;SAO VICENTE;SAO VICENTE;0;121253;JEAN PIAGET COLEGIO;Japão;1
PRIVADA;SAO VICENTE;SAO VICENTE;SAO VICENTE;0;137807;CELLULA MATER COLEGIO UNIDADE II;Japão;1
PRIVADA;SAO VICENTE;SAO VICENTE;SAO VICENTE;0;144320;VERDE QUE TE QUERO VERDE ESCOLA;Alemanha;1
PRIVADA;SAO VICENTE;SAO VICENTE;SAO VICENTE;0;151130;INTEGRACAO COLEGIO UNIDADE II;África do Sul;1
PRIVADA;SAO VICENTE;SAO VICENTE;SAO VICENTE;0;151130;INTEGRACAO COLEGIO UNIDADE II;Japão;1
PRIVADA;SAO VICENTE;SAO VICENTE;SAO VICENTE;0;160477;FORTEC ESCOLA TECNICA UNID IV;Portugal;2
PRIVADA;SAO VICENTE;SAO VICENTE;SAO VICENTE;0;429193;BATISTA DA PRIMEIRA COLEGIO;Japão;1
PRIVADA;SAO VICENTE;SAO VICENTE;SAO VICENTE;0;513647;VIDEIRA COLEGIO;China;1
PRIVADA;SAO VICENTE;SAO VICENTE;SAO VICENTE;0;579063;CRECHE ESCOLA DE EDUCACAO INFANTIL PALAVRA CANTADA;Venezuela;1
PRIVADA;SAO VICENTE;SAO VICENTE;SAO VICENTE;0;583716;ESCOLA FORTEC;Argentina;1
PRIVADA;SAO VICENTE;SAO VICENTE;SAO VICENTE;0;583716;ESCOLA FORTEC;Colômbia;1
PRIVADA;SAO VICENTE;SAO VICENTE;SAO VICENTE;48;5340;CASA DA VOVO LIBANIA CRECHE  COMUNITARIA;Venezuela;1
PRIVADA;SERTAOZINHO;PITANGUEIRAS;PITANGUEIRAS;0;153473;CECILIA MEIRELES POETISA CENTRO EDUCACIONAL;Espanha;1
PRIVADA;SOROCABA;SOROCABA;SOROCABA;0;4270;COLEGIO DA POLICIA MILITAR  UNIDADE SOROCABA;Cuba;1
PRIVADA;SOROCABA;SOROCABA;SOROCABA;0;4423;ESCOLA MONTESSORI SEMEAR;Países Baixos (Holanda);1
PRIVADA;SOROCABA;SOROCABA;SOROCABA;0;6320;COLEGIO CATAVENTO VERGUEIRO;Uruguai;1
PRIVADA;SOROCABA;SOROCABA;SOROCABA;0;106549;PORTAL COLEGIO;Haiti;1
PRIVADA;SOROCABA;SOROCABA;SOROCABA;0;111867;INSTITUTO EDUCACAO CIENCIAS E LETRAS  CENTRO;Estados Unidos da América;3
PRIVADA;SOROCABA;SOROCABA;SOROCABA;0;111867;INSTITUTO EDUCACAO CIENCIAS E LETRAS  CENTRO;Venezuela;1
PRIVADA;SOROCABA;SOROCABA;SOROCABA;0;111958;SAO JOSE COLEGIO SALESIANO;Japão;1
PRIVADA;SOROCABA;SOROCABA;SOROCABA;0;111958;SAO JOSE COLEGIO SALESIANO;Peru;2
PRIVADA;SOROCABA;SOROCABA;SOROCABA;0;111971;LICEU PEDRO II;Chile;1
PRIVADA;SOROCABA;SOROCABA;SOROCABA;0;111995;SOROCABANA ORGANIZACAO DE ENSINO INSTITUTO EDUCACAO;Estados Unidos da América;2
PRIVADA;SOROCABA;SOROCABA;SOROCABA;0;111995;SOROCABANA ORGANIZACAO DE ENSINO INSTITUTO EDUCACAO;Japão;1
PRIVADA;SOROCABA;SOROCABA;SOROCABA;0;111995;SOROCABANA ORGANIZACAO DE ENSINO INSTITUTO EDUCACAO;Portugal;1
PRIVADA;SOROCABA;SOROCABA;SOROCABA;0;119912;O FAROL COLEGIO;Suíça;1
PRIVADA;SOROCABA;SOROCABA;SOROCABA;0;122968;SOROCABA COLEGIO ENSINO INFANTIL E FUNDAMENTAL;África do Sul;1
PRIVADA;SOROCABA;SOROCABA;SOROCABA;0;122968;SOROCABA COLEGIO ENSINO INFANTIL E FUNDAMENTAL;Alemanha;1
PRIVADA;SOROCABA;SOROCABA;SOROCABA;0;122968;SOROCABA COLEGIO ENSINO INFANTIL E FUNDAMENTAL;Colômbia;1
PRIVADA;SOROCABA;SOROCABA;SOROCABA;0;131933;MUNDO NOVO COLEGIO;Japão;1
PRIVADA;SOROCABA;SOROCABA;SOROCABA;0;133255;TALENTOS COLEGIO;Japão;1
PRIVADA;SOROCABA;SOROCABA;SOROCABA;0;137674;SER SOROCABA COLEGIO;Chile;2
PRIVADA;SOROCABA;SOROCABA;SOROCABA;0;137674;SER SOROCABA COLEGIO;Itália;1
PRIVADA;SOROCABA;SOROCABA;SOROCABA;0;137674;SER SOROCABA COLEGIO;Japão;1
PRIVADA;SOROCABA;SOROCABA;SOROCABA;0;137674;SER SOROCABA COLEGIO;Portugal;1
PRIVADA;SOROCABA;SOROCABA;SOROCABA;0;141586;UIRAPURU COLEGIO;Espanha;1
PRIVADA;SOROCABA;SOROCABA;SOROCABA;0;141586;UIRAPURU COLEGIO;Estados Unidos da América;1
PRIVADA;SOROCABA;SOROCABA;SOROCABA;0;141586;UIRAPURU COLEGIO;Paraguai;1
PRIVADA;SOROCABA;SOROCABA;SOROCABA;0;152407;PRIMEIRO MUNDO COLEGIO;Colômbia;1
PRIVADA;SOROCABA;SOROCABA;SOROCABA;0;155780;SIRIUS COLEGIO;Espanha;1
PRIVADA;SOROCABA;SOROCABA;SOROCABA;0;156607;VIVER E APRENDER EEI E ENSINO FUNDAMENTAL;Japão;2
PRIVADA;SOROCABA;SOROCABA;SOROCABA;0;165578;SISTEMA EDUCACIONAL SOROCABA;Alemanha;1
PRIVADA;SOROCABA;SOROCABA;SOROCABA;0;165578;SISTEMA EDUCACIONAL SOROCABA;Argentina;2
PRIVADA;SOROCABA;SOROCABA;SOROCABA;0;165578;SISTEMA EDUCACIONAL SOROCABA;Austrália;1
PRIVADA;SOROCABA;SOROCABA;SOROCABA;0;165578;SISTEMA EDUCACIONAL SOROCABA;Bolívia;1
PRIVADA;SOROCABA;SOROCABA;SOROCABA;0;165578;SISTEMA EDUCACIONAL SOROCABA;Cuba;1
PRIVADA;SOROCABA;SOROCABA;SOROCABA;0;165578;SISTEMA EDUCACIONAL SOROCABA;Estados Unidos da América;1
PRIVADA;SOROCABA;SOROCABA;SOROCABA;0;165578;SISTEMA EDUCACIONAL SOROCABA;Japão;1
PRIVADA;SOROCABA;SOROCABA;SOROCABA;0;165578;SISTEMA EDUCACIONAL SOROCABA;Paraguai;2
PRIVADA;SOROCABA;SOROCABA;SOROCABA;0;165578;SISTEMA EDUCACIONAL SOROCABA;Portugal;3
PRIVADA;SOROCABA;SOROCABA;SOROCABA;0;165578;SISTEMA EDUCACIONAL SOROCABA;Reino Unido da Grã-Bretanha e Irlanda do Norte;1
PRIVADA;SOROCABA;SOROCABA;SOROCABA;0;165578;SISTEMA EDUCACIONAL SOROCABA;Venezuela;1
PRIVADA;SOROCABA;SOROCABA;SOROCABA;0;173368;VICTORIA COLEGIO;Peru;1
PRIVADA;SOROCABA;SOROCABA;SOROCABA;0;173393;TOCA DO URSINHO ESCOLA DE EDUCACO INFANTIL;Senegal;1
PRIVADA;SOROCABA;SOROCABA;SOROCABA;0;173423;COMPASSO CENTRO EDUCACIONAL;Japão;2
PRIVADA;SOROCABA;SOROCABA;SOROCABA;0;173460;RENASCER ARTE ESCOLA;Japão;1
PRIVADA;SOROCABA;SOROCABA;SOROCABA;0;186636;VINCERE COLEGIO;Colômbia;1
PRIVADA;SOROCABA;SOROCABA;SOROCABA;0;194189;SER REGIONAL COLEGIO;Argentina;3
PRIVADA;SOROCABA;SOROCABA;SOROCABA;0;194189;SER REGIONAL COLEGIO;Chile;2
PRIVADA;SOROCABA;SOROCABA;SOROCABA;0;194189;SER REGIONAL COLEGIO;Estados Unidos da América;2
PRIVADA;SOROCABA;SOROCABA;SOROCABA;0;194189;SER REGIONAL COLEGIO;França;1
PRIVADA;SOROCABA;SOROCABA;SOROCABA;0;195194;AKALANTO KIDS COLEGIO;Japão;3
PRIVADA;SOROCABA;SOROCABA;SOROCABA;0;195637;INSTITUTO DE EDUCACAO CIENCIAS E LETRAS  PORTAL;Chile;3
PRIVADA;SOROCABA;SOROCABA;SOROCABA;0;195637;INSTITUTO DE EDUCACAO CIENCIAS E LETRAS  PORTAL;Estados Unidos da América;1
PRIVADA;SOROCABA;SOROCABA;SOROCABA;0;195637;INSTITUTO DE EDUCACAO CIENCIAS E LETRAS  PORTAL;Japão;1
PRIVADA;SOROCABA;SOROCABA;SOROCABA;0;195637;INSTITUTO DE EDUCACAO CIENCIAS E LETRAS  PORTAL;México;1
PRIVADA;SOROCABA;SOROCABA;SOROCABA;0;195637;INSTITUTO DE EDUCACAO CIENCIAS E LETRAS  PORTAL;Venezuela;1
PRIVADA;SOROCABA;SOROCABA;SOROCABA;0;265950;CENEP INTEGRACAO COLEGIO;Haiti;2
PRIVADA;SOROCABA;SOROCABA;SOROCABA;0;265950;CENEP INTEGRACAO COLEGIO;Japão;3
PRIVADA;SOROCABA;SOROCABA;SOROCABA;0;265950;CENEP INTEGRACAO COLEGIO;Peru;1
PRIVADA;SOROCABA;SOROCABA;SOROCABA;0;302971;MAPLE BEAR CANADIAN SCHOOL SOROCABA;China;2
PRIVADA;SOROCABA;SOROCABA;SOROCABA;0;302971;MAPLE BEAR CANADIAN SCHOOL SOROCABA;Estados Unidos da América;1
PRIVADA;SOROCABA;SOROCABA;SOROCABA;0;302971;MAPLE BEAR CANADIAN SCHOOL SOROCABA;Países Baixos (Holanda);2
PRIVADA;SOROCABA;SOROCABA;SOROCABA;0;434361;NIPPO COLEGIO;Japão;1
PRIVADA;SOROCABA;SOROCABA;SOROCABA;0;439460;APOLLO COLEGIO;Paraguai;2
PRIVADA;SOROCABA;SOROCABA;SOROCABA;0;448278;ESCOLA WALDORF MICAEL DE SOROCABA;Reino Unido da Grã-Bretanha e Irlanda do Norte;1
PRIVADA;SOROCABA;SOROCABA;SOROCABA;0;448597;ANNA NERY ESCOLA POLITECNICA DE ENFERMAGEM;Haiti;1
PRIVADA;SOROCABA;SOROCABA;SOROCABA;0;450339;SANTA ROSALIA COLEGIO;Albânia;1
PRIVADA;SOROCABA;SOROCABA;SOROCABA;0;450339;SANTA ROSALIA COLEGIO;Argentina;1
PRIVADA;SOROCABA;SOROCABA;SOROCABA;0;450339;SANTA ROSALIA COLEGIO;Grécia;1
PRIVADA;SOROCABA;SOROCABA;SOROCABA;0;450339;SANTA ROSALIA COLEGIO;Japão;1
PRIVADA;SOROCABA;SOROCABA;SOROCABA;0;465963;INSTITUTO DE EDUCACAO CIENCIAS E LETRAS  ZONA NORTE;Japão;2
PRIVADA;SOROCABA;SOROCABA;SOROCABA;0;481403;CICLO VITTAL ESCOLA DE ENFERMAGEM;Peru;2
PRIVADA;SOROCABA;SOROCABA;SOROCABA;0;496674;ESCOLA BAMBINI;Alemanha;1
PRIVADA;SOROCABA;SOROCABA;SOROCABA;0;566561;PLENO COLEGIO EDUCACAO INFANTIL;México;1
PRIVADA;SOROCABA;SOROCABA;SOROCABA;0;569409;POLITECNICO DE SOROCABA COLEGIO FUA;Itália;1
PRIVADA;SOROCABA;SOROCABA;SOROCABA;0;569409;POLITECNICO DE SOROCABA COLEGIO FUA;Japão;3
PRIVADA;SOROCABA;SOROCABA;SOROCABA;0;576931;COLEGIO CRIATIVA;Venezuela;1
PRIVADA;SOROCABA;SOROCABA;SOROCABA;0;810356;MONTESSO COLEGIO;Japão;1
PRIVADA;SOROCABA;SOROCABA;SOROCABA;0;810356;MONTESSO COLEGIO;Reino Unido da Grã-Bretanha e Irlanda do Norte;1
PRIVADA;SOROCABA;SOROCABA;SOROCABA;0;810769;NOVA GERACAO CENTRO EDUCACIONAL;Bolívia;4
PRIVADA;SOROCABA;SOROCABA;SOROCABA;0;810769;NOVA GERACAO CENTRO EDUCACIONAL;Paraguai;1
PRIVADA;SOROCABA;SOROCABA;SOROCABA;12;148799;SENAC SOROCABA;Japão;1
PRIVADA;SOROCABA;SOROCABA;SOROCABA;12;148799;SENAC SOROCABA;Nicarágua;1
PRIVADA;SOROCABA;SOROCABA;SOROCABA;12;148799;SENAC SOROCABA;Peru;1
PRIVADA;SOROCABA;SOROCABA;SOROCABA;12;148799;SENAC SOROCABA;Venezuela;1
PRIVADA;SOROCABA;SOROCABA;SOROCABA;14;111909;SESI 123 CENTRO EDUCACIONAL;Alemanha;1
PRIVADA;SOROCABA;SOROCABA;SOROCABA;14;111909;SESI 123 CENTRO EDUCACIONAL;Portugal;1
PRIVADA;SOROCABA;SOROCABA;SOROCABA;40;137686;AGUIRRE DOM COLEGIO;Estados Unidos da América;1
PRIVADA;SOROCABA;SOROCABA;SOROCABA;40;137686;AGUIRRE DOM COLEGIO;Israel;1
PRIVADA;SOROCABA;SOROCABA;SOROCABA;40;137686;AGUIRRE DOM COLEGIO;Japão;1
PRIVADA;SOROCABA;SOROCABA;SOROCABA;40;137686;AGUIRRE DOM COLEGIO;Portugal;1
PRIVADA;SOROCABA;SOROCABA;SOROCABA;40;137686;AGUIRRE DOM COLEGIO;Venezuela;1
PRIVADA;SOROCABA;SOROCABA;SOROCABA;40;152432;ADVENTISTA DE SOROCABA COLEGIO;Bolívia;1
PRIVADA;SOROCABA;SOROCABA;SOROCABA;40;152432;ADVENTISTA DE SOROCABA COLEGIO;Espanha;1
PRIVADA;SOROCABA;SOROCABA;SOROCABA;40;152432;ADVENTISTA DE SOROCABA COLEGIO;Itália;1
PRIVADA;SOROCABA;SOROCABA;SOROCABA;40;152432;ADVENTISTA DE SOROCABA COLEGIO;Japão;1
PRIVADA;SOROCABA;SOROCABA;SOROCABA;40;152432;ADVENTISTA DE SOROCABA COLEGIO;Uruguai;1
PRIVADA;SOROCABA;SOROCABA;SOROCABA;40;190007;SANTA RITA DE CASSIA ASSOCIACAO EDUCACIONAL;Estados Unidos da América;1
PRIVADA;SOROCABA;SOROCABA;SOROCABA;48;173472;CANTINHO BOM CCI;Haiti;1
PRIVADA;SOROCABA;SOROCABA;SOROCABA;48;173472;CANTINHO BOM CCI;Venezuela;1
PRIVADA;SOROCABA;SOROCABA;SOROCABA;48;306307;SANTO AGOSTINHO EDUCANDARIO;Guiana Francesa;1
PRIVADA;SOROCABA;SOROCABA;SOROCABA;48;429715;APASCENTAI DE ACAO SOCIAL CENTRO EDUCACIONAL;Venezuela;1
PRIVADA;SUL 1;CAMPO GRANDE;SAO PAULO;0;107803;COLEGIO MAGISTER;Alemanha;1
PRIVADA;SUL 1;CAMPO GRANDE;SAO PAULO;0;107803;COLEGIO MAGISTER;Estados Unidos da América;1
PRIVADA;SUL 1;CAMPO GRANDE;SAO PAULO;0;119404;RENOVO CENTRO DE EDUCACAO;Moçambique;1
PRIVADA;SUL 1;CAMPO GRANDE;SAO PAULO;0;140338;MAGNO COLEGIO;Argentina;3
PRIVADA;SUL 1;CAMPO GRANDE;SAO PAULO;0;140338;MAGNO COLEGIO;China;2
PRIVADA;SUL 1;CAMPO GRANDE;SAO PAULO;0;140338;MAGNO COLEGIO;Estados Unidos da América;1
PRIVADA;SUL 1;CAMPO GRANDE;SAO PAULO;0;144721;ALICERCE COLEGIO;Estados Unidos da América;2
PRIVADA;SUL 1;CAMPO GRANDE;SAO PAULO;0;176576;CLARA SUITER COLEGIO;Itália;1
PRIVADA;SUL 1;CAMPO GRANDE;SAO PAULO;0;187537;MONTE CASTELO COLEGIO;França;1
PRIVADA;SUL 1;CAMPO GRANDE;SAO PAULO;0;443924;INTERARTE COLEGIO;Japão;1
PRIVADA;SUL 1;CAMPO GRANDE;SAO PAULO;0;806432;GERAR COLEGIO;Itália;1
PRIVADA;SUL 1;CAMPO GRANDE;SAO PAULO;0;810617;BRASIL COLEGIO;Iraque;1
PRIVADA;SUL 1;CAMPO GRANDE;SAO PAULO;0;810617;BRASIL COLEGIO;Japão;1
PRIVADA;SUL 1;CAMPO GRANDE;SAO PAULO;12;269025;SENAC NACOES UNIDAS;Portugal;1
PRIVADA;SUL 1;CAMPO GRANDE;SAO PAULO;40;107517;SANTA MARIA COLEGIO;África do Sul;4
PRIVADA;SUL 1;CAMPO GRANDE;SAO PAULO;40;107517;SANTA MARIA COLEGIO;Argentina;1
PRIVADA;SUL 1;CAMPO GRANDE;SAO PAULO;40;107517;SANTA MARIA COLEGIO;Bolívia;2
PRIVADA;SUL 1;CAMPO GRANDE;SAO PAULO;40;107517;SANTA MARIA COLEGIO;Colômbia;1
PRIVADA;SUL 1;CAMPO GRANDE;SAO PAULO;40;107517;SANTA MARIA COLEGIO;Estados Unidos da América;1
PRIVADA;SUL 1;CAMPO GRANDE;SAO PAULO;40;107517;SANTA MARIA COLEGIO;Guatemala;1
PRIVADA;SUL 1;CAMPO GRANDE;SAO PAULO;40;107517;SANTA MARIA COLEGIO;Haiti;15
PRIVADA;SUL 1;CAMPO GRANDE;SAO PAULO;40;107517;SANTA MARIA COLEGIO;Japão;1
PRIVADA;SUL 1;CAMPO GRANDE;SAO PAULO;40;107517;SANTA MARIA COLEGIO;Síria;3
PRIVADA;SUL 1;CAMPO GRANDE;SAO PAULO;40;107517;SANTA MARIA COLEGIO;Venezuela;1
PRIVADA;SUL 1;CAMPO GRANDE;SAO PAULO;40;107578;ADVENTISTA DE CAMPO GRANDE ESCOLA;Arménia;1
PRIVADA;SUL 1;CAMPO GRANDE;SAO PAULO;51;7012;ESCOLA FRATERNO;Paraguai;1
PRIVADA;SUL 1;CAMPO LIMPO;SAO PAULO;0;107645;ADVENTISTA DE CAMPO LIMPO COLEGIO;Bolívia;2
PRIVADA;SUL 1;CAMPO LIMPO;SAO PAULO;0;124795;MORUMBI SUL COLEGIO;Argentina;2
PRIVADA;SUL 1;CAMPO LIMPO;SAO PAULO;0;124795;MORUMBI SUL COLEGIO;Colômbia;1
PRIVADA;SUL 1;CAMPO LIMPO;SAO PAULO;0;124795;MORUMBI SUL COLEGIO;México;1
PRIVADA;SUL 1;CAMPO LIMPO;SAO PAULO;0;136359;CONCORDIA COLEGIO;Afeganistão;1
PRIVADA;SUL 1;CAMPO LIMPO;SAO PAULO;0;136359;CONCORDIA COLEGIO;Espanha;1
PRIVADA;SUL 1;CAMPO LIMPO;SAO PAULO;0;137108;INSTITUTO EDUCACIONAL ALVORADA PLUS  ESCOLA DO PENSAR;Estados Unidos da América;1
PRIVADA;SUL 1;CAMPO LIMPO;SAO PAULO;0;140314;EAG EAG COLEGIO TECNICO;Japão;2
PRIVADA;SUL 1;CAMPO LIMPO;SAO PAULO;0;141773;COLEGIO GUARARAPES EIEFEM E TECNICO;Djibouti;1
PRIVADA;SUL 1;CAMPO LIMPO;SAO PAULO;0;141773;COLEGIO GUARARAPES EIEFEM E TECNICO;Estados Unidos da América;1
PRIVADA;SUL 1;CAMPO LIMPO;SAO PAULO;0;141773;COLEGIO GUARARAPES EIEFEM E TECNICO;Japão;3
PRIVADA;SUL 1;CAMPO LIMPO;SAO PAULO;0;176588;PORTINARI INSTITUTO EDUCACIONAL;Argentina;2
PRIVADA;SUL 1;CIDADE ADEMAR;SAO PAULO;0;133498;24 DE MARCO COLEGIO UNIDADE I;Egipto;2
PRIVADA;SUL 1;CIDADE ADEMAR;SAO PAULO;0;133498;24 DE MARCO COLEGIO UNIDADE I;Emiratos Árabes Unidos;1
PRIVADA;SUL 1;CIDADE ADEMAR;SAO PAULO;0;133498;24 DE MARCO COLEGIO UNIDADE I;Moçambique;2
PRIVADA;SUL 1;CIDADE ADEMAR;SAO PAULO;0;133498;24 DE MARCO COLEGIO UNIDADE I;Síria;10
PRIVADA;SUL 1;CIDADE ADEMAR;SAO PAULO;0;133498;24 DE MARCO COLEGIO UNIDADE I;Venezuela;3
PRIVADA;SUL 1;CIDADE ADEMAR;SAO PAULO;0;133504;24 DE MARCO COLEGIO;Bolívia;1
PRIVADA;SUL 1;CIDADE ADEMAR;SAO PAULO;0;139221;REDE DECISAO  UNIDADE JARDIM PRUDENCIA;Colômbia;2
PRIVADA;SUL 1;CIDADE ADEMAR;SAO PAULO;0;139221;REDE DECISAO  UNIDADE JARDIM PRUDENCIA;Equador;1
PRIVADA;SUL 1;CIDADE ADEMAR;SAO PAULO;0;139221;REDE DECISAO  UNIDADE JARDIM PRUDENCIA;Japão;1
PRIVADA;SUL 1;CIDADE ADEMAR;SAO PAULO;0;139233;SAO FRANCISCO DE ASSIS COLEGIO;Japão;1
PRIVADA;SUL 1;CIDADE ADEMAR;SAO PAULO;0;140004;SAO SABAS COLEGIO;Suíça;1
PRIVADA;SUL 1;CIDADE ADEMAR;SAO PAULO;0;140348;SPINOSA COLEGIO UNIDADE II;Cuba;2
PRIVADA;SUL 1;CIDADE ADEMAR;SAO PAULO;0;140348;SPINOSA COLEGIO UNIDADE II;Japão;2
PRIVADA;SUL 1;JABAQUARA;SAO PAULO;0;107050;RESSURREICAO COLEGIO;Bolívia;1
PRIVADA;SUL 1;JABAQUARA;SAO PAULO;0;107050;RESSURREICAO COLEGIO;Espanha;1
PRIVADA;SUL 1;JABAQUARA;SAO PAULO;0;107116;NOSSA SENHORA DAS GRACAS ESCOLA;Espanha;1
PRIVADA;SUL 1;JABAQUARA;SAO PAULO;0;107116;NOSSA SENHORA DAS GRACAS ESCOLA;Estados Unidos da América;4
PRIVADA;SUL 1;JABAQUARA;SAO PAULO;0;107116;NOSSA SENHORA DAS GRACAS ESCOLA;Tailândia;1
PRIVADA;SUL 1;JABAQUARA;SAO PAULO;0;126822;MARIA MONTESSORI COLEGIO;Japão;1
PRIVADA;SUL 1;JABAQUARA;SAO PAULO;0;136463;CETEC COLEGIO;Japão;2
PRIVADA;SUL 1;JABAQUARA;SAO PAULO;0;139051;PROGRESSO COLEGIO EDUCACIONAL;Japão;2
PRIVADA;SUL 1;JABAQUARA;SAO PAULO;0;139580;COLEGIO MARQUES DE MONTE ALEGRE;Paraguai;1
PRIVADA;SUL 1;JABAQUARA;SAO PAULO;0;141264;DOMINUS VIVENDI COLEGIO EIFM;Espanha;1
PRIVADA;SUL 1;JABAQUARA;SAO PAULO;0;141264;DOMINUS VIVENDI COLEGIO EIFM;Reino Unido da Grã-Bretanha e Irlanda do Norte;1
PRIVADA;SUL 1;JABAQUARA;SAO PAULO;0;141264;DOMINUS VIVENDI COLEGIO EIFM;Venezuela;1
PRIVADA;SUL 1;JABAQUARA;SAO PAULO;0;141902;AGUAI ESCOLA MONTESSORIANA;Cuba;1
PRIVADA;SUL 1;JABAQUARA;SAO PAULO;0;256812;ORIENTAL DE MASSAGEM E ACUPUNTURA ESCOLA;Argentina;2
PRIVADA;SUL 1;JABAQUARA;SAO PAULO;0;342968;ESSA  ESCOLA TECNICA PROFISSIONALIZANTE  UNIDADE JABAQUARA;Haiti;1
PRIVADA;SUL 1;JABAQUARA;SAO PAULO;0;342968;ESSA  ESCOLA TECNICA PROFISSIONALIZANTE  UNIDADE JABAQUARA;Japão;1
PRIVADA;SUL 1;JABAQUARA;SAO PAULO;0;449179;SAINT KLAUS INSTITUTO EDUCACIONAL;Japão;1
PRIVADA;SUL 1;JABAQUARA;SAO PAULO;40;107049;EMILIE DE VILLENEUVE COLEGIO;Estados Unidos da América;1
PRIVADA;SUL 1;JABAQUARA;SAO PAULO;40;107049;EMILIE DE VILLENEUVE COLEGIO;Senegal;1
PRIVADA;SUL 1;JABAQUARA;SAO PAULO;40;107049;EMILIE DE VILLENEUVE COLEGIO;Venezuela;2
PRIVADA;SUL 1;JABAQUARA;SAO PAULO;51;7117;ESCOLA MAIS;Japão;1
PRIVADA;SUL 1;JABAQUARA;SAO PAULO;51;7117;ESCOLA MAIS;Síria;2
PRIVADA;SUL 1;PEDREIRA;SAO PAULO;0;176597;ADVENTUS COLEGIO;Venezuela;1
PRIVADA;SUL 1;PEDREIRA;SAO PAULO;0;810630;UNIAO BRASILEIRA INSTITUTO DE EDUCACAO;Irlanda;1
PRIVADA;SUL 1;PEDREIRA;SAO PAULO;40;257813;CENTRO EDUCACIONAL ASSISTENCIAL PROFISSIONALIZANTE CEAP;Japão;2
PRIVADA;SUL 1;SANTO AMARO;SAO PAULO;0;4919;MAPLE BEAR CANADIAN SCHOOL  GRANJA JULIETA;China;1
PRIVADA;SUL 1;SANTO AMARO;SAO PAULO;0;4919;MAPLE BEAR CANADIAN SCHOOL  GRANJA JULIETA;Estados Unidos da América;1
PRIVADA;SUL 1;SANTO AMARO;SAO PAULO;0;4919;MAPLE BEAR CANADIAN SCHOOL  GRANJA JULIETA;Ucrânia;1
PRIVADA;SUL 1;SANTO AMARO;SAO PAULO;0;105569;FRIBURGO COLEGIO;Espanha;1
PRIVADA;SUL 1;SANTO AMARO;SAO PAULO;0;105569;FRIBURGO COLEGIO;Guatemala;1
PRIVADA;SUL 1;SANTO AMARO;SAO PAULO;0;107542;PUERI DOMUS ESCOLA VERBO DIVINO UNIDADE I;Argentina;1
PRIVADA;SUL 1;SANTO AMARO;SAO PAULO;0;107542;PUERI DOMUS ESCOLA VERBO DIVINO UNIDADE I;Chile;2
PRIVADA;SUL 1;SANTO AMARO;SAO PAULO;0;107542;PUERI DOMUS ESCOLA VERBO DIVINO UNIDADE I;China;4
PRIVADA;SUL 1;SANTO AMARO;SAO PAULO;0;107542;PUERI DOMUS ESCOLA VERBO DIVINO UNIDADE I;Colômbia;2
PRIVADA;SUL 1;SANTO AMARO;SAO PAULO;0;107542;PUERI DOMUS ESCOLA VERBO DIVINO UNIDADE I;Estados Unidos da América;3
PRIVADA;SUL 1;SANTO AMARO;SAO PAULO;0;107542;PUERI DOMUS ESCOLA VERBO DIVINO UNIDADE I;Índia;1
PRIVADA;SUL 1;SANTO AMARO;SAO PAULO;0;107542;PUERI DOMUS ESCOLA VERBO DIVINO UNIDADE I;Paraguai;1
PRIVADA;SUL 1;SANTO AMARO;SAO PAULO;0;107542;PUERI DOMUS ESCOLA VERBO DIVINO UNIDADE I;Portugal;2
PRIVADA;SUL 1;SANTO AMARO;SAO PAULO;0;107542;PUERI DOMUS ESCOLA VERBO DIVINO UNIDADE I;Reino Unido da Grã-Bretanha e Irlanda do Norte;1
PRIVADA;SUL 1;SANTO AMARO;SAO PAULO;0;107633;ADVENTISTA SANTO AMARO COLEGIO;China;1
PRIVADA;SUL 1;SANTO AMARO;SAO PAULO;0;107633;ADVENTISTA SANTO AMARO COLEGIO;Reino Unido da Grã-Bretanha e Irlanda do Norte;1
PRIVADA;SUL 1;SANTO AMARO;SAO PAULO;0;107633;ADVENTISTA SANTO AMARO COLEGIO;Suíça;1
PRIVADA;SUL 1;SANTO AMARO;SAO PAULO;0;107700;ELVIRA BRANDAO COLEGIO;Argentina;3
PRIVADA;SUL 1;SANTO AMARO;SAO PAULO;0;107700;ELVIRA BRANDAO COLEGIO;Espanha;3
PRIVADA;SUL 1;SANTO AMARO;SAO PAULO;0;107700;ELVIRA BRANDAO COLEGIO;Estados Unidos da América;1
PRIVADA;SUL 1;SANTO AMARO;SAO PAULO;0;107700;ELVIRA BRANDAO COLEGIO;México;1
PRIVADA;SUL 1;SANTO AMARO;SAO PAULO;0;107700;ELVIRA BRANDAO COLEGIO;Venezuela;3
PRIVADA;SUL 1;SANTO AMARO;SAO PAULO;0;107736;WALDORF RUDOLF STEINER ESCOLA;Argentina;3
PRIVADA;SUL 1;SANTO AMARO;SAO PAULO;0;107736;WALDORF RUDOLF STEINER ESCOLA;Chile;1
PRIVADA;SUL 1;SANTO AMARO;SAO PAULO;0;107736;WALDORF RUDOLF STEINER ESCOLA;Estados Unidos da América;1
PRIVADA;SUL 1;SANTO AMARO;SAO PAULO;0;107736;WALDORF RUDOLF STEINER ESCOLA;Portugal;1
PRIVADA;SUL 1;SANTO AMARO;SAO PAULO;0;107759;PRAXIS COLEGIO;Haiti;2
PRIVADA;SUL 1;SANTO AMARO;SAO PAULO;0;107759;PRAXIS COLEGIO;Portugal;1
PRIVADA;SUL 1;SANTO AMARO;SAO PAULO;0;107773;SUICO BRASILEIRA SAO PAULO ESCOLA;Alemanha;8
PRIVADA;SUL 1;SANTO AMARO;SAO PAULO;0;107773;SUICO BRASILEIRA SAO PAULO ESCOLA;Argentina;1
PRIVADA;SUL 1;SANTO AMARO;SAO PAULO;0;107773;SUICO BRASILEIRA SAO PAULO ESCOLA;França;1
PRIVADA;SUL 1;SANTO AMARO;SAO PAULO;0;107773;SUICO BRASILEIRA SAO PAULO ESCOLA;Iémen;1
PRIVADA;SUL 1;SANTO AMARO;SAO PAULO;0;107773;SUICO BRASILEIRA SAO PAULO ESCOLA;Reino Unido da Grã-Bretanha e Irlanda do Norte;3
PRIVADA;SUL 1;SANTO AMARO;SAO PAULO;0;107773;SUICO BRASILEIRA SAO PAULO ESCOLA;Singapura;1
PRIVADA;SUL 1;SANTO AMARO;SAO PAULO;0;107773;SUICO BRASILEIRA SAO PAULO ESCOLA;Suíça;4
PRIVADA;SUL 1;SANTO AMARO;SAO PAULO;0;107888;JOHANN GAUSS COLEGIO;Argentina;1
PRIVADA;SUL 1;SANTO AMARO;SAO PAULO;0;107888;JOHANN GAUSS COLEGIO;Estados Unidos da América;1
PRIVADA;SUL 1;SANTO AMARO;SAO PAULO;0;124576;TERRAMAR COLEGIO;Peru;1
PRIVADA;SUL 1;SANTO AMARO;SAO PAULO;0;136293;CASINHA PEQUENINA ESCOLA DE EDUCACAO INFANTIL E ENSINO FUNDAMENTAL;Alemanha;1
PRIVADA;SUL 1;SANTO AMARO;SAO PAULO;0;136293;CASINHA PEQUENINA ESCOLA DE EDUCACAO INFANTIL E ENSINO FUNDAMENTAL;Argentina;1
PRIVADA;SUL 1;SANTO AMARO;SAO PAULO;0;136293;CASINHA PEQUENINA ESCOLA DE EDUCACAO INFANTIL E ENSINO FUNDAMENTAL;China;1
PRIVADA;SUL 1;SANTO AMARO;SAO PAULO;0;136293;CASINHA PEQUENINA ESCOLA DE EDUCACAO INFANTIL E ENSINO FUNDAMENTAL;Colômbia;1
PRIVADA;SUL 1;SANTO AMARO;SAO PAULO;0;136335;CHAPEL SCHOOL;Argentina;17
PRIVADA;SUL 1;SANTO AMARO;SAO PAULO;0;136335;CHAPEL SCHOOL;Bolívia;6
PRIVADA;SUL 1;SANTO AMARO;SAO PAULO;0;136335;CHAPEL SCHOOL;Canadá;1
PRIVADA;SUL 1;SANTO AMARO;SAO PAULO;0;136335;CHAPEL SCHOOL;Chile;10
PRIVADA;SUL 1;SANTO AMARO;SAO PAULO;0;136335;CHAPEL SCHOOL;China;6
PRIVADA;SUL 1;SANTO AMARO;SAO PAULO;0;136335;CHAPEL SCHOOL;Colômbia;27
PRIVADA;SUL 1;SANTO AMARO;SAO PAULO;0;136335;CHAPEL SCHOOL;Equador;2
PRIVADA;SUL 1;SANTO AMARO;SAO PAULO;0;136335;CHAPEL SCHOOL;Espanha;12
PRIVADA;SUL 1;SANTO AMARO;SAO PAULO;0;136335;CHAPEL SCHOOL;Estados Unidos da América;27
PRIVADA;SUL 1;SANTO AMARO;SAO PAULO;0;136335;CHAPEL SCHOOL;Japão;3
PRIVADA;SUL 1;SANTO AMARO;SAO PAULO;0;136335;CHAPEL SCHOOL;México;20
PRIVADA;SUL 1;SANTO AMARO;SAO PAULO;0;136335;CHAPEL SCHOOL;Panamá;6
PRIVADA;SUL 1;SANTO AMARO;SAO PAULO;0;136335;CHAPEL SCHOOL;Portugal;3
PRIVADA;SUL 1;SANTO AMARO;SAO PAULO;0;136335;CHAPEL SCHOOL;Venezuela;4
PRIVADA;SUL 1;SANTO AMARO;SAO PAULO;0;137066;SERGIO BUARQUE DE HOLANDA COLEGIO;Colômbia;1
PRIVADA;SUL 1;SANTO AMARO;SAO PAULO;0;137066;SERGIO BUARQUE DE HOLANDA COLEGIO;Espanha;1
PRIVADA;SUL 1;SANTO AMARO;SAO PAULO;0;137066;SERGIO BUARQUE DE HOLANDA COLEGIO;Venezuela;1
PRIVADA;SUL 1;SANTO AMARO;SAO PAULO;0;141276;CHACARA SANTO ANTONIO DE EPSG COLEGIO UNIDADE;Coreia do Sul;2
PRIVADA;SUL 1;SANTO AMARO;SAO PAULO;0;141276;CHACARA SANTO ANTONIO DE EPSG COLEGIO UNIDADE;México;1
PRIVADA;SUL 1;SANTO AMARO;SAO PAULO;0;141276;CHACARA SANTO ANTONIO DE EPSG COLEGIO UNIDADE;Portugal;2
PRIVADA;SUL 1;SANTO AMARO;SAO PAULO;0;141276;CHACARA SANTO ANTONIO DE EPSG COLEGIO UNIDADE;Uruguai;1
PRIVADA;SUL 1;SANTO AMARO;SAO PAULO;0;141689;PARALELO DE ENSINO ASSOCIACAO;Estados Unidos da América;2
PRIVADA;SUL 1;SANTO AMARO;SAO PAULO;0;144708;POLY MASTER COLEGIO;Líbano;1
PRIVADA;SUL 1;SANTO AMARO;SAO PAULO;0;144708;POLY MASTER COLEGIO;Síria;2
PRIVADA;SUL 1;SANTO AMARO;SAO PAULO;0;287441;MANACA ESCOLA;Estados Unidos da América;1
PRIVADA;SUL 1;SANTO AMARO;SAO PAULO;0;495773;THE BRITISH COLLEGE OF BRAZIL UNIDADE CHACARA FLORA;África do Sul;1
PRIVADA;SUL 1;SANTO AMARO;SAO PAULO;0;495773;THE BRITISH COLLEGE OF BRAZIL UNIDADE CHACARA FLORA;Alemanha;9
PRIVADA;SUL 1;SANTO AMARO;SAO PAULO;0;495773;THE BRITISH COLLEGE OF BRAZIL UNIDADE CHACARA FLORA;Argentina;57
PRIVADA;SUL 1;SANTO AMARO;SAO PAULO;0;495773;THE BRITISH COLLEGE OF BRAZIL UNIDADE CHACARA FLORA;Austrália;3
PRIVADA;SUL 1;SANTO AMARO;SAO PAULO;0;495773;THE BRITISH COLLEGE OF BRAZIL UNIDADE CHACARA FLORA;Bolívia;2
PRIVADA;SUL 1;SANTO AMARO;SAO PAULO;0;495773;THE BRITISH COLLEGE OF BRAZIL UNIDADE CHACARA FLORA;Chile;4
PRIVADA;SUL 1;SANTO AMARO;SAO PAULO;0;495773;THE BRITISH COLLEGE OF BRAZIL UNIDADE CHACARA FLORA;China;7
PRIVADA;SUL 1;SANTO AMARO;SAO PAULO;0;495773;THE BRITISH COLLEGE OF BRAZIL UNIDADE CHACARA FLORA;Colômbia;5
PRIVADA;SUL 1;SANTO AMARO;SAO PAULO;0;495773;THE BRITISH COLLEGE OF BRAZIL UNIDADE CHACARA FLORA;Coreia do Sul;121
PRIVADA;SUL 1;SANTO AMARO;SAO PAULO;0;495773;THE BRITISH COLLEGE OF BRAZIL UNIDADE CHACARA FLORA;Costa Rica;6
PRIVADA;SUL 1;SANTO AMARO;SAO PAULO;0;495773;THE BRITISH COLLEGE OF BRAZIL UNIDADE CHACARA FLORA;Dinamarca;2
PRIVADA;SUL 1;SANTO AMARO;SAO PAULO;0;495773;THE BRITISH COLLEGE OF BRAZIL UNIDADE CHACARA FLORA;Espanha;39
PRIVADA;SUL 1;SANTO AMARO;SAO PAULO;0;495773;THE BRITISH COLLEGE OF BRAZIL UNIDADE CHACARA FLORA;Estados Unidos da América;12
PRIVADA;SUL 1;SANTO AMARO;SAO PAULO;0;495773;THE BRITISH COLLEGE OF BRAZIL UNIDADE CHACARA FLORA;França;8
PRIVADA;SUL 1;SANTO AMARO;SAO PAULO;0;495773;THE BRITISH COLLEGE OF BRAZIL UNIDADE CHACARA FLORA;Índia;25
PRIVADA;SUL 1;SANTO AMARO;SAO PAULO;0;495773;THE BRITISH COLLEGE OF BRAZIL UNIDADE CHACARA FLORA;Irão;1
PRIVADA;SUL 1;SANTO AMARO;SAO PAULO;0;495773;THE BRITISH COLLEGE OF BRAZIL UNIDADE CHACARA FLORA;Israel;4
PRIVADA;SUL 1;SANTO AMARO;SAO PAULO;0;495773;THE BRITISH COLLEGE OF BRAZIL UNIDADE CHACARA FLORA;Itália;5
PRIVADA;SUL 1;SANTO AMARO;SAO PAULO;0;495773;THE BRITISH COLLEGE OF BRAZIL UNIDADE CHACARA FLORA;Japão;58
PRIVADA;SUL 1;SANTO AMARO;SAO PAULO;0;495773;THE BRITISH COLLEGE OF BRAZIL UNIDADE CHACARA FLORA;Líbano;1
PRIVADA;SUL 1;SANTO AMARO;SAO PAULO;0;495773;THE BRITISH COLLEGE OF BRAZIL UNIDADE CHACARA FLORA;México;21
PRIVADA;SUL 1;SANTO AMARO;SAO PAULO;0;495773;THE BRITISH COLLEGE OF BRAZIL UNIDADE CHACARA FLORA;Países Baixos (Holanda);8
PRIVADA;SUL 1;SANTO AMARO;SAO PAULO;0;495773;THE BRITISH COLLEGE OF BRAZIL UNIDADE CHACARA FLORA;Panamá;6
PRIVADA;SUL 1;SANTO AMARO;SAO PAULO;0;495773;THE BRITISH COLLEGE OF BRAZIL UNIDADE CHACARA FLORA;Peru;6
PRIVADA;SUL 1;SANTO AMARO;SAO PAULO;0;495773;THE BRITISH COLLEGE OF BRAZIL UNIDADE CHACARA FLORA;Polónia;1
PRIVADA;SUL 1;SANTO AMARO;SAO PAULO;0;495773;THE BRITISH COLLEGE OF BRAZIL UNIDADE CHACARA FLORA;Portugal;3
PRIVADA;SUL 1;SANTO AMARO;SAO PAULO;0;495773;THE BRITISH COLLEGE OF BRAZIL UNIDADE CHACARA FLORA;Reino Unido da Grã-Bretanha e Irlanda do Norte;10
PRIVADA;SUL 1;SANTO AMARO;SAO PAULO;0;495773;THE BRITISH COLLEGE OF BRAZIL UNIDADE CHACARA FLORA;Suécia;17
PRIVADA;SUL 1;SANTO AMARO;SAO PAULO;0;495773;THE BRITISH COLLEGE OF BRAZIL UNIDADE CHACARA FLORA;Suíça;2
PRIVADA;SUL 1;SANTO AMARO;SAO PAULO;0;495773;THE BRITISH COLLEGE OF BRAZIL UNIDADE CHACARA FLORA;Turquia;4
PRIVADA;SUL 1;SANTO AMARO;SAO PAULO;0;495773;THE BRITISH COLLEGE OF BRAZIL UNIDADE CHACARA FLORA;Venezuela;10
PRIVADA;SUL 1;SANTO AMARO;SAO PAULO;0;498774;TOTS E TEENS ESCOLA DE LINGUAS;China;2
PRIVADA;SUL 1;SANTO AMARO;SAO PAULO;0;498774;TOTS E TEENS ESCOLA DE LINGUAS;Coreia do Sul;1
PRIVADA;SUL 1;SANTO AMARO;SAO PAULO;0;498774;TOTS E TEENS ESCOLA DE LINGUAS;Suíça;1
PRIVADA;SUL 1;SANTO AMARO;SAO PAULO;0;569240;BELO FUTURO INTERNACIONAL COLEGIO UNIDADE II;Angola;1
PRIVADA;SUL 1;SANTO AMARO;SAO PAULO;0;569240;BELO FUTURO INTERNACIONAL COLEGIO UNIDADE II;Portugal;3
PRIVADA;SUL 1;SANTO AMARO;SAO PAULO;0;569240;BELO FUTURO INTERNACIONAL COLEGIO UNIDADE II;Turquia;31
PRIVADA;SUL 1;SANTO AMARO;SAO PAULO;0;569240;BELO FUTURO INTERNACIONAL COLEGIO UNIDADE II;Usbequistão;3
PRIVADA;SUL 1;SANTO AMARO;SAO PAULO;12;148714;SENAC LARGO TREZE;Angola;1
PRIVADA;SUL 1;SANTO AMARO;SAO PAULO;12;148714;SENAC LARGO TREZE;Bélgica;1
PRIVADA;SUL 1;SANTO AMARO;SAO PAULO;12;148714;SENAC LARGO TREZE;Paraguai;1
PRIVADA;SUL 1;SANTO AMARO;SAO PAULO;12;148714;SENAC LARGO TREZE;Peru;1
PRIVADA;SUL 1;SANTO AMARO;SAO PAULO;40;107499;JESUS MARIA JOSE COLEGIO;Angola;2
PRIVADA;SUL 1;SANTO AMARO;SAO PAULO;51;6044;CENTRO DE ENSINO GRAU T   LARGO 13 DE MAIO;Togo;1
PRIVADA;SUL 1;VILA ANDRADE;SAO PAULO;0;6548;MAPLE BEAR CANADIAN SCHOOL MORUMBI PANAMBY;Chile;1
PRIVADA;SUL 1;VILA ANDRADE;SAO PAULO;0;105314;FRANCISCANO PIO XII COLEGIO;Argentina;1
PRIVADA;SUL 1;VILA ANDRADE;SAO PAULO;0;105314;FRANCISCANO PIO XII COLEGIO;Guatemala;2
PRIVADA;SUL 1;VILA ANDRADE;SAO PAULO;0;105314;FRANCISCANO PIO XII COLEGIO;Portugal;1
PRIVADA;SUL 1;VILA ANDRADE;SAO PAULO;0;105314;FRANCISCANO PIO XII COLEGIO;Reino Unido da Grã-Bretanha e Irlanda do Norte;1
PRIVADA;SUL 1;VILA ANDRADE;SAO PAULO;0;105545;GRADUADA DE SAO PAULO ASSOCIACAO ESCOLA;Argentina;46
PRIVADA;SUL 1;VILA ANDRADE;SAO PAULO;0;105545;GRADUADA DE SAO PAULO ASSOCIACAO ESCOLA;Bolívia;3
PRIVADA;SUL 1;VILA ANDRADE;SAO PAULO;0;105545;GRADUADA DE SAO PAULO ASSOCIACAO ESCOLA;Canadá;7
PRIVADA;SUL 1;VILA ANDRADE;SAO PAULO;0;105545;GRADUADA DE SAO PAULO ASSOCIACAO ESCOLA;Chile;8
PRIVADA;SUL 1;VILA ANDRADE;SAO PAULO;0;105545;GRADUADA DE SAO PAULO ASSOCIACAO ESCOLA;Colômbia;2
PRIVADA;SUL 1;VILA ANDRADE;SAO PAULO;0;105545;GRADUADA DE SAO PAULO ASSOCIACAO ESCOLA;Coreia do Sul;30
PRIVADA;SUL 1;VILA ANDRADE;SAO PAULO;0;105545;GRADUADA DE SAO PAULO ASSOCIACAO ESCOLA;Coreia, República Democrática da (Coreia do Norte);2
PRIVADA;SUL 1;VILA ANDRADE;SAO PAULO;0;105545;GRADUADA DE SAO PAULO ASSOCIACAO ESCOLA;Equador;2
PRIVADA;SUL 1;VILA ANDRADE;SAO PAULO;0;105545;GRADUADA DE SAO PAULO ASSOCIACAO ESCOLA;Espanha;7
PRIVADA;SUL 1;VILA ANDRADE;SAO PAULO;0;105545;GRADUADA DE SAO PAULO ASSOCIACAO ESCOLA;Estados Unidos da América;67
PRIVADA;SUL 1;VILA ANDRADE;SAO PAULO;0;105545;GRADUADA DE SAO PAULO ASSOCIACAO ESCOLA;França;7
PRIVADA;SUL 1;VILA ANDRADE;SAO PAULO;0;105545;GRADUADA DE SAO PAULO ASSOCIACAO ESCOLA;Guatemala;1
PRIVADA;SUL 1;VILA ANDRADE;SAO PAULO;0;105545;GRADUADA DE SAO PAULO ASSOCIACAO ESCOLA;Índia;7
PRIVADA;SUL 1;VILA ANDRADE;SAO PAULO;0;105545;GRADUADA DE SAO PAULO ASSOCIACAO ESCOLA;Irlanda;1
PRIVADA;SUL 1;VILA ANDRADE;SAO PAULO;0;105545;GRADUADA DE SAO PAULO ASSOCIACAO ESCOLA;Itália;2
PRIVADA;SUL 1;VILA ANDRADE;SAO PAULO;0;105545;GRADUADA DE SAO PAULO ASSOCIACAO ESCOLA;Japão;5
PRIVADA;SUL 1;VILA ANDRADE;SAO PAULO;0;105545;GRADUADA DE SAO PAULO ASSOCIACAO ESCOLA;México;43
PRIVADA;SUL 1;VILA ANDRADE;SAO PAULO;0;105545;GRADUADA DE SAO PAULO ASSOCIACAO ESCOLA;Paraguai;3
PRIVADA;SUL 1;VILA ANDRADE;SAO PAULO;0;105545;GRADUADA DE SAO PAULO ASSOCIACAO ESCOLA;Portugal;4
PRIVADA;SUL 1;VILA ANDRADE;SAO PAULO;0;105545;GRADUADA DE SAO PAULO ASSOCIACAO ESCOLA;Reino Unido da Grã-Bretanha e Irlanda do Norte;1
PRIVADA;SUL 1;VILA ANDRADE;SAO PAULO;0;105545;GRADUADA DE SAO PAULO ASSOCIACAO ESCOLA;Suíça;4
PRIVADA;SUL 1;VILA ANDRADE;SAO PAULO;0;105545;GRADUADA DE SAO PAULO ASSOCIACAO ESCOLA;Tunísia;1
PRIVADA;SUL 1;VILA ANDRADE;SAO PAULO;0;105545;GRADUADA DE SAO PAULO ASSOCIACAO ESCOLA;Uruguai;4
PRIVADA;SUL 1;VILA ANDRADE;SAO PAULO;0;105545;GRADUADA DE SAO PAULO ASSOCIACAO ESCOLA;Venezuela;10
PRIVADA;SUL 1;VILA ANDRADE;SAO PAULO;0;119374;COLEGIO CPV;Espanha;1
PRIVADA;SUL 1;VILA ANDRADE;SAO PAULO;0;119374;COLEGIO CPV;Reino Unido da Grã-Bretanha e Irlanda do Norte;1
PRIVADA;SUL 1;VILA ANDRADE;SAO PAULO;0;137133;PENTAGONO COLEGIO UNIDADE MORUMBI;África do Sul;1
PRIVADA;SUL 1;VILA ANDRADE;SAO PAULO;0;137133;PENTAGONO COLEGIO UNIDADE MORUMBI;Espanha;2
PRIVADA;SUL 1;VILA ANDRADE;SAO PAULO;0;137133;PENTAGONO COLEGIO UNIDADE MORUMBI;Estados Unidos da América;1
PRIVADA;SUL 1;VILA ANDRADE;SAO PAULO;0;137133;PENTAGONO COLEGIO UNIDADE MORUMBI;Venezuela;1
PRIVADA;SUL 1;VILA ANDRADE;SAO PAULO;0;138435;EUGENIO MONTALE ESCOLA;Argentina;1
PRIVADA;SUL 1;VILA ANDRADE;SAO PAULO;0;138435;EUGENIO MONTALE ESCOLA;Espanha;2
PRIVADA;SUL 1;VILA ANDRADE;SAO PAULO;0;138435;EUGENIO MONTALE ESCOLA;Itália;6
PRIVADA;SUL 1;VILA ANDRADE;SAO PAULO;0;141331;CRISTOVAO COLOMBO COLEGIO;Paraguai;1
PRIVADA;SUL 1;VILA ANDRADE;SAO PAULO;0;141331;CRISTOVAO COLOMBO COLEGIO;Síria;1
PRIVADA;SUL 1;VILA ANDRADE;SAO PAULO;0;362839;KINDER KAMPUS;Chile;1
PRIVADA;SUL 1;VILA ANDRADE;SAO PAULO;0;362839;KINDER KAMPUS;Estados Unidos da América;3
PRIVADA;SUL 1;VILA ANDRADE;SAO PAULO;0;362839;KINDER KAMPUS;Índia;2
PRIVADA;SUL 1;VILA ANDRADE;SAO PAULO;0;374957;CRESCER SEMPRE ASSOCIACAO;Peru;1
PRIVADA;SUL 1;VILA ANDRADE;SAO PAULO;0;455313;INTEGRATION SCHOOL;Peru;1
PRIVADA;SUL 1;VILA ANDRADE;SAO PAULO;40;162243;COLEGIO VISCONDE DE PORTO SEGURO   CAMPUS PANAMBY;Colômbia;1
PRIVADA;SUL 1;VILA ANDRADE;SAO PAULO;40;162243;COLEGIO VISCONDE DE PORTO SEGURO   CAMPUS PANAMBY;Coreia do Sul;2
PRIVADA;SUL 1;VILA ANDRADE;SAO PAULO;40;162243;COLEGIO VISCONDE DE PORTO SEGURO   CAMPUS PANAMBY;Lituânia;1
PRIVADA;SUL 2;CAPAO REDONDO;SAO PAULO;0;107657;ADVENTISTA DA ALVORADA ESCOLA;Haiti;5
PRIVADA;SUL 2;CAPAO REDONDO;SAO PAULO;0;107657;ADVENTISTA DA ALVORADA ESCOLA;Peru;1
PRIVADA;SUL 2;CAPAO REDONDO;SAO PAULO;0;107682;UNASP SAO PAULO ADVENTISTA COLEGIO;Angola;1
PRIVADA;SUL 2;CAPAO REDONDO;SAO PAULO;0;107682;UNASP SAO PAULO ADVENTISTA COLEGIO;Estados Unidos da América;2
PRIVADA;SUL 2;CAPAO REDONDO;SAO PAULO;0;107682;UNASP SAO PAULO ADVENTISTA COLEGIO;Paraguai;1
PRIVADA;SUL 2;CAPAO REDONDO;SAO PAULO;0;125726;PERSPECTIVA ESCOLA;China;1
PRIVADA;SUL 2;CAPAO REDONDO;SAO PAULO;0;153837;PRISMA ESCOLA DE EDUCACAO INTEGRAL;Japão;1
PRIVADA;SUL 2;CAPAO REDONDO;SAO PAULO;0;179848;PRELUDIO COLEGIO;Canadá;1
PRIVADA;SUL 2;CAPAO REDONDO;SAO PAULO;40;107585;CAMPO DE FORA ESCOLA ADVENTISTA DE;Nigéria;1
PRIVADA;SUL 2;CAPAO REDONDO;SAO PAULO;40;107591;ELLEN G WHITE ADVENTISTA COLEGIO;Equador;1
PRIVADA;SUL 2;CAPAO REDONDO;SAO PAULO;40;107591;ELLEN G WHITE ADVENTISTA COLEGIO;Portugal;1
PRIVADA;SUL 2;JARDIM ANGELA;SAO PAULO;0;319739;MOCHILA AZUL COLEGIO;Bolívia;1
PRIVADA;SUL 2;JARDIM ANGELA;SAO PAULO;0;319739;MOCHILA AZUL COLEGIO;Portugal;1
PRIVADA;SUL 2;JARDIM SAO LUIS;SAO PAULO;0;140326;COLEGIO PARADIGMA;Estados Unidos da América;1
PRIVADA;SUL 2;JARDIM SAO LUIS;SAO PAULO;0;144435;SAVIOLI COLEGIO;Reino Unido da Grã-Bretanha e Irlanda do Norte;1
PRIVADA;SUL 2;JARDIM SAO LUIS;SAO PAULO;0;172492;SAO FRANCISCO DE ASSIS INSTITUTO DE ENSINO;Estados Unidos da América;1
PRIVADA;SUL 2;JARDIM SAO LUIS;SAO PAULO;0;172492;SAO FRANCISCO DE ASSIS INSTITUTO DE ENSINO;Japão;1
PRIVADA;SUL 2;JARDIM SAO LUIS;SAO PAULO;0;172546;CASABLANCA COLEGIO;Estados Unidos da América;1
PRIVADA;SUL 2;JARDIM SAO LUIS;SAO PAULO;0;172558;ACOREANA COLEGIO;Reino Unido da Grã-Bretanha e Irlanda do Norte;1
PRIVADA;SUL 2;JARDIM SAO LUIS;SAO PAULO;0;266802;MARTINS MOURAO COLEGIO;Colômbia;1
PRIVADA;SUL 3;CIDADE DUTRA;SAO PAULO;0;107906;ALBERT EINSTEIN COLEGIO;Estados Unidos da América;2
PRIVADA;SUL 3;CIDADE DUTRA;SAO PAULO;0;107906;ALBERT EINSTEIN COLEGIO;Líbano;1
PRIVADA;SUL 3;CIDADE DUTRA;SAO PAULO;0;107906;ALBERT EINSTEIN COLEGIO;México;1
PRIVADA;SUL 3;CIDADE DUTRA;SAO PAULO;0;107906;ALBERT EINSTEIN COLEGIO;Venezuela;1
PRIVADA;SUL 3;CIDADE DUTRA;SAO PAULO;0;135057;EXATO COLEGIO;Países Baixos (Holanda);1
PRIVADA;SUL 3;CIDADE DUTRA;SAO PAULO;0;139129;PINHEIRO ESCOLA;China;1
PRIVADA;SUL 3;CIDADE DUTRA;SAO PAULO;0;139129;PINHEIRO ESCOLA;Espanha;1
PRIVADA;SUL 3;CIDADE DUTRA;SAO PAULO;0;139129;PINHEIRO ESCOLA;Japão;1
PRIVADA;SUL 3;CIDADE DUTRA;SAO PAULO;0;143157;SALGUEIRO COLEGIO;Cuba;1
PRIVADA;SUL 3;CIDADE DUTRA;SAO PAULO;0;143157;SALGUEIRO COLEGIO;Espanha;1
PRIVADA;SUL 3;CIDADE DUTRA;SAO PAULO;0;143157;SALGUEIRO COLEGIO;Estados Unidos da América;1
PRIVADA;SUL 3;CIDADE DUTRA;SAO PAULO;0;143959;CERTUS COLEGIO;Bolívia;1
PRIVADA;SUL 3;CIDADE DUTRA;SAO PAULO;0;143959;CERTUS COLEGIO;Japão;2
PRIVADA;SUL 3;CIDADE DUTRA;SAO PAULO;0;158525;CERIMAR COLEGIO;Japão;2
PRIVADA;SUL 3;CIDADE DUTRA;SAO PAULO;0;295164;SEQUENCIAL ESCOLA TECNICA;Bolívia;1
PRIVADA;SUL 3;CIDADE DUTRA;SAO PAULO;0;295164;SEQUENCIAL ESCOLA TECNICA;Nigéria;1
PRIVADA;SUL 3;CIDADE DUTRA;SAO PAULO;0;462834;LITTLE PEOPLE SCHOOL;Colômbia;1
PRIVADA;SUL 3;CIDADE DUTRA;SAO PAULO;12;463536;SENAC JARDIM PRIMAVERA;Bolívia;1
PRIVADA;SUL 3;CIDADE DUTRA;SAO PAULO;40;168671;ADVENTISTA COLEGIO DE INTERLAGOS;Estados Unidos da América;1
PRIVADA;SUL 3;CIDADE DUTRA;SAO PAULO;40;168671;ADVENTISTA COLEGIO DE INTERLAGOS;Japão;1
PRIVADA;SUL 3;CIDADE DUTRA;SAO PAULO;40;256432;NOSSA SENHORA DE FATIMA ESCOLA PROFISSIONAL;Peru;1
PRIVADA;SUL 3;CIDADE DUTRA;SAO PAULO;51;107967;CRISTA PAN AMERICANA ESCOLA;Canadá;1
PRIVADA;SUL 3;CIDADE DUTRA;SAO PAULO;51;107967;CRISTA PAN AMERICANA ESCOLA;Colômbia;1
PRIVADA;SUL 3;CIDADE DUTRA;SAO PAULO;51;107967;CRISTA PAN AMERICANA ESCOLA;Coreia do Sul;19
PRIVADA;SUL 3;CIDADE DUTRA;SAO PAULO;51;107967;CRISTA PAN AMERICANA ESCOLA;Espanha;2
PRIVADA;SUL 3;CIDADE DUTRA;SAO PAULO;51;107967;CRISTA PAN AMERICANA ESCOLA;Estados Unidos da América;7
PRIVADA;SUL 3;CIDADE DUTRA;SAO PAULO;51;107967;CRISTA PAN AMERICANA ESCOLA;Índia;4
PRIVADA;SUL 3;CIDADE DUTRA;SAO PAULO;51;107967;CRISTA PAN AMERICANA ESCOLA;Japão;8
PRIVADA;SUL 3;CIDADE DUTRA;SAO PAULO;51;107967;CRISTA PAN AMERICANA ESCOLA;Reino Unido da Grã-Bretanha e Irlanda do Norte;2
PRIVADA;SUL 3;CIDADE DUTRA;SAO PAULO;51;107967;CRISTA PAN AMERICANA ESCOLA;Suíça;2
PRIVADA;SUL 3;GRAJAU;SAO PAULO;0;155287;GRAJAU COLEGIO;Bolívia;1
PRIVADA;SUL 3;GRAJAU;SAO PAULO;0;155287;GRAJAU COLEGIO;Estados Unidos da América;1
PRIVADA;SUL 3;GRAJAU;SAO PAULO;0;155287;GRAJAU COLEGIO;Portugal;2
PRIVADA;SUL 3;GRAJAU;SAO PAULO;0;158549;COLEGIO ORION E PASSINHO SEGURO;Estados Unidos da América;1
PRIVADA;SUL 3;GRAJAU;SAO PAULO;0;195182;PARQUE MARAVILHA E FERNANDES MENEZES COLEGIO;Bolívia;1
PRIVADA;SUL 3;GRAJAU;SAO PAULO;0;452014;MIRNA COLEGIO BATISTA;Bolívia;1
PRIVADA;SUL 3;GRAJAU;SAO PAULO;0;807825;SHANGRI LA COLEGIO;Japão;1
PRIVADA;SUL 3;SOCORRO;SAO PAULO;0;107487;HUMBOLDT COLEGIO;Alemanha;36
PRIVADA;SUL 3;SOCORRO;SAO PAULO;0;107487;HUMBOLDT COLEGIO;Argentina;2
PRIVADA;SUL 3;SOCORRO;SAO PAULO;0;107487;HUMBOLDT COLEGIO;Áustria;2
PRIVADA;SUL 3;SOCORRO;SAO PAULO;0;107487;HUMBOLDT COLEGIO;Canadá;1
PRIVADA;SUL 3;SOCORRO;SAO PAULO;0;107487;HUMBOLDT COLEGIO;Costa Rica;2
PRIVADA;SUL 3;SOCORRO;SAO PAULO;0;107487;HUMBOLDT COLEGIO;Estados Unidos da América;3
PRIVADA;SUL 3;SOCORRO;SAO PAULO;0;107487;HUMBOLDT COLEGIO;Estónia;1
PRIVADA;SUL 3;SOCORRO;SAO PAULO;0;107487;HUMBOLDT COLEGIO;Guatemala;2
PRIVADA;SUL 3;SOCORRO;SAO PAULO;0;107487;HUMBOLDT COLEGIO;Hong Kong;1
PRIVADA;SUL 3;SOCORRO;SAO PAULO;0;107487;HUMBOLDT COLEGIO;México;2
PRIVADA;SUL 3;SOCORRO;SAO PAULO;0;107487;HUMBOLDT COLEGIO;Panamá;2
PRIVADA;SUL 3;SOCORRO;SAO PAULO;0;107487;HUMBOLDT COLEGIO;Peru;1
PRIVADA;SUL 3;SOCORRO;SAO PAULO;0;107487;HUMBOLDT COLEGIO;Portugal;1
PRIVADA;SUL 3;SOCORRO;SAO PAULO;0;351436;X EBENEZER COLEGIO;Moçambique;1
PRIVADA;SUL 3;SOCORRO;SAO PAULO;0;808593;SANTA CLARA DE ASSIS COLEGIO;Portugal;1
PRIVADA;SUMARE;HORTOLANDIA;HORTOLANDIA;0;121447;CLEMENTE PAVAN COLEGIO;Japão;1
PRIVADA;SUMARE;HORTOLANDIA;HORTOLANDIA;0;144548;INOVACAO ESCOLA EDUCACAO INFANTIL FUNDAMENTAL E MEDIO;Angola;1
PRIVADA;SUMARE;HORTOLANDIA;HORTOLANDIA;0;144548;INOVACAO ESCOLA EDUCACAO INFANTIL FUNDAMENTAL E MEDIO;China;1
PRIVADA;SUMARE;HORTOLANDIA;HORTOLANDIA;0;144548;INOVACAO ESCOLA EDUCACAO INFANTIL FUNDAMENTAL E MEDIO;Estados Unidos da América;1
PRIVADA;SUMARE;HORTOLANDIA;HORTOLANDIA;0;144548;INOVACAO ESCOLA EDUCACAO INFANTIL FUNDAMENTAL E MEDIO;Japão;1
PRIVADA;SUMARE;HORTOLANDIA;HORTOLANDIA;0;192454;PECTRUS COLEGIO;Japão;2
PRIVADA;SUMARE;HORTOLANDIA;HORTOLANDIA;0;260964;ETEP ESCOLA TECNICA DE ENSINO PROFISSIONALIZANTE;Angola;1
PRIVADA;SUMARE;HORTOLANDIA;HORTOLANDIA;0;379852;COLEGIO TRILHA DAS LETRAS;Japão;2
PRIVADA;SUMARE;HORTOLANDIA;HORTOLANDIA;0;470235;CARAMELO COLEGIO;Estados Unidos da América;1
PRIVADA;SUMARE;HORTOLANDIA;HORTOLANDIA;0;470235;CARAMELO COLEGIO;Japão;1
PRIVADA;SUMARE;HORTOLANDIA;HORTOLANDIA;0;563158;ESCOLA ESATEC EDUCACIONAL – UNIDADE HORTOLANDIA;Angola;1
PRIVADA;SUMARE;HORTOLANDIA;HORTOLANDIA;0;568028;ALTERNATIVO COLEGIO;Estados Unidos da América;2
PRIVADA;SUMARE;HORTOLANDIA;HORTOLANDIA;14;466682;SESI 437 CENTRO EDUCACIONAL;Estados Unidos da América;1
PRIVADA;SUMARE;HORTOLANDIA;HORTOLANDIA;40;112252;COLEGIO ADVENTISTA UNASP  UNIDADE HORTOLANDIA;Angola;2
PRIVADA;SUMARE;HORTOLANDIA;HORTOLANDIA;40;112252;COLEGIO ADVENTISTA UNASP  UNIDADE HORTOLANDIA;Argentina;4
PRIVADA;SUMARE;HORTOLANDIA;HORTOLANDIA;40;112252;COLEGIO ADVENTISTA UNASP  UNIDADE HORTOLANDIA;Bolívia;2
PRIVADA;SUMARE;HORTOLANDIA;HORTOLANDIA;40;112252;COLEGIO ADVENTISTA UNASP  UNIDADE HORTOLANDIA;Espanha;1
PRIVADA;SUMARE;HORTOLANDIA;HORTOLANDIA;40;112252;COLEGIO ADVENTISTA UNASP  UNIDADE HORTOLANDIA;Estados Unidos da América;5
PRIVADA;SUMARE;HORTOLANDIA;HORTOLANDIA;40;112252;COLEGIO ADVENTISTA UNASP  UNIDADE HORTOLANDIA;Japão;1
PRIVADA;SUMARE;HORTOLANDIA;HORTOLANDIA;40;112252;COLEGIO ADVENTISTA UNASP  UNIDADE HORTOLANDIA;Peru;1
PRIVADA;SUMARE;HORTOLANDIA;HORTOLANDIA;40;112252;COLEGIO ADVENTISTA UNASP  UNIDADE HORTOLANDIA;Reino Unido da Grã-Bretanha e Irlanda do Norte;1
PRIVADA;SUMARE;HORTOLANDIA;HORTOLANDIA;48;134314;ADVENTISTA DE HORTOLANDIA COLEGIO;Cuba;1
PRIVADA;SUMARE;HORTOLANDIA;HORTOLANDIA;48;134314;ADVENTISTA DE HORTOLANDIA COLEGIO;Peru;1
PRIVADA;SUMARE;PAULINIA;PAULINIA;0;5175;ESCOLA DE EDUCACAO INFANTIL ANGELUS;Haiti;1
PRIVADA;SUMARE;PAULINIA;PAULINIA;0;5656;COLEGIO METROPOLITAN PAULINENSE;Alemanha;1
PRIVADA;SUMARE;PAULINIA;PAULINIA;0;5656;COLEGIO METROPOLITAN PAULINENSE;Japão;1
PRIVADA;SUMARE;PAULINIA;PAULINIA;0;6561;ESCOLA PEQUENO APRENDIZ  II;Bélgica;1
PRIVADA;SUMARE;PAULINIA;PAULINIA;0;6572;COLEGIO PAULINIA;Espanha;1
PRIVADA;SUMARE;PAULINIA;PAULINIA;0;6589;ESCOLA INFANTIL GENTE MIUDA;Chile;1
PRIVADA;SUMARE;PAULINIA;PAULINIA;0;6940;BALOW BERCARIO  ESCOLA;Haiti;1
PRIVADA;SUMARE;PAULINIA;PAULINIA;0;151993;COSMOS DE PAULINIA COLEGIO;Estados Unidos da América;2
PRIVADA;SUMARE;PAULINIA;PAULINIA;0;151993;COSMOS DE PAULINIA COLEGIO;Paraguai;2
PRIVADA;SUMARE;PAULINIA;PAULINIA;0;151993;COSMOS DE PAULINIA COLEGIO;Peru;1
PRIVADA;SUMARE;PAULINIA;PAULINIA;0;165049;PAULO FREIRE COLEGIO;México;1
PRIVADA;SUMARE;PAULINIA;PAULINIA;0;165049;PAULO FREIRE COLEGIO;Portugal;1
PRIVADA;SUMARE;PAULINIA;PAULINIA;0;195066;MEU COLEGIO;Japão;1
PRIVADA;SUMARE;PAULINIA;PAULINIA;0;441648;INTEGRAL COLEGIO ESCOLA DE EDUCACAO BASICA UNDADE PAULINIA;Estados Unidos da América;1
PRIVADA;SUMARE;PAULINIA;PAULINIA;0;441648;INTEGRAL COLEGIO ESCOLA DE EDUCACAO BASICA UNDADE PAULINIA;Itália;1
PRIVADA;SUMARE;PAULINIA;PAULINIA;0;441648;INTEGRAL COLEGIO ESCOLA DE EDUCACAO BASICA UNDADE PAULINIA;Japão;1
PRIVADA;SUMARE;PAULINIA;PAULINIA;0;470181;PAULO FREIRE UNIDADE II COLEGIO;Alemanha;2
PRIVADA;SUMARE;PAULINIA;PAULINIA;0;471756;BALAO MAGICO ESCOLA DE EDUCACAO INFANTIL;Haiti;1
PRIVADA;SUMARE;PAULINIA;PAULINIA;0;479366;LUZ ESCOLA DE ENSINO FUNDAMENTAL;Japão;1
PRIVADA;SUMARE;PAULINIA;PAULINIA;0;805087;LUMEN VERBI INSTITUTO DE EDUCACAO E CULTURA;Bélgica;1
PRIVADA;SUMARE;PAULINIA;PAULINIA;0;805087;LUMEN VERBI INSTITUTO DE EDUCACAO E CULTURA;Israel;1
PRIVADA;SUMARE;PAULINIA;PAULINIA;40;158446;ADVENTISTA DE PAULINIA COLEGIO;Japão;1
PRIVADA;SUMARE;SUMARE;SUMARE;0;154258;INTEGRADA EDUCATIVA ESCOLA;Estados Unidos da América;1
PRIVADA;SUMARE;SUMARE;SUMARE;0;154258;INTEGRADA EDUCATIVA ESCOLA;Portugal;1
PRIVADA;SUMARE;SUMARE;SUMARE;0;496947;SONHO MAGICO UNIDADE II ESCOLA DE EDUCACAO INFANTIL;Haiti;1
PRIVADA;SUMARE;SUMARE;SUMARE;14;112227;SESI 341 CENTRO EDUCACIONAL;Estados Unidos da América;1
PRIVADA;SUMARE;SUMARE;SUMARE;48;4242;WHALE BILINGUAL SCHOOL ESCOLA DE EDUCACAO INFANTIL E FUNDAMENTAL;Índia;1
PRIVADA;SUMARE;SUMARE;SUMARE;48;444273;AQUARELA ESCOLA DE EDUCACAO INFANTIL;Haiti;1
PRIVADA;SUMARE;SUMARE;SUMARE;48;499535;COLEGIO ALMAK – EDUCACAO INFANTIL E ENSINO FUNDAMENTAL;Japão;1
PRIVADA;SUMARE;SUMARE;SUMARE;48;580417;CENTRO EDUCACIONAL GENTE MIUDA UNIDADE II;Uruguai;1
PRIVADA;SUZANO;FERRAZ DE VASCONCELOS;FERRAZ DE VASCONCELOS;0;139610;NUCLEO EDUCACIONAL FERRAZENSE;Mongólia;1
PRIVADA;SUZANO;FERRAZ DE VASCONCELOS;FERRAZ DE VASCONCELOS;0;159359;ANDRADE INSTITUTO EDUCACIONAL;China;1
PRIVADA;SUZANO;FERRAZ DE VASCONCELOS;FERRAZ DE VASCONCELOS;14;108397;SESI 240 CENTRO EDUCACIONAL;Japão;2
PRIVADA;SUZANO;FERRAZ DE VASCONCELOS;FERRAZ DE VASCONCELOS;40;126640;LUTERANO INSTITUTO EDUCACIONAL;Síria;1
PRIVADA;SUZANO;SUZANO;SUZANO;0;119593;COLEGIO SUZANO;Chile;2
PRIVADA;SUZANO;SUZANO;SUZANO;0;119593;COLEGIO SUZANO;Japão;1
PRIVADA;SUZANO;SUZANO;SUZANO;0;121563;DIOCESANO PAULO VI COLEGIO;Portugal;1
PRIVADA;SUZANO;SUZANO;SUZANO;0;130597;CETES COLEGIO;China;1
PRIVADA;SUZANO;SUZANO;SUZANO;0;151774;LUMBINI COLEGIO INTEGRADO;Argentina;1
PRIVADA;SUZANO;SUZANO;SUZANO;0;151798;UNISUZ COLEGIO;China;1
PRIVADA;SUZANO;SUZANO;SUZANO;0;151798;UNISUZ COLEGIO;Estados Unidos da América;4
PRIVADA;SUZANO;SUZANO;SUZANO;0;185061;CETES CENTRO EDUCACIONAL TECNICO SUZANENSE;China;1
PRIVADA;SUZANO;SUZANO;SUZANO;0;262717;LOPES CENTRO DE ESTUDOS DE SAUDE;China;1
PRIVADA;SUZANO;SUZANO;SUZANO;0;262717;LOPES CENTRO DE ESTUDOS DE SAUDE;Japão;1
PRIVADA;SUZANO;SUZANO;SUZANO;0;286461;NIPO BRASILEIRA DE SUZANO CENTRO EDUCACIONAL;Japão;1
PRIVADA;SUZANO;SUZANO;SUZANO;0;564370;CETES EDUCACAO INFANTIL COLEGIO;Bolívia;1
PRIVADA;SUZANO;SUZANO;SUZANO;0;586663;COLEGIO CRISTAO KAIROS;Nigéria;1
PRIVADA;SUZANO;SUZANO;SUZANO;0;586663;COLEGIO CRISTAO KAIROS;Portugal;1
PRIVADA;SUZANO;SUZANO;SUZANO;0;802360;OBJETIVO SUZANO UNIDADE DE ENSINO MEDIO COLEGIO;Portugal;1
PRIVADA;TABOAO DA SERRA;EMBU DAS ARTES;EMBU DAS ARTES;0;141148;A CHAVE DO SABER ESCOLA;Argentina;1
PRIVADA;TABOAO DA SERRA;EMBU DAS ARTES;EMBU DAS ARTES;0;153953;IEDA PICON INSTITUTO;Estados Unidos da América;1
PRIVADA;TABOAO DA SERRA;EMBU DAS ARTES;EMBU DAS ARTES;0;176655;BETEL ASSOCIACAO EVANGELICA;Chile;1
PRIVADA;TABOAO DA SERRA;EMBU DAS ARTES;EMBU DAS ARTES;0;188612;CURUMIM CENTRO EDUCACIONAL ESCOLA;Colômbia;1
PRIVADA;TABOAO DA SERRA;EMBU DAS ARTES;EMBU DAS ARTES;0;196685;NOVA ARCA NUCLEO EDUCACIONAL;Bolívia;1
PRIVADA;TABOAO DA SERRA;EMBU DAS ARTES;EMBU DAS ARTES;0;196685;NOVA ARCA NUCLEO EDUCACIONAL;Venezuela;1
PRIVADA;TABOAO DA SERRA;EMBU DAS ARTES;EMBU DAS ARTES;0;197026;ARAUTOS DO EVANGELHO INTERNACIONAL COLEGIO;Canadá;4
PRIVADA;TABOAO DA SERRA;EMBU DAS ARTES;EMBU DAS ARTES;0;197026;ARAUTOS DO EVANGELHO INTERNACIONAL COLEGIO;Chile;1
PRIVADA;TABOAO DA SERRA;EMBU DAS ARTES;EMBU DAS ARTES;0;197026;ARAUTOS DO EVANGELHO INTERNACIONAL COLEGIO;Colômbia;2
PRIVADA;TABOAO DA SERRA;EMBU DAS ARTES;EMBU DAS ARTES;0;197026;ARAUTOS DO EVANGELHO INTERNACIONAL COLEGIO;Dominicana, República;1
PRIVADA;TABOAO DA SERRA;EMBU DAS ARTES;EMBU DAS ARTES;0;197026;ARAUTOS DO EVANGELHO INTERNACIONAL COLEGIO;El Salvador;2
PRIVADA;TABOAO DA SERRA;EMBU DAS ARTES;EMBU DAS ARTES;0;197026;ARAUTOS DO EVANGELHO INTERNACIONAL COLEGIO;Espanha;2
PRIVADA;TABOAO DA SERRA;EMBU DAS ARTES;EMBU DAS ARTES;0;197026;ARAUTOS DO EVANGELHO INTERNACIONAL COLEGIO;Peru;1
PRIVADA;TABOAO DA SERRA;EMBU DAS ARTES;EMBU DAS ARTES;0;197026;ARAUTOS DO EVANGELHO INTERNACIONAL COLEGIO;Portugal;1
PRIVADA;TABOAO DA SERRA;EMBU DAS ARTES;EMBU DAS ARTES;0;197048;ADVENTISTA DE EMBU DAS ARTES COLEGIO;Cuba;1
PRIVADA;TABOAO DA SERRA;EMBU DAS ARTES;EMBU DAS ARTES;0;197048;ADVENTISTA DE EMBU DAS ARTES COLEGIO;Estados Unidos da América;1
PRIVADA;TABOAO DA SERRA;EMBU DAS ARTES;EMBU DAS ARTES;0;469373;WALDORF GUAYI ESCOLA;Colômbia;2
PRIVADA;TABOAO DA SERRA;EMBU DAS ARTES;EMBU DAS ARTES;0;469373;WALDORF GUAYI ESCOLA;Japão;1
PRIVADA;TABOAO DA SERRA;EMBU DAS ARTES;EMBU DAS ARTES;0;808842;PROGRESSO COLEGIO NUCLEO DESENVOLVIMENTO INFAN E FUNDAMENTAL;Japão;1
PRIVADA;TABOAO DA SERRA;TABOAO DA SERRA;TABOAO DA SERRA;0;118722;SAO LUCAS COLEGIO;Japão;1
PRIVADA;TABOAO DA SERRA;TABOAO DA SERRA;TABOAO DA SERRA;0;119714;JOSE STRAVATI COLEGIO;Nigéria;1
PRIVADA;TABOAO DA SERRA;TABOAO DA SERRA;TABOAO DA SERRA;0;144034;GIBRAN KHALIL GIBRAN COLEGIO;Estados Unidos da América;2
PRIVADA;TABOAO DA SERRA;TABOAO DA SERRA;TABOAO DA SERRA;0;144034;GIBRAN KHALIL GIBRAN COLEGIO;Japão;1
PRIVADA;TABOAO DA SERRA;TABOAO DA SERRA;TABOAO DA SERRA;0;153977;MINNEAPOLIS ESCOLA DE EDUCACAO;Argentina;1
PRIVADA;TABOAO DA SERRA;TABOAO DA SERRA;TABOAO DA SERRA;0;154003;TALLES DE MILETO COLEGIO;Chile;1
PRIVADA;TABOAO DA SERRA;TABOAO DA SERRA;TABOAO DA SERRA;0;161895;DOM PEDRO COLEGIO;Alemanha;1
PRIVADA;TABOAO DA SERRA;TABOAO DA SERRA;TABOAO DA SERRA;0;161913;CETS COLEGIO;Reino Unido da Grã-Bretanha e Irlanda do Norte;2
PRIVADA;TABOAO DA SERRA;TABOAO DA SERRA;TABOAO DA SERRA;0;269219;VITAL BRASIL ESCOLA DE FORMACAO PROFISSIONAL;Porto Rico;1
PRIVADA;TABOAO DA SERRA;TABOAO DA SERRA;TABOAO DA SERRA;0;290403;PORTO DELFORTH ESCOLA;Egipto;1
PRIVADA;TABOAO DA SERRA;TABOAO DA SERRA;TABOAO DA SERRA;12;563390;SENAC TABOAO DA SERRA;Bolívia;1
PRIVADA;TABOAO DA SERRA;TABOAO DA SERRA;TABOAO DA SERRA;12;563390;SENAC TABOAO DA SERRA;Haiti;1
PRIVADA;TABOAO DA SERRA;TABOAO DA SERRA;TABOAO DA SERRA;40;124862;ADVENTISTA DE TABOAO DA SERRA COLEGIO;Argentina;1
PRIVADA;TABOAO DA SERRA;TABOAO DA SERRA;TABOAO DA SERRA;40;124862;ADVENTISTA DE TABOAO DA SERRA COLEGIO;Estados Unidos da América;1
PRIVADA;TABOAO DA SERRA;TABOAO DA SERRA;TABOAO DA SERRA;40;124862;ADVENTISTA DE TABOAO DA SERRA COLEGIO;Japão;1
PRIVADA;TABOAO DA SERRA;TABOAO DA SERRA;TABOAO DA SERRA;40;124862;ADVENTISTA DE TABOAO DA SERRA COLEGIO;Paraguai;2
PRIVADA;TABOAO DA SERRA;TABOAO DA SERRA;TABOAO DA SERRA;48;366055;SOLAR DOS UNIDOS PROGRAMA DE ATENDIMENTO A CRIANCA;Venezuela;1
PRIVADA;TABOAO DA SERRA;TABOAO DA SERRA;TABOAO DA SERRA;48;449544;SAO PEDRO APOSTOLO II PAC;Peru;1
PRIVADA;TAQUARITINGA;ITAPOLIS;ITAPOLIS;0;159505;EDUCARE DE ITAPOLIS COLEGIO;Chile;2
PRIVADA;TAQUARITINGA;ITAPOLIS;ITAPOLIS;0;159505;EDUCARE DE ITAPOLIS COLEGIO;Japão;1
PRIVADA;TAQUARITINGA;TAQUARITINGA;TAQUARITINGA;0;115400;AIMONE SALERNO DR COLEGIO;Estados Unidos da América;1
PRIVADA;TAUBATE;CACAPAVA;CACAPAVA;0;111119;ASSOCIACAO EDUCACIONAL DE CACAPAVA;China;1
PRIVADA;TAUBATE;CACAPAVA;CACAPAVA;0;196848;RISCO MAGICO NUCLEO EDUCACIONAL;Portugal;1
PRIVADA;TAUBATE;CACAPAVA;CACAPAVA;0;449441;TABLEAU COLEGIO;Alemanha;1
PRIVADA;TAUBATE;TAUBATE;TAUBATE;0;4309;MAPLE BEAR TAUBATE;Estados Unidos da América;1
PRIVADA;TAUBATE;TAUBATE;TAUBATE;0;4309;MAPLE BEAR TAUBATE;França;1
PRIVADA;TAUBATE;TAUBATE;TAUBATE;0;7229;ANGELICA DE PAULA SILVA;Estados Unidos da América;1
PRIVADA;TAUBATE;TAUBATE;TAUBATE;0;111223;ALICE NADER ZARZUR ESCOLA EDUCACAO INFANTIL PG;Colômbia;1
PRIVADA;TAUBATE;TAUBATE;TAUBATE;0;111223;ALICE NADER ZARZUR ESCOLA EDUCACAO INFANTIL PG;Venezuela;1
PRIVADA;TAUBATE;TAUBATE;TAUBATE;0;111235;SAO LUIS ESCOLA EDUCACAO INFANTIL ENSINO FUNDAMENTAL E MEDIO;Estados Unidos da América;2
PRIVADA;TAUBATE;TAUBATE;TAUBATE;0;111235;SAO LUIS ESCOLA EDUCACAO INFANTIL ENSINO FUNDAMENTAL E MEDIO;Japão;3
PRIVADA;TAUBATE;TAUBATE;TAUBATE;0;111235;SAO LUIS ESCOLA EDUCACAO INFANTIL ENSINO FUNDAMENTAL E MEDIO;Portugal;2
PRIVADA;TAUBATE;TAUBATE;TAUBATE;0;111247;SANTO ANTONIO INSTITUTO DE ENSINO;Índia;1
PRIVADA;TAUBATE;TAUBATE;TAUBATE;0;111247;SANTO ANTONIO INSTITUTO DE ENSINO;Japão;1
PRIVADA;TAUBATE;TAUBATE;TAUBATE;0;111247;SANTO ANTONIO INSTITUTO DE ENSINO;Síria;2
PRIVADA;TAUBATE;TAUBATE;TAUBATE;0;111302;JARDIM DAS NACOES ESCOLA UNIDADE I;Estados Unidos da América;1
PRIVADA;TAUBATE;TAUBATE;TAUBATE;0;111338;ESPACO MAGICO INTEGRADO COLEGIO;Panamá;1
PRIVADA;TAUBATE;TAUBATE;TAUBATE;0;111363;COTET COLEGIO TECNICO DE TAUBATE;Moçambique;1
PRIVADA;TAUBATE;TAUBATE;TAUBATE;0;111375;EDUCANDARIO MADRE PAULINA;Paraguai;1
PRIVADA;TAUBATE;TAUBATE;TAUBATE;0;111375;EDUCANDARIO MADRE PAULINA;Reino Unido da Grã-Bretanha e Irlanda do Norte;1
PRIVADA;TAUBATE;TAUBATE;TAUBATE;0;118564;CASSIANO RICARDO COLEGIO;Reino Unido da Grã-Bretanha e Irlanda do Norte;3
PRIVADA;TAUBATE;TAUBATE;TAUBATE;0;135641;HENRIQUETA VIALTA SAAD EEI EF E MEDIO;Estados Unidos da América;1
PRIVADA;TAUBATE;TAUBATE;TAUBATE;0;140995;OBJETIVO JUNIOR COLEGIO;Estados Unidos da América;1
PRIVADA;TAUBATE;TAUBATE;TAUBATE;0;143297;BASIC COLEGIO;Japão;1
PRIVADA;TAUBATE;TAUBATE;TAUBATE;0;151282;JARDIM DAS NACOES COLEGIO;Coreia do Sul;1
PRIVADA;TAUBATE;TAUBATE;TAUBATE;0;168373;TABLEAU COLEGIO;Cuba;1
PRIVADA;TAUBATE;TAUBATE;TAUBATE;0;168373;TABLEAU COLEGIO;Japão;2
PRIVADA;TAUBATE;TAUBATE;TAUBATE;0;168373;TABLEAU COLEGIO;Panamá;1
PRIVADA;TAUBATE;TAUBATE;TAUBATE;0;187835;PROGRESSAO COLEGIO;Argentina;1
PRIVADA;TAUBATE;TAUBATE;TAUBATE;0;495414;MAX COLEGIO;Chile;1
PRIVADA;TAUBATE;TAUBATE;TAUBATE;0;803406;MODELO ESCOLA DE EDUCACAO INFANTIL;Estados Unidos da América;1
PRIVADA;TUPA;BASTOS;BASTOS;0;186600;SAO JOSE DE BASTOS ESCOLA;Japão;1
PRIVADA;TUPA;RANCHARIA;RANCHARIA;0;118333;CRIATIVO DE RANCHARIA COLEGIO;Estados Unidos da América;1
PRIVADA;TUPA;RANCHARIA;RANCHARIA;0;118333;CRIATIVO DE RANCHARIA COLEGIO;Japão;2
PRIVADA;TUPA;TUPA;TUPA;0;186594;SELETIVO ESCOLA DE ENSINO FUNDAMENTAL;China;1
PRIVADA;TUPA;TUPA;TUPA;0;299650;SAO PEDRO CENTRO EDUCACIONAL;Japão;1
PRIVADA;TUPA;TUPA;TUPA;40;125684;ADVENTISTA DE TUPA COLEGIO;Japão;1
PRIVADA;VOTORANTIM;ARACOIABA DA SERRA;ARACOIABA DA SERRA;0;160349;MAGNA VIDA ESCOLA;Cuba;1
PRIVADA;VOTORANTIM;ARACOIABA DA SERRA;ARACOIABA DA SERRA;0;160349;MAGNA VIDA ESCOLA;Japão;1
PRIVADA;VOTORANTIM;CAPELA DO ALTO;CAPELA DO ALTO;0;363960;CENTRO EDUCACIONAL CAPELA DO ALTO;Japão;1
PRIVADA;VOTORANTIM;PIEDADE;PIEDADE;0;152420;MONTEIRO LOBATO COLEGIO;Japão;1
PRIVADA;VOTORANTIM;PIEDADE;PIEDADE;0;152420;MONTEIRO LOBATO COLEGIO;Venezuela;3
PRIVADA;VOTORANTIM;PIEDADE;PIEDADE;0;800247;PIEDADE UNIDADE EDUCACIONAL DE ENSINO INTEGRAL;Japão;2
PRIVADA;VOTORANTIM;PILAR DO SUL;PILAR DO SUL;0;4885;ESCOLA KONECT  CENTRO DE FORMACAO PROFISSIONAL;México;1
PRIVADA;VOTORANTIM;PILAR DO SUL;PILAR DO SUL;0;155755;ALPHA INSTITUTO EDUCACIONAL;Estados Unidos da América;1
PRIVADA;VOTORANTIM;PILAR DO SUL;PILAR DO SUL;0;155755;ALPHA INSTITUTO EDUCACIONAL;Itália;1
PRIVADA;VOTORANTIM;PILAR DO SUL;PILAR DO SUL;0;313683;OBJETIVO PILAR DO SUL COLEGIO;Países Baixos (Holanda);1
PRIVADA;VOTORANTIM;SALTO DE PIRAPORA;SALTO DE PIRAPORA;0;155767;ANGLO SALTO DE PIRAPORA;Japão;2
PRIVADA;VOTORANTIM;SALTO DE PIRAPORA;SALTO DE PIRAPORA;0;288640;MULTIPLA ESCOLHA COLEGIO;Chile;1
PRIVADA;VOTORANTIM;VOTORANTIM;VOTORANTIM;0;143443;ANTENOR THOMAZI COLEGIO CRISTAO;Japão;1
PRIVADA;VOTORANTIM;VOTORANTIM;VOTORANTIM;0;143443;ANTENOR THOMAZI COLEGIO CRISTAO;Paraguai;1
PRIVADA;VOTORANTIM;VOTORANTIM;VOTORANTIM;0;431485;PASSAROS CENTRO EDUCACIONAL;Reino Unido da Grã-Bretanha e Irlanda do Norte;1
PRIVADA;VOTORANTIM;VOTORANTIM;VOTORANTIM;0;567863;MONACO COLEGIO;Austrália;1
PRIVADA;VOTORANTIM;VOTORANTIM;VOTORANTIM;0;567863;MONACO COLEGIO;Japão;1
PRIVADA;VOTORANTIM;VOTORANTIM;VOTORANTIM;0;802281;BELA ALVORADA COLEGIO;Itália;1
PRIVADA;VOTORANTIM;VOTORANTIM;VOTORANTIM;14;111880;SESI 023 CENTRO EDUCACIONAL;Espanha;1
PRIVADA;VOTORANTIM;VOTORANTIM;VOTORANTIM;14;111880;SESI 023 CENTRO EDUCACIONAL;Japão;1
PRIVADA;VOTORANTIM;VOTORANTIM;VOTORANTIM;14;111880;SESI 023 CENTRO EDUCACIONAL;Portugal;2
PRIVADA;VOTUPORANGA;NHANDEARA;NHANDEARA;0;143972;PRE UNIVERSITARIO DE NHANDEARA COLEGIO;Estados Unidos da América;1
PRIVADA;VOTUPORANGA;VOTUPORANGA;VOTUPORANGA;0;116497;ADVENTISTA DE VOTUPORANGA COLEGIO;Japão;3
PRIVADA;VOTUPORANGA;VOTUPORANGA;VOTUPORANGA;0;116506;VOTUPORANGUENSE DE ENSINO ESCOLA;Japão;1
PRIVADA;VOTUPORANGA;VOTUPORANGA;VOTUPORANGA;0;123389;DINAMICA ESCOLA EDUCACAO BASICA DE VOTUPORANGA;Bolívia;1
PRIVADA;VOTUPORANGA;VOTUPORANGA;VOTUPORANGA;40;269001;IRMA ELVIRA CENTRO DE EDUCACAO INFANTIL;Venezuela;1
PRIVADA;VOTUPORANGA;VOTUPORANGA;VOTUPORANGA;57;116488;COLEGIO COMERCIAL DE VOTUPORANGA;Colômbia;1
